0 0.36899038 0.10576923 0.02704327 0.03786058
0 0.43269231 0.22115385 0.03004808 0.04326923
0 0.41826923 0.42187500 0.05048077 0.05829327
0 0.41346154 0.34495192 0.02343750 0.05228365
0 0.37259615 0.26562500 0.04266827 0.08233173
0 0.28725962 0.39182692 0.02343750 0.03125000
0 0.26322115 0.43149038 0.03906250 0.04387019
0 0.25721154 0.39423077 0.02403846 0.03485577
0 0.25240385 0.23557692 0.03305288 0.05829327
0 0.24038462 0.27043269 0.02824519 0.03906250
0 0.12860577 0.21875000 0.02463942 0.04086538
0 0.20072115 0.28485577 0.02824519 0.06009615
0 0.13701923 0.29206731 0.02463942 0.03545673
0 0.98798077 0.43389423 0.02403846 0.06009615
0 0.98798077 0.24519231 0.02403846 0.03846154
0 0.99519231 0.19110577 0.00961538 0.03125000
0 0.94350962 0.13701923 0.02463942 0.04927885
0 0.95432692 0.11298077 0.02463942 0.03545673
0 0.98557692 0.01201923 0.02884615 0.02403846
0 0.91947115 0.01081731 0.02163462 0.02163462
0 0.89903846 0.03605769 0.01983173 0.04326923
0 0.80288462 0.04447115 0.02463942 0.03545673
0 0.83293269 0.05288462 0.03365385 0.04086538
0 0.75480769 0.13581731 0.01923077 0.04086538
0 0.74278846 0.02524038 0.02403846 0.03665865
0 0.72235577 0.10937500 0.02343750 0.03545673
0 0.77043269 0.03725962 0.03125000 0.02944712
0 0.54807692 0.02283654 0.01923077 0.03125000
0 0.76682692 0.21754808 0.02463942 0.04206731
0 0.77043269 0.26442308 0.02704327 0.03425481
