0 0.51322115 0.11538462 0.03004808 0.04507212
0 0.18629808 0.00600962 0.01682692 0.01201923
0 0.24038462 0.05649038 0.04206731 0.07992788
0 0.33293269 0.05048077 0.02524038 0.03245192
0 0.08052885 0.06610577 0.02524038 0.04146635
0 0.17067308 0.19831731 0.03125000 0.03846154
0 0.22956731 0.28966346 0.02824519 0.03966346
0 0.38221154 0.36899038 0.02524038 0.04086538
0 0.38100962 0.45793269 0.02043269 0.03545673
0 0.35697115 0.44110577 0.02764423 0.04987981
0 0.21875000 0.46754808 0.04567308 0.04747596
0 0.21274038 0.39903846 0.02163462 0.04747596
0 0.17788462 0.34014423 0.02944712 0.08173077
0 0.09495192 0.44110577 0.02343750 0.03004808
0 0.07091346 0.47836538 0.03125000 0.03485577
0 0.06730769 0.44471154 0.02343750 0.03365385
0 0.06610577 0.29807692 0.04507212 0.06550481
0 0.06129808 0.33293269 0.02824519 0.03966346
0 0.00841346 0.33653846 0.01682692 0.05288462
0 0.78966346 0.05408654 0.03425481 0.06069712
0 0.75600962 0.15264423 0.02043269 0.03665865
0 0.82572115 0.18750000 0.02343750 0.04026442
0 0.31730769 0.97235577 0.04507212 0.05408654
0 0.32451923 0.89543269 0.03786058 0.05108173
0 0.68629808 0.80048077 0.03004808 0.04146635
0 0.71153846 0.72235577 0.02764423 0.02644231
