0 0.59375000 0.22235577 0.01442308 0.03185096
0 0.57932692 0.22956731 0.01983173 0.02223558
0 0.51802885 0.17067308 0.02403846 0.04266827
0 0.46394231 0.01802885 0.03365385 0.03605769
0 0.10456731 0.00360577 0.02163462 0.00721154
0 0.19110577 0.05649038 0.01862981 0.03365385
0 0.16466346 0.00841346 0.02163462 0.01682692
0 0.19831731 0.00600962 0.02163462 0.01201923
0 0.21394231 0.03125000 0.02944712 0.05288462
0 0.24399038 0.02403846 0.03125000 0.04807692
0 0.24399038 0.10937500 0.04567308 0.08112981
0 0.33533654 0.10576923 0.02403846 0.03365385
0 0.08293269 0.12139423 0.02403846 0.04026442
0 0.17187500 0.26562500 0.02704327 0.03665865
0 0.23677885 0.34375000 0.02944712 0.04026442
0 0.39423077 0.42908654 0.02343750 0.03665865
0 0.54447115 0.46754808 0.01923077 0.02403846
0 0.56009615 0.48677885 0.01923077 0.03665865
0 0.38461538 0.51802885 0.02283654 0.03665865
0 0.36298077 0.50120192 0.03185096 0.05108173
0 0.22115385 0.52884615 0.04326923 0.04387019
0 0.21995192 0.45432692 0.02343750 0.05228365
0 0.18389423 0.40865385 0.03786058 0.08353365
0 0.09615385 0.50120192 0.01983173 0.03064904
0 0.07331731 0.53966346 0.03545673 0.03906250
0 0.06850962 0.50360577 0.02764423 0.03665865
0 0.06730769 0.35336538 0.03906250 0.06310096
0 0.06850962 0.38701923 0.02644231 0.03906250
0 0.00240385 0.39062500 0.00480769 0.04567308
0 0.12379808 0.89062500 0.02103365 0.04447115
0 0.29687500 0.87139423 0.02343750 0.02764423
0 0.82451923 0.58894231 0.01923077 0.01923077
