0 0.00841346 0.18990385 0.01682692 0.02403846
0 0.07451923 0.12740385 0.02824519 0.04447115
0 0.41466346 0.00961538 0.02163462 0.01923077
0 0.35937500 0.06370192 0.04867788 0.08533654
0 0.26322115 0.05889423 0.02944712 0.03605769
0 0.43389423 0.21754808 0.02884615 0.03846154
0 0.37019231 0.31009615 0.02644231 0.03846154
0 0.20793269 0.37500000 0.02644231 0.00961538
0 0.42548077 0.34975962 0.03365385 0.06009615
0 0.76562500 0.22475962 0.04206731 0.07572115
0 0.75000000 0.03245192 0.01802885 0.03185096
0 0.75600962 0.04086538 0.01262019 0.02944712
0 0.74158654 0.02043269 0.01923077 0.03545673
0 0.95913462 0.01322115 0.02403846 0.02644231
0 0.80649038 0.23317308 0.02223558 0.02884615
0 0.68389423 0.18870192 0.02103365 0.03125000
0 0.62860577 0.80649038 0.03485577 0.05528846
