0 0.84495192 0.45192308 0.01442308 0.03125000
0 0.82932692 0.47355769 0.01923077 0.02163462
0 0.78004808 0.42908654 0.02524038 0.04086538
0 0.80528846 0.18629808 0.01682692 0.03004808
0 0.78966346 0.16586538 0.02163462 0.04206731
0 0.75961538 0.21153846 0.02043269 0.04567308
0 0.75480769 0.25961538 0.03605769 0.04687500
0 0.57932692 0.18028846 0.02043269 0.03245192
0 0.52884615 0.15504808 0.01682692 0.05649038
0 0.44350962 0.14062500 0.03004808 0.04567308
0 0.35096154 0.27163462 0.01682692 0.02644231
0 0.44350962 0.30048077 0.01682692 0.03245192
0 0.40625000 0.25600962 0.02043269 0.04326923
0 0.45192308 0.25600962 0.01923077 0.03245192
0 0.46514423 0.27884615 0.02403846 0.04687500
0 0.50240385 0.26081731 0.01442308 0.04567308
0 0.50240385 0.24038462 0.03245192 0.05649038
0 0.49519231 0.36538462 0.04086538 0.08413462
0 0.58173077 0.33413462 0.02403846 0.03125000
0 0.34014423 0.36778846 0.02403846 0.03846154
0 0.42668269 0.45673077 0.02403846 0.03125000
0 0.47956731 0.58173077 0.02644231 0.03846154
0 0.60697115 0.67307692 0.02403846 0.04086538
0 0.80048077 0.71995192 0.02043269 0.02403846
0 0.81129808 0.73798077 0.01923077 0.03725962
0 0.63942308 0.75360577 0.01923077 0.03485577
0 0.61057692 0.75360577 0.03605769 0.05168269
0 0.49639423 0.88461538 0.01923077 0.03846154
0 0.46033654 0.94951923 0.01682692 0.03725962
0 0.47475962 0.77163462 0.04326923 0.05168269
0 0.46274038 0.70913462 0.02043269 0.05048077
0 0.42908654 0.61538462 0.03004808 0.06971154
0 0.35096154 0.74038462 0.02163462 0.03125000
0 0.32692308 0.78004808 0.02764423 0.03245192
0 0.32692308 0.74038462 0.02163462 0.03245192
0 0.32572115 0.59495192 0.03004808 0.05288462
0 0.29086538 0.62620192 0.02403846 0.03485577
0 0.06610577 0.41105769 0.04326923 0.08894231
0 0.20673077 0.58653846 0.03485577 0.04206731
0 0.29086538 0.65144231 0.02403846 0.05528846
0 0.22475962 0.63701923 0.02524038 0.03245192
