0 0.22596154 0.06490385 0.02524038 0.03004808
0 0.33894231 0.14302885 0.05348558 0.06490385
0 0.40384615 0.22956731 0.02884615 0.04567308
0 0.29326923 0.30649038 0.02764423 0.05108173
0 0.23677885 0.35336538 0.02043269 0.04387019
0 0.29206731 0.22475962 0.02644231 0.04206731
0 0.20673077 0.02524038 0.04326923 0.05048077
0 0.17908654 0.20793269 0.03125000 0.04326923
0 0.16947115 0.16826923 0.03605769 0.05288462
0 0.15985577 0.02403846 0.03125000 0.04807692
0 0.10937500 0.01081731 0.02644231 0.02163462
0 0.06250000 0.02283654 0.04326923 0.04567308
0 0.17187500 0.07812500 0.03605769 0.04447115
0 0.07331731 0.05769231 0.03245192 0.04326923
0 0.15264423 0.24158654 0.05348558 0.08653846
0 0.24879808 0.11418269 0.05228365 0.07812500
0 0.97596154 0.22596154 0.01442308 0.03245192
0 0.90264423 0.52764423 0.02644231 0.03245192
