0 0.68750000 0.01322115 0.02884615 0.02644231
0 0.80048077 0.10576923 0.04867788 0.06069712
0 0.94831731 0.14663462 0.02644231 0.04507212
0 0.89543269 0.19711538 0.03125000 0.04387019
0 0.76442308 0.23918269 0.02824519 0.05228365
0 0.70552885 0.29206731 0.02463942 0.04747596
0 0.77884615 0.17668269 0.02463942 0.04507212
0 0.65865385 0.15865385 0.03004808 0.04086538
0 0.65024038 0.10697115 0.03665865 0.05468750
0 0.63822115 0.01081731 0.03125000 0.02163462
0 0.57812500 0.00841346 0.03605769 0.01682692
0 0.72355769 0.06009615 0.04086538 0.06310096
0 0.64302885 0.17668269 0.02584135 0.04326923
0 0.36177885 0.45432692 0.01201923 0.04326923
0 0.07812500 0.38942308 0.03125000 0.04326923
0 0.00841346 0.45552885 0.01682692 0.03125000
0 0.04807692 0.59375000 0.02524038 0.03605769
0 0.17908654 0.69591346 0.02403846 0.04326923
0 0.22475962 0.77524038 0.02043269 0.03605769
0 0.19230769 0.78125000 0.03605769 0.05168269
0 0.07451923 0.90504808 0.01923077 0.03605769
0 0.03605769 0.96514423 0.01682692 0.03966346
0 0.05168269 0.79567308 0.03004808 0.05408654
0 0.04206731 0.72115385 0.02163462 0.05168269
0 0.00961538 0.62379808 0.01923077 0.06490385
0 0.89543269 0.40384615 0.03004808 0.03966346
0 0.99038462 0.49278846 0.01923077 0.06250000
0 0.96514423 0.64182692 0.03064904 0.05348558
0 0.90985577 0.68870192 0.02103365 0.04567308
0 0.96754808 0.57331731 0.03064904 0.04326923
0 0.87139423 0.38461538 0.04567308 0.03365385
0 0.85456731 0.55528846 0.03245192 0.04387019
0 0.84615385 0.51201923 0.03846154 0.05528846
0 0.83533654 0.37980769 0.03605769 0.02403846
0 0.74639423 0.37740385 0.04567308 0.01923077
0 0.84134615 0.42668269 0.03125000 0.03665865
0 0.75600962 0.39783654 0.03125000 0.04326923
0 0.92187500 0.45432692 0.04447115 0.06610577
0 0.82331731 0.58774038 0.03846154 0.05528846
