0 0.85336538 0.44951923 0.01442308 0.03125000
0 0.83653846 0.47475962 0.01923077 0.02163462
0 0.78725962 0.43149038 0.02524038 0.04086538
0 0.81129808 0.18389423 0.01682692 0.03004808
0 0.79567308 0.16586538 0.02163462 0.04206731
0 0.76562500 0.21274038 0.02163462 0.04687500
0 0.76562500 0.26081731 0.03605769 0.04687500
0 0.58533654 0.18028846 0.02043269 0.03485577
0 0.52764423 0.16466346 0.01682692 0.05649038
0 0.45192308 0.14302885 0.03004808 0.04567308
0 0.35576923 0.27403846 0.01923077 0.02764423
0 0.44951923 0.30048077 0.01682692 0.03245192
0 0.41225962 0.25721154 0.02043269 0.04326923
0 0.45913462 0.25841346 0.01923077 0.03485577
0 0.47235577 0.28245192 0.02403846 0.04687500
0 0.50721154 0.26322115 0.01442308 0.04567308
0 0.50721154 0.24278846 0.03245192 0.05649038
0 0.50120192 0.36899038 0.03846154 0.08413462
0 0.58653846 0.33413462 0.02403846 0.03125000
0 0.34735577 0.36899038 0.02403846 0.03846154
0 0.43389423 0.45432692 0.02403846 0.03245192
0 0.48557692 0.58293269 0.02644231 0.03846154
0 0.61057692 0.67427885 0.02403846 0.04086538
0 0.80649038 0.71995192 0.02043269 0.02403846
0 0.81850962 0.73798077 0.01923077 0.03725962
0 0.64663462 0.75480769 0.01923077 0.03485577
0 0.61658654 0.75721154 0.03846154 0.05288462
0 0.50240385 0.88581731 0.01923077 0.03846154
0 0.46394231 0.94951923 0.01682692 0.03725962
0 0.48076923 0.77403846 0.04326923 0.05168269
0 0.46754808 0.71153846 0.02043269 0.05048077
0 0.43389423 0.61418269 0.02764423 0.06610577
0 0.35937500 0.74038462 0.02163462 0.03125000
0 0.33293269 0.78485577 0.02764423 0.03125000
0 0.33413462 0.73918269 0.02163462 0.03125000
0 0.33173077 0.59615385 0.03004808 0.05288462
0 0.29687500 0.62620192 0.02403846 0.03485577
0 0.07211538 0.41225962 0.04326923 0.08894231
0 0.21394231 0.59014423 0.03605769 0.04326923
0 0.29927885 0.64903846 0.02524038 0.05769231
0 0.23317308 0.63701923 0.02524038 0.03245192
