0 0.25360577 0.01322115 0.01682692 0.02644231
0 0.15985577 0.04567308 0.01983173 0.03425481
0 0.19471154 0.01081731 0.01923077 0.02163462
0 0.14903846 0.00721154 0.01923077 0.01442308
0 0.13701923 0.02644231 0.02884615 0.04987981
0 0.09735577 0.01442308 0.02163462 0.02884615
0 0.10817308 0.11899038 0.04567308 0.08653846
0 0.01442308 0.08774038 0.02764423 0.03665865
0 0.26802885 0.11899038 0.02524038 0.04086538
0 0.18028846 0.22115385 0.02644231 0.03545673
0 0.11899038 0.34735577 0.03064904 0.04146635
0 0.12860577 0.54086538 0.04687500 0.05468750
0 0.13942308 0.47355769 0.02283654 0.05288462
0 0.17548077 0.37860577 0.03125000 0.07692308
0 0.25600962 0.51081731 0.02163462 0.03064904
0 0.27884615 0.54687500 0.03365385 0.03725962
0 0.28365385 0.51081731 0.02584135 0.03425481
0 0.28485577 0.36177885 0.03245192 0.05528846
0 0.31129808 0.38942308 0.02524038 0.03725962
0 0.39663462 0.34615385 0.02403846 0.04807692
0 0.32451923 0.41586538 0.02764423 0.05889423
0 0.39182692 0.40384615 0.02944712 0.03846154
0 0.91586538 0.97475962 0.05228365 0.03545673
