0 0.29687500 0.07451923 0.01923077 0.03004808
0 0.20192308 0.09735577 0.01983173 0.03365385
0 0.24399038 0.05288462 0.02403846 0.04387019
0 0.19110577 0.04687500 0.02704327 0.04206731
0 0.19471154 0.07932692 0.02884615 0.04987981
0 0.14783654 0.08774038 0.03485577 0.05588942
0 0.14543269 0.04206731 0.03846154 0.06189904
0 0.14543269 0.16466346 0.03004808 0.06550481
0 0.06610577 0.12620192 0.02644231 0.03365385
0 0.30769231 0.16466346 0.02764423 0.04266827
0 0.22115385 0.23677885 0.02403846 0.03365385
0 0.19110577 0.38461538 0.02644231 0.03786058
0 0.04927885 0.47716346 0.02644231 0.02163462
0 0.22115385 0.40985577 0.02824519 0.06490385
0 0.32572115 0.40985577 0.02524038 0.04146635
0 0.37259615 0.43269231 0.02524038 0.03425481
0 0.43629808 0.39783654 0.04206731 0.05228365
0 0.34254808 0.45673077 0.03125000 0.06250000
0 0.42187500 0.43990385 0.02944712 0.03906250
0 0.49759615 0.28004808 0.01562500 0.03185096
0 0.48677885 0.34975962 0.02644231 0.03004808
0 0.53245192 0.30889423 0.02884615 0.04987981
0 0.51201923 0.04447115 0.02644231 0.03786058
0 0.53125000 0.04687500 0.02524038 0.04627404
0 0.56971154 0.11057692 0.02644231 0.05348558
0 0.52403846 0.14423077 0.04927885 0.06670673
0 0.80048077 0.08413462 0.05829327 0.04927885
0 0.84014423 0.08533654 0.04447115 0.05829327
0 0.88221154 0.02043269 0.02884615 0.04086538
0 0.90865385 0.19471154 0.01983173 0.03305288
0 0.95072115 0.14783654 0.02824519 0.05168269
0 0.90384615 0.14663462 0.02704327 0.04206731
0 0.89062500 0.19350962 0.03545673 0.08293269
0 0.87740385 0.19230769 0.03605769 0.04206731
0 0.85336538 0.13942308 0.03665865 0.05649038
0 0.84254808 0.26201923 0.04266827 0.05829327
0 0.76802885 0.19471154 0.02884615 0.03966346
0 0.99519231 0.25000000 0.00961538 0.04326923
0 0.92067308 0.30168269 0.02403846 0.03365385
0 0.93149038 0.46514423 0.04086538 0.04567308
0 0.23076923 0.80769231 0.03966346 0.05889423
0 0.01442308 0.71274038 0.02884615 0.05528846
0 0.25480769 0.83413462 0.02524038 0.04867788
0 0.29807692 0.93028846 0.03906250 0.04326923
0 0.22836538 0.64543269 0.03786058 0.06490385
0 0.34495192 0.68990385 0.03425481 0.06310096
0 0.35576923 0.73798077 0.02043269 0.03485577
0 0.37019231 0.49879808 0.02403846 0.02163462
0 0.42908654 0.59855769 0.03185096 0.04867788
0 0.36057692 0.58173077 0.01562500 0.03004808
0 0.30168269 0.49639423 0.03605769 0.01682692
0 0.37500000 0.65625000 0.03485577 0.05649038
0 0.27764423 0.61057692 0.03485577 0.06069712
0 0.23197115 0.49158654 0.02644231 0.00721154
0 0.29807692 0.67427885 0.02524038 0.04627404
0 0.31610577 0.76802885 0.03004808 0.04687500
0 0.33052885 0.83533654 0.04567308 0.07512019
0 0.12019231 0.50961538 0.02884615 0.04326923
0 0.16947115 0.54927885 0.02403846 0.03305288
0 0.20673077 0.57091346 0.03245192 0.04326923
0 0.83173077 0.81250000 0.02283654 0.05168269
0 0.71514423 0.98557692 0.04086538 0.02884615
0 0.81610577 0.87980769 0.02824519 0.06189904
0 0.84014423 0.99158654 0.03125000 0.01682692
0 0.86057692 0.84855769 0.02884615 0.04807692
0 0.86778846 0.75240385 0.04206731 0.05288462
0 0.89182692 0.84615385 0.02283654 0.03966346
0 0.84134615 0.81129808 0.01983173 0.04086538
0 0.89302885 0.81850962 0.03665865 0.05709135
0 0.77283654 0.94711538 0.05348558 0.07872596
0 0.84134615 0.97956731 0.02403846 0.04086538
0 0.77884615 0.75000000 0.02283654 0.04447115
0 0.72235577 0.70673077 0.01682692 0.02884615
0 0.87019231 0.68509615 0.02884615 0.04867788
0 0.72355769 0.75240385 0.02043269 0.06189904
0 0.68269231 0.67668269 0.03846154 0.06189904
0 0.77764423 0.59014423 0.02283654 0.04086538
0 0.87139423 0.56250000 0.01742788 0.04266827
0 0.79326923 0.55408654 0.02403846 0.03605769
0 0.65144231 0.54086538 0.03425481 0.05228365
0 0.56610577 0.53485577 0.03185096 0.06670673
0 0.71033654 0.70072115 0.02163462 0.04567308
0 0.82812500 0.50480769 0.02283654 0.03245192
0 0.71153846 0.49639423 0.02403846 0.01682692
0 0.69711538 0.52403846 0.02343750 0.03846154
0 0.82331731 0.49759615 0.02163462 0.01923077
