0 0.46875000 0.26201923 0.04266827 0.06069712
0 0.22956731 0.26682692 0.02163462 0.05288462
0 0.23918269 0.37019231 0.03305288 0.04387019
0 0.48076923 0.30528846 0.03004808 0.05468750
0 0.52043269 0.43750000 0.04326923 0.04206731
0 0.42427885 0.30168269 0.02644231 0.04507212
0 0.55769231 0.08774038 0.02704327 0.03425481
0 0.55408654 0.28966346 0.04026442 0.07872596
0 0.57692308 0.17908654 0.02163462 0.04266827
0 0.58293269 0.02403846 0.02163462 0.03906250
0 0.59375000 0.02644231 0.02463942 0.03605769
0 0.56129808 0.23197115 0.02524038 0.06250000
0 0.51682692 0.02283654 0.01923077 0.04026442
0 0.42307692 0.01923077 0.01923077 0.03846154
0 0.49639423 0.20192308 0.03004808 0.05408654
0 0.40985577 0.47956731 0.05048077 0.04086538
0 0.28245192 0.52043269 0.02403846 0.04206731
0 0.34254808 0.55769231 0.03425481 0.04507212
0 0.45793269 0.63822115 0.02764423 0.05168269
0 0.51682692 0.68990385 0.02163462 0.04687500
0 0.46153846 0.55408654 0.02524038 0.04146635
0 0.57692308 0.53605769 0.03305288 0.04387019
0 0.58774038 0.49519231 0.03485577 0.05288462
0 0.60336538 0.57331731 0.05048077 0.08653846
0 0.50360577 0.46754808 0.04567308 0.01682692
