0 0.96754808 0.03365385 0.02644231 0.06730769
0 0.98317308 0.09134615 0.02163462 0.04567308
0 0.94711538 0.02884615 0.02644231 0.04567308
0 0.63581731 0.03605769 0.03485577 0.05048077
0 0.47956731 0.01923077 0.02403846 0.03846154
0 0.56129808 0.05649038 0.02403846 0.03125000
0 0.55048077 0.27403846 0.02403846 0.03245192
0 0.65985577 0.34975962 0.04687500 0.05889423
0 0.95673077 0.36298077 0.03004808 0.03605769
0 0.96274038 0.37259615 0.02524038 0.04687500
0 0.78725962 0.39663462 0.02043269 0.03846154
0 0.72836538 0.43389423 0.03485577 0.04687500
0 0.61778846 0.50841346 0.02524038 0.05168269
0 0.56129808 0.55528846 0.02043269 0.04567308
0 0.61778846 0.43028846 0.02403846 0.04086538
0 0.53245192 0.22836538 0.04086538 0.05528846
0 0.50480769 0.41346154 0.03125000 0.04326923
0 0.49519231 0.37259615 0.03245192 0.05048077
0 0.48798077 0.22596154 0.03004808 0.05288462
0 0.43870192 0.20913462 0.02524038 0.03605769
0 0.39423077 0.22596154 0.04206731 0.05168269
0 0.49639423 0.28485577 0.03245192 0.04206731
0 0.40264423 0.26322115 0.03125000 0.04206731
0 0.21875000 0.11899038 0.03605769 0.04326923
0 0.47956731 0.44591346 0.04807692 0.08293269
0 0.57211538 0.31850962 0.04326923 0.07211538
