0 0.83052885 0.45913462 0.01442308 0.03125000
0 0.81129808 0.47235577 0.01923077 0.02163462
0 0.76081731 0.42067308 0.02403846 0.04086538
0 0.79086538 0.19110577 0.01682692 0.03004808
0 0.77163462 0.16706731 0.02163462 0.04206731
0 0.74399038 0.21153846 0.02043269 0.04567308
0 0.72956731 0.25841346 0.03485577 0.04567308
0 0.57091346 0.17788462 0.02043269 0.03245192
0 0.53245192 0.14302885 0.01682692 0.05649038
0 0.42788462 0.13581731 0.03004808 0.04567308
0 0.33774038 0.26322115 0.01682692 0.02764423
0 0.42788462 0.29567308 0.01682692 0.03125000
0 0.39302885 0.25360577 0.01682692 0.03846154
0 0.43629808 0.25120192 0.01923077 0.03245192
0 0.44951923 0.27764423 0.02403846 0.04687500
0 0.48798077 0.25600962 0.01562500 0.04807692
0 0.48798077 0.23677885 0.03245192 0.05649038
0 0.47596154 0.36538462 0.03846154 0.07932692
0 0.56610577 0.33653846 0.02403846 0.03245192
0 0.32451923 0.36538462 0.02403846 0.03846154
0 0.40745192 0.46274038 0.02403846 0.03245192
0 0.46634615 0.58413462 0.02764423 0.04086538
0 0.59975962 0.67067308 0.02403846 0.04086538
0 0.78245192 0.71514423 0.02043269 0.02403846
0 0.79206731 0.73317308 0.01923077 0.03605769
0 0.62259615 0.75120192 0.01923077 0.03485577
0 0.59495192 0.74879808 0.03605769 0.04807692
0 0.48317308 0.88701923 0.02043269 0.04086538
0 0.44951923 0.94471154 0.01682692 0.03846154
0 0.45793269 0.76802885 0.04326923 0.05168269
0 0.44711538 0.70312500 0.02043269 0.05048077
0 0.41346154 0.61298077 0.03004808 0.07331731
0 0.33653846 0.73918269 0.02043269 0.02764423
0 0.31370192 0.77403846 0.03004808 0.03485577
0 0.30889423 0.73918269 0.02163462 0.03125000
0 0.30889423 0.59735577 0.03004808 0.05288462
0 0.28245192 0.62379808 0.02403846 0.03485577
0 0.05528846 0.39663462 0.04326923 0.08894231
0 0.19951923 0.58413462 0.02163462 0.04326923
0 0.27163462 0.64903846 0.02403846 0.05528846
0 0.20673077 0.63701923 0.02644231 0.03485577
