0 0.45072115 0.31490385 0.02824519 0.04387019
0 0.48918269 0.09735577 0.01742788 0.03064904
0 0.46875000 0.07211538 0.02223558 0.03425481
0 0.44230769 0.10216346 0.02584135 0.04747596
0 0.41225962 0.14062500 0.04026442 0.04987981
0 0.28125000 0.08533654 0.02163462 0.03305288
0 0.24639423 0.03725962 0.03906250 0.06370192
0 0.11778846 0.02524038 0.03365385 0.05048077
0 0.02644231 0.13822115 0.02103365 0.03185096
0 0.11899038 0.18509615 0.01742788 0.03365385
0 0.08894231 0.14182692 0.01742788 0.03906250
0 0.12980769 0.13341346 0.02163462 0.03485577
0 0.14182692 0.16706731 0.02944712 0.05288462
0 0.17548077 0.14663462 0.03064904 0.06730769
0 0.18389423 0.11899038 0.04627404 0.06129808
0 0.17187500 0.25000000 0.04206731 0.07932692
0 0.26682692 0.23798077 0.02644231 0.03425481
0 0.01081731 0.25721154 0.02163462 0.03846154
0 0.10096154 0.38221154 0.02524038 0.03545673
0 0.16105769 0.48317308 0.02824519 0.03906250
0 0.10697115 0.51923077 0.03605769 0.05769231
0 0.00841346 0.49519231 0.01682692 0.06730769
0 0.34014423 0.91706731 0.03125000 0.04447115
0 0.36658654 0.92668269 0.01382212 0.02884615
0 0.31250000 0.90625000 0.02524038 0.04867788
0 0.33533654 0.85216346 0.02163462 0.03004808
0 0.45312500 0.78485577 0.03125000 0.04627404
0 0.38341346 0.81370192 0.03305288 0.05348558
0 0.42548077 0.77884615 0.03245192 0.04387019
0 0.40504808 0.74158654 0.02223558 0.03665865
0 0.25600962 0.71634615 0.01862981 0.03064904
0 0.26442308 0.79326923 0.02103365 0.03786058
0 0.28725962 0.78605769 0.02824519 0.04387019
0 0.31250000 0.82572115 0.02103365 0.03485577
0 0.29567308 0.84134615 0.01742788 0.03305288
0 0.21754808 0.85697115 0.02704327 0.04146635
0 0.25480769 0.88100962 0.03906250 0.06670673
0 0.20432692 0.90024038 0.02343750 0.07992788
0 0.19110577 0.75120192 0.02163462 0.02824519
0 0.19591346 0.72716346 0.02223558 0.03185096
0 0.18990385 0.81129808 0.02103365 0.03185096
0 0.18629808 0.91346154 0.02223558 0.03425481
0 0.21754808 0.95432692 0.02103365 0.02824519
0 0.13100962 0.71875000 0.01983173 0.03064904
0 0.22716346 0.66706731 0.02463942 0.03966346
0 0.20793269 0.61298077 0.02884615 0.05468750
0 0.00841346 0.60216346 0.01682692 0.03605769
0 0.00360577 0.85576923 0.00721154 0.03846154
0 0.01442308 0.85937500 0.02103365 0.03485577
0 0.71995192 0.76923077 0.01802885 0.03305288
0 0.80889423 0.57211538 0.02163462 0.04807692
0 0.86899038 0.92067308 0.01923077 0.03786058
0 0.87860577 0.95312500 0.02524038 0.05108173
0 0.72836538 0.84855769 0.02163462 0.02944712
0 0.73076923 0.89302885 0.01622596 0.04026442
0 0.68750000 0.99158654 0.01923077 0.01682692
