0 0.02524038 0.06370192 0.05048077 0.04567308
0 0.06129808 0.06730769 0.04387019 0.05949519
0 0.10216346 0.01201923 0.03125000 0.02403846
0 0.22716346 0.14423077 0.02103365 0.03305288
0 0.12860577 0.17427885 0.01742788 0.03185096
0 0.17067308 0.12860577 0.02463942 0.04987981
0 0.12379808 0.12740385 0.02343750 0.03906250
0 0.11177885 0.17307692 0.03064904 0.07812500
0 0.09855769 0.17187500 0.03786058 0.04387019
0 0.07451923 0.12019231 0.03545673 0.05468750
0 0.06370192 0.24158654 0.04627404 0.05949519
0 0.22475962 0.22956731 0.02524038 0.04146635
0 0.14062500 0.28004808 0.02403846 0.03365385
0 0.14903846 0.42908654 0.04326923 0.02163462
0 0.33293269 0.43389423 0.04567308 0.01201923
0 0.31850962 0.53605769 0.01562500 0.03906250
0 0.19591346 0.85817308 0.03305288 0.04867788
0 0.21995192 0.87019231 0.02223558 0.03906250
0 0.17187500 0.78125000 0.03185096 0.05709135
0 0.29447115 0.70432692 0.02824519 0.05228365
0 0.30288462 0.80408654 0.02223558 0.04146635
0 0.30649038 0.54687500 0.02524038 0.04026442
0 0.36177885 0.64543269 0.03545673 0.06250000
0 0.30168269 0.63822115 0.01622596 0.03185096
0 0.25841346 0.57932692 0.01262019 0.02884615
0 0.32211538 0.69591346 0.02584135 0.04807692
0 0.23317308 0.66346154 0.02884615 0.04987981
0 0.13461538 0.60576923 0.02103365 0.03846154
0 0.09615385 0.59615385 0.03365385 0.02944712
0 0.11177885 0.44591346 0.02644231 0.01201923
0 0.33894231 0.47836538 0.01502404 0.03846154
0 0.31370192 0.47475962 0.03064904 0.04627404
0 0.11778846 0.60817308 0.02103365 0.05288462
0 0.16586538 0.56730769 0.02463942 0.03305288
0 0.22716346 0.77524038 0.02644231 0.04747596
0 0.25961538 0.85336538 0.02463942 0.03906250
0 0.25600962 0.89903846 0.03185096 0.05288462
0 0.38100962 0.47235577 0.01742788 0.02584135
0 0.91826923 0.89783654 0.01442308 0.02163462
0 0.75841346 0.50360577 0.01682692 0.02704327
0 0.75961538 0.54086538 0.01923077 0.02884615
0 0.95072115 0.53245192 0.01141827 0.03125000
0 0.96274038 0.51081731 0.01622596 0.02644231
