0 0.21634615 0.08774038 0.04747596 0.06069712
0 0.04326923 0.14423077 0.03004808 0.04987981
0 0.09254808 0.18750000 0.03846154 0.05288462
0 0.24639423 0.21875000 0.03125000 0.05769231
0 0.30649038 0.27644231 0.02283654 0.05288462
0 0.22596154 0.16586538 0.03125000 0.04867788
0 0.36298077 0.13100962 0.03064904 0.04266827
0 0.36057692 0.07932692 0.03966346 0.05949519
0 0.28725962 0.03725962 0.05528846 0.07451923
0 0.36298077 0.15745192 0.03004808 0.04687500
0 0.18870192 0.81850962 0.03365385 0.05288462
0 0.21634615 0.84134615 0.02704327 0.05048077
0 0.22956731 0.99038462 0.03125000 0.01923077
0 0.15144231 0.78004808 0.03786058 0.05769231
0 0.28365385 0.66706731 0.02884615 0.01682692
0 0.30048077 0.74879808 0.02223558 0.03725962
0 0.21153846 0.74038462 0.02644231 0.04927885
0 0.25961538 0.81009615 0.02403846 0.04206731
0 0.24399038 0.86658654 0.03365385 0.05528846
