0 0.66826923 0.10216346 0.02283654 0.03245192
0 0.79687500 0.18870192 0.03786058 0.05829327
0 0.91706731 0.25600962 0.02283654 0.04026442
0 0.85216346 0.28485577 0.03725962 0.04807692
0 0.73677885 0.38221154 0.02163462 0.04687500
0 0.68509615 0.44831731 0.02403846 0.04266827
0 0.72716346 0.27644231 0.03125000 0.05709135
0 0.69350962 0.16947115 0.04266827 0.06911058
0 0.65985577 0.06250000 0.04507212 0.05649038
0 0.59855769 0.26081731 0.04627404 0.05408654
0 0.57692308 0.30288462 0.05348558 0.06670673
0 0.60216346 0.24158654 0.04026442 0.06009615
0 0.58052885 0.07572115 0.02944712 0.05108173
0 0.52163462 0.07692308 0.02403846 0.03846154
0 0.59014423 0.12860577 0.03305288 0.04146635
0 0.43389423 0.58533654 0.03786058 0.05769231
0 0.41826923 0.63100962 0.03185096 0.05709135
0 0.38100962 0.76802885 0.04507212 0.04507212
0 0.47836538 0.62139423 0.02944712 0.04687500
0 0.34615385 0.61538462 0.04326923 0.08173077
0 0.33894231 0.55649038 0.02584135 0.06490385
0 0.39783654 0.53365385 0.03125000 0.02884615
0 0.91225962 0.53725962 0.05528846 0.03605769
0 0.85697115 0.54567308 0.04567308 0.05288462
0 0.67668269 0.63581731 0.02343750 0.03305288
0 0.77524038 0.65865385 0.02283654 0.03846154
0 0.73197115 0.60937500 0.02644231 0.04927885
0 0.78966346 0.60697115 0.02764423 0.04266827
0 0.78485577 0.64302885 0.03185096 0.05348558
0 0.83413462 0.64182692 0.03846154 0.04326923
0 0.83653846 0.60096154 0.04086538 0.06430288
0 0.83533654 0.73076923 0.03125000 0.06850962
0 0.91947115 0.68509615 0.03245192 0.04146635
0 0.66706731 0.72956731 0.02584135 0.04146635
0 0.75841346 0.80288462 0.02584135 0.03365385
0 0.77524038 0.96153846 0.03245192 0.04507212
0 0.75480769 0.97475962 0.02884615 0.05048077
0 0.64783654 0.98076923 0.02644231 0.03846154
0 0.59495192 0.99639423 0.02163462 0.00721154
0 0.53004808 0.97475962 0.04086538 0.05048077
