0 0.09975962 0.14783654 0.01923077 0.04987981
0 0.00841346 0.43990385 0.01682692 0.05769231
0 0.06490385 0.52163462 0.02343750 0.04867788
0 0.08293269 0.21394231 0.03425481 0.06310096
0 0.10456731 0.37860577 0.03004808 0.04266827
0 0.10817308 0.34014423 0.02824519 0.04507212
0 0.12860577 0.18269231 0.02524038 0.04387019
0 0.13581731 0.08894231 0.03665865 0.04987981
0 0.15865385 0.18028846 0.01923077 0.03846154
0 0.10817308 0.14663462 0.01983173 0.03906250
0 0.15985577 0.15384615 0.03185096 0.05288462
0 0.04206731 0.28004808 0.05228365 0.07692308
0 0.10817308 0.31370192 0.02403846 0.04026442
0 0.36177885 0.06490385 0.03485577 0.06310096
0 0.04807692 0.08653846 0.02343750 0.04507212
0 0.13701923 0.02283654 0.02884615 0.04567308
0 0.53605769 0.02764423 0.03846154 0.05528846
0 0.61538462 0.00721154 0.03365385 0.01442308
0 0.71394231 0.12740385 0.02043269 0.02884615
0 0.61778846 0.15264423 0.01862981 0.03365385
0 0.65625000 0.10937500 0.02103365 0.04507212
0 0.60817308 0.10817308 0.02103365 0.03786058
0 0.59975962 0.13221154 0.02403846 0.04747596
0 0.56129808 0.11899038 0.01862981 0.04987981
0 0.56009615 0.09495192 0.03365385 0.05769231
0 0.56129808 0.21394231 0.02884615 0.06310096
0 0.72235577 0.22115385 0.02764423 0.04026442
0 0.63461538 0.30168269 0.02644231 0.03305288
0 0.58533654 0.43629808 0.02824519 0.03786058
0 0.58774038 0.61177885 0.05528846 0.01201923
0 0.59975962 0.56730769 0.02223558 0.05288462
0 0.63461538 0.46875000 0.03425481 0.06550481
0 0.70793269 0.60096154 0.02163462 0.03365385
0 0.73677885 0.59735577 0.02343750 0.03305288
0 0.74038462 0.45192308 0.03906250 0.05949519
0 0.77884615 0.48197115 0.02343750 0.03185096
0 0.85456731 0.44831731 0.04326923 0.05168269
0 0.77403846 0.50000000 0.02584135 0.05829327
0 0.84014423 0.49399038 0.02824519 0.03665865
0 0.98798077 0.26562500 0.02403846 0.08894231
0 0.08293269 0.98076923 0.02644231 0.03846154
0 0.09975962 0.79206731 0.02463942 0.04146635
0 0.01201923 0.75600962 0.02403846 0.05048077
0 0.15745192 0.65865385 0.03004808 0.04747596
0 0.73677885 0.75480769 0.02403846 0.03305288
0 0.62379808 0.83413462 0.05528846 0.06670673
0 0.50360577 0.88341346 0.00721154 0.04086538
0 0.55649038 0.92187500 0.03305288 0.04627404
0 0.66826923 0.98677885 0.02403846 0.02644231
0 0.67067308 0.91706731 0.02403846 0.04146635
0 0.75600962 0.71274038 0.04026442 0.05588942
0 0.78485577 0.89903846 0.03185096 0.04326923
0 0.79447115 0.86057692 0.03846154 0.05468750
0 0.80288462 0.71033654 0.03425481 0.05588942
0 0.85456731 0.69350962 0.02644231 0.03665865
0 0.90144231 0.71153846 0.04687500 0.05528846
0 0.79206731 0.76802885 0.03485577 0.04447115
0 0.89182692 0.74879808 0.03305288 0.04326923
0 0.81129808 0.93389423 0.05108173 0.08413462
0 0.71394231 0.80528846 0.05228365 0.07932692
