0 0.87740385 0.37139423 0.03605769 0.04567308
0 0.91225962 0.30889423 0.02403846 0.05048077
0 0.92908654 0.26442308 0.02043269 0.04086538
0 0.93028846 0.22596154 0.02043269 0.04086538
0 0.84615385 0.16346154 0.03485577 0.06610577
0 0.80288462 0.21514423 0.02163462 0.03846154
0 0.79567308 0.15504808 0.02163462 0.03846154
0 0.77764423 0.16586538 0.01682692 0.03245192
0 0.76322115 0.12860577 0.02163462 0.03846154
0 0.76682692 0.05288462 0.02043269 0.03004808
0 0.77764423 0.07091346 0.02764423 0.03725962
0 0.82932692 0.03725962 0.02403846 0.03245192
0 0.66105769 0.03846154 0.02524038 0.04567308
0 0.97355769 0.14423077 0.02163462 0.04206731
0 0.99639423 0.15024038 0.00721154 0.03485577
