0 0.93028846 0.35096154 0.01442308 0.03125000
0 0.93629808 0.43028846 0.02403846 0.02644231
0 0.89182692 0.38822115 0.02644231 0.04567308
0 0.91225962 0.12740385 0.01923077 0.03125000
0 0.89423077 0.12379808 0.02163462 0.04206731
0 0.85817308 0.18629808 0.02524038 0.05168269
0 0.89302885 0.22475962 0.04687500 0.06129808
0 0.64663462 0.15504808 0.04326923 0.03605769
0 0.59855769 0.15384615 0.03846154 0.05528846
0 0.55288462 0.10096154 0.03125000 0.04687500
0 0.44110577 0.24399038 0.02043269 0.03245192
0 0.53245192 0.26923077 0.01682692 0.03245192
0 0.49399038 0.22716346 0.01923077 0.04206731
0 0.54447115 0.22235577 0.02163462 0.03846154
0 0.55168269 0.27163462 0.02403846 0.06971154
0 0.57692308 0.25961538 0.03605769 0.04086538
0 0.58653846 0.21394231 0.03125000 0.05528846
0 0.59375000 0.33413462 0.02644231 0.06129808
0 0.66586538 0.27283654 0.02764423 0.03725962
0 0.43870192 0.32692308 0.02403846 0.03846154
0 0.52524038 0.38100962 0.02403846 0.03125000
0 0.51201923 0.56009615 0.02043269 0.02644231
0 0.66225962 0.64062500 0.02644231 0.04687500
0 0.90384615 0.67187500 0.02644231 0.03125000
0 0.91346154 0.69110577 0.02403846 0.04326923
0 0.73918269 0.71634615 0.02043269 0.03846154
0 0.69350962 0.73437500 0.03485577 0.04687500
0 0.58052885 0.83774038 0.02043269 0.04086538
0 0.53725962 0.89062500 0.01682692 0.03725962
0 0.56490385 0.73798077 0.02764423 0.05168269
0 0.54447115 0.64423077 0.03846154 0.06250000
0 0.51923077 0.53125000 0.03605769 0.05048077
0 0.43389423 0.71153846 0.02403846 0.03245192
0 0.42427885 0.75480769 0.03725962 0.05288462
0 0.44831731 0.69711538 0.02403846 0.03485577
0 0.42548077 0.55649038 0.02524038 0.04326923
0 0.37500000 0.56129808 0.02163462 0.03125000
0 0.32211538 0.54927885 0.03846154 0.04807692
0 0.41706731 0.61298077 0.03245192 0.07331731
0 0.33774038 0.59495192 0.02524038 0.03485577
0 0.16105769 0.39182692 0.03725962 0.07812500
