0 0.44951923 0.10216346 0.04026442 0.05288462
0 0.44350962 0.04927885 0.04266827 0.06189904
0 0.43028846 0.13461538 0.04086538 0.05829327
0 0.89543269 0.28485577 0.02283654 0.03966346
0 0.29807692 0.65625000 0.03906250 0.05588942
0 0.27403846 0.66346154 0.02403846 0.04507212
0 0.25120192 0.79326923 0.03786058 0.03846154
0 0.32091346 0.54687500 0.04086538 0.05528846
0 0.18269231 0.59014423 0.02704327 0.04266827
0 0.26322115 0.55168269 0.02403846 0.04687500
0 0.22836538 0.63942308 0.02403846 0.04567308
0 0.22596154 0.68389423 0.03605769 0.06009615
