0 0.23798077 0.00961538 0.02403846 0.01923077
0 0.24639423 0.22115385 0.02343750 0.03064904
0 0.13341346 0.29927885 0.04807692 0.05889423
0 0.01682692 0.35576923 0.02343750 0.04026442
0 0.07692308 0.39062500 0.03245192 0.04447115
0 0.18389423 0.47355769 0.02163462 0.04387019
0 0.23437500 0.52764423 0.02163462 0.04326923
0 0.18750000 0.37740385 0.03365385 0.05468750
0 0.25721154 0.17908654 0.03966346 0.05228365
0 0.30769231 0.36418269 0.03846154 0.04507212
0 0.30408654 0.35096154 0.04026442 0.05588942
0 0.32572115 0.18750000 0.02824519 0.04807692
0 0.38100962 0.18870192 0.02524038 0.03365385
0 0.42307692 0.18389423 0.04807692 0.05468750
0 0.31250000 0.24038462 0.03605769 0.04447115
0 0.41105769 0.22355769 0.02944712 0.04206731
0 0.59735577 0.06730769 0.03605769 0.04387019
0 0.33173077 0.40264423 0.05468750 0.08353365
0 0.22716346 0.27644231 0.04747596 0.07451923
0 0.36658654 0.90745192 0.01802885 0.04326923
0 0.36658654 0.97475962 0.02944712 0.03786058
0 0.39663462 0.90865385 0.02103365 0.03846154
0 0.40024038 0.84735577 0.03425481 0.04567308
0 0.41346154 0.92668269 0.01923077 0.03665865
0 0.37500000 0.89543269 0.01802885 0.04086538
0 0.42187500 0.90144231 0.02403846 0.03545673
0 0.59735577 0.86177885 0.02644231 0.05108173
0 0.33173077 0.88822115 0.02463942 0.04627404
0 0.42067308 0.80408654 0.03245192 0.04747596
0 0.25841346 0.87620192 0.02043269 0.04146635
0 0.21394231 0.81610577 0.02884615 0.03605769
0 0.31610577 0.72475962 0.02223558 0.04026442
0 0.41586538 0.71634615 0.01802885 0.04206731
0 0.35817308 0.69951923 0.02343750 0.03846154
0 0.16947115 0.68509615 0.04026442 0.05889423
0 0.07692308 0.66346154 0.03125000 0.05348558
0 0.23918269 0.84254808 0.02524038 0.04987981
0 0.25721154 0.61057692 0.02524038 0.03245192
0 0.23317308 0.65384615 0.02163462 0.03846154
0 0.37379808 0.63822115 0.01322115 0.03485577
0 0.26442308 0.83774038 0.02524038 0.03125000
0 0.95913462 0.90865385 0.03906250 0.05588942
0 0.74759615 0.81610577 0.03365385 0.05528846
0 0.71153846 0.88581731 0.04026442 0.06069712
0 0.98317308 0.93389423 0.02644231 0.04747596
0 0.95673077 0.74879808 0.04206731 0.06670673
0 0.99278846 0.71394231 0.01442308 0.05769231
0 0.68028846 0.58413462 0.01923077 0.00961538
0 0.96033654 0.59134615 0.02644231 0.02403846
0 0.85096154 0.61177885 0.02403846 0.05408654
0 0.89903846 0.65625000 0.02043269 0.03125000
0 0.93509615 0.67668269 0.02884615 0.03966346
