0 0.09855769 0.11899038 0.02584135 0.03245192
0 0.23437500 0.20552885 0.03545673 0.06009615
0 0.53365385 0.23076923 0.03125000 0.03846154
0 0.54326923 0.25120192 0.02884615 0.05528846
0 0.35096154 0.27644231 0.02463942 0.03906250
0 0.28605769 0.30288462 0.03665865 0.04867788
0 0.16826923 0.40625000 0.02704327 0.04867788
0 0.11658654 0.47475962 0.02283654 0.04447115
0 0.15745192 0.29807692 0.03245192 0.05769231
0 0.12500000 0.18870192 0.04927885 0.07211538
0 0.09134615 0.07932692 0.03906250 0.05408654
0 0.02764423 0.27764423 0.04867788 0.05709135
0 0.01682692 0.32211538 0.03365385 0.06730769
0 0.03004808 0.25841346 0.04086538 0.05769231
0 0.01081731 0.09495192 0.02163462 0.05048077
0 0.01682692 0.14663462 0.03305288 0.04326923
0 0.70192308 0.27043269 0.01923077 0.04026442
0 0.81610577 0.31490385 0.03545673 0.05168269
0 0.63581731 0.39663462 0.04867788 0.07992788
0 0.58774038 0.49879808 0.03245192 0.05949519
0 0.65024038 0.52644231 0.01201923 0.02403846
0 0.72355769 0.21634615 0.03245192 0.03605769
0 0.63100962 0.52524038 0.03605769 0.02644231
0 0.78245192 0.33894231 0.02764423 0.04927885
0 0.60456731 0.20552885 0.01742788 0.03846154
0 0.67548077 0.15985577 0.02884615 0.04447115
0 0.80769231 0.03846154 0.03906250 0.06730769
0 0.70312500 0.07692308 0.03365385 0.05288462
0 0.80769231 0.26562500 0.03245192 0.04266827
0 0.77163462 0.47115385 0.03846154 0.08052885
0 0.84254808 0.09375000 0.03125000 0.05769231
0 0.69110577 0.24158654 0.03125000 0.04326923
0 0.84375000 0.14783654 0.02343750 0.03185096
0 0.93509615 0.33173077 0.03125000 0.03545673
0 0.96274038 0.28846154 0.02343750 0.03906250
0 0.93629808 0.29326923 0.03365385 0.04507212
0 0.40745192 0.67307692 0.04026442 0.06250000
0 0.39783654 0.76802885 0.03185096 0.05889423
0 0.33413462 0.87860577 0.02343750 0.04927885
0 0.43269231 0.75240385 0.03185096 0.04867788
0 0.28966346 0.70072115 0.03004808 0.04146635
0 0.27043269 0.63221154 0.02764423 0.04326923
0 0.36057692 0.61778846 0.04987981 0.08173077
0 0.29326923 0.63221154 0.02584135 0.03966346
0 0.75000000 0.70673077 0.01983173 0.03966346
0 0.70793269 0.72956731 0.03906250 0.04807692
