0 0.01442308 0.18990385 0.02884615 0.05769231
0 0.21514423 0.24519231 0.03365385 0.05528846
0 0.15745192 0.29927885 0.02884615 0.04146635
0 0.02043269 0.26322115 0.03064904 0.04567308
0 0.74639423 0.73798077 0.03665865 0.05348558
0 0.97716346 0.73197115 0.02884615 0.05108173
0 0.99038462 0.83052885 0.01923077 0.04567308
0 0.71754808 0.77163462 0.03064904 0.05528846
0 0.69951923 0.90985577 0.02884615 0.03185096
0 0.78004808 0.72956731 0.03305288 0.05408654
0 0.65144231 0.55408654 0.02403846 0.03125000
0 0.64062500 0.66947115 0.01622596 0.03365385
0 0.71875000 0.67908654 0.03305288 0.05348558
0 0.66466346 0.72956731 0.03485577 0.06310096
0 0.66947115 0.79086538 0.04567308 0.07512019
