0 0.54807692 0.09134615 0.02764423 0.04086538
0 0.66105769 0.18509615 0.04326923 0.05649038
0 0.97475962 0.18509615 0.02764423 0.03485577
0 0.98076923 0.19471154 0.02043269 0.05048077
0 0.80048077 0.22235577 0.02403846 0.04326923
0 0.74639423 0.27764423 0.03125000 0.04326923
0 0.62259615 0.31971154 0.02524038 0.05168269
0 0.56490385 0.36899038 0.02163462 0.05048077
0 0.63341346 0.25600962 0.02524038 0.04326923
0 0.52644231 0.04086538 0.03846154 0.05528846
0 0.51442308 0.24158654 0.03485577 0.04687500
0 0.50721154 0.19110577 0.03605769 0.05649038
0 0.50480769 0.04447115 0.02644231 0.04687500
0 0.46995192 0.01201923 0.03125000 0.02403846
0 0.42548077 0.03846154 0.04326923 0.05288462
0 0.50120192 0.09735577 0.03125000 0.04086538
0 0.43149038 0.07692308 0.03485577 0.04687500
0 0.58173077 0.14062500 0.04086538 0.06250000
0 0.49519231 0.26682692 0.03846154 0.05649038
