0 0.80408654 0.45913462 0.01201923 0.03125000
0 0.79086538 0.46875000 0.01923077 0.02163462
0 0.73076923 0.41466346 0.02644231 0.04326923
0 0.76923077 0.20312500 0.01682692 0.03004808
0 0.74879808 0.18028846 0.02043269 0.03125000
0 0.72235577 0.20793269 0.02163462 0.04567308
0 0.69350962 0.24519231 0.03485577 0.04567308
0 0.56610577 0.19230769 0.01923077 0.03125000
0 0.53245192 0.14543269 0.03485577 0.06129808
0 0.40865385 0.12980769 0.03004808 0.05769231
0 0.31850962 0.24278846 0.02043269 0.03125000
0 0.40865385 0.28846154 0.01682692 0.03245192
0 0.37980769 0.24639423 0.01562500 0.03846154
0 0.41826923 0.23918269 0.01923077 0.03245192
0 0.43028846 0.27163462 0.02644231 0.05168269
0 0.46274038 0.25120192 0.03004808 0.06610577
0 0.47115385 0.22475962 0.03846154 0.05649038
0 0.45913462 0.35216346 0.03725962 0.07692308
0 0.55168269 0.34014423 0.02403846 0.03125000
0 0.30408654 0.36057692 0.02403846 0.03846154
0 0.39182692 0.48076923 0.02403846 0.03485577
0 0.44951923 0.57812500 0.02644231 0.03846154
0 0.59735577 0.65985577 0.02403846 0.04086538
0 0.75721154 0.70312500 0.02043269 0.02524038
0 0.76923077 0.72355769 0.01923077 0.03605769
0 0.59975962 0.74639423 0.01923077 0.03485577
0 0.57451923 0.73076923 0.02644231 0.04807692
0 0.46634615 0.88100962 0.01923077 0.03846154
0 0.44230769 0.93870192 0.02043269 0.04567308
0 0.43870192 0.75841346 0.04567308 0.04687500
0 0.43149038 0.69110577 0.01923077 0.04687500
0 0.39903846 0.62379808 0.02644231 0.07331731
0 0.31610577 0.73197115 0.02043269 0.02764423
0 0.29447115 0.77043269 0.03004808 0.03485577
0 0.28966346 0.73437500 0.02043269 0.03125000
0 0.28846154 0.59014423 0.04086538 0.06610577
0 0.28004808 0.62379808 0.02403846 0.03605769
0 0.04086538 0.37259615 0.04326923 0.08774038
0 0.16346154 0.57211538 0.01923077 0.03725962
0 0.23197115 0.63221154 0.02403846 0.05168269
0 0.17788462 0.63701923 0.02403846 0.03125000
