0 0.12860577 0.28846154 0.02343750 0.05228365
0 0.11057692 0.34014423 0.02884615 0.03605769
0 0.15745192 0.32451923 0.02824519 0.04867788
0 0.16586538 0.22716346 0.03485577 0.05108173
0 0.18990385 0.32211538 0.02103365 0.03906250
0 0.13701923 0.28605769 0.01862981 0.04266827
0 0.18990385 0.29447115 0.03846154 0.05769231
0 0.40144231 0.20192308 0.03665865 0.06550481
0 0.07451923 0.22475962 0.02644231 0.04747596
0 0.01562500 0.17908654 0.01682692 0.03064904
0 0.16826923 0.15745192 0.03185096 0.05108173
0 0.01682692 0.22716346 0.02103365 0.06430288
0 0.07211538 0.06129808 0.02403846 0.04266827
0 0.16826923 0.03245192 0.01862981 0.04326923
0 0.08894231 0.02403846 0.02403846 0.03725962
0 0.00841346 0.17307692 0.01682692 0.04807692
0 0.34735577 0.96153846 0.04927885 0.06911058
0 0.13822115 0.83052885 0.03725962 0.06009615
0 0.09495192 0.92908654 0.04627404 0.06430288
0 0.37019231 0.98918269 0.02884615 0.02163462
0 0.35456731 0.75721154 0.03064904 0.06250000
0 0.48557692 0.86177885 0.02043269 0.04507212
0 0.48197115 0.90384615 0.02403846 0.03966346
0 0.50120192 0.63581731 0.01682692 0.04086538
0 0.48798077 0.74158654 0.01562500 0.03064904
0 0.43149038 0.62379808 0.02764423 0.03485577
0 0.50240385 0.81730769 0.01442308 0.04326923
0 0.40144231 0.74399038 0.02704327 0.04927885
0 0.06971154 0.60697115 0.02223558 0.03966346
0 0.06490385 0.55889423 0.01983173 0.03365385
0 0.19951923 0.45312500 0.02824519 0.04927885
0 0.50480769 0.53485577 0.00961538 0.04567308
0 0.00360577 0.40865385 0.00721154 0.05769231
0 0.35456731 0.41346154 0.03605769 0.06790865
0 0.49519231 0.45072115 0.02884615 0.04567308
0 0.36177885 0.60817308 0.02824519 0.03605769
0 0.42788462 0.82211538 0.02463942 0.04747596
0 0.32692308 0.43870192 0.03725962 0.04326923
0 0.44110577 0.92788462 0.03064904 0.04987981
0 0.46995192 0.97475962 0.03125000 0.05048077
0 0.29687500 0.49158654 0.02584135 0.03365385
0 0.23677885 0.64182692 0.02343750 0.05408654
0 0.28125000 0.67548077 0.02223558 0.03064904
0 0.33173077 0.71033654 0.03425481 0.05048077
0 0.92187500 0.71995192 0.04086538 0.05829327
0 0.51802885 0.74879808 0.01682692 0.04086538
0 0.67788462 0.73798077 0.03605769 0.05889423
0 0.71754808 0.81971154 0.03305288 0.04447115
0 0.91947115 0.77163462 0.03004808 0.05769231
0 0.98076923 0.90504808 0.03846154 0.04086538
0 0.88341346 0.77764423 0.02824519 0.04447115
0 0.95673077 0.65625000 0.04507212 0.07692308
0 0.97596154 0.46995192 0.02644231 0.04447115
0 0.55408654 0.38581731 0.01862981 0.03846154
0 0.89302885 0.45913462 0.01983173 0.04326923
0 0.84615385 0.40024038 0.02944712 0.03846154
0 0.57091346 0.36658654 0.02644231 0.01682692
0 0.87379808 0.42788462 0.03185096 0.05649038
0 0.91105769 0.41346154 0.02944712 0.03485577
