0 0.01081731 0.06971154 0.02163462 0.05288462
0 0.33052885 0.02163462 0.03605769 0.04326923
0 0.25721154 0.34615385 0.03004808 0.05228365
0 0.00360577 0.37980769 0.00721154 0.03365385
0 0.17307692 0.42908654 0.02403846 0.04146635
0 0.22235577 0.44831731 0.04026442 0.05348558
0 0.36298077 0.45312500 0.03004808 0.05588942
0 0.37139423 0.34975962 0.01682692 0.06971154
0 0.02283654 0.71394231 0.02403846 0.05288462
0 0.07812500 0.56971154 0.03605769 0.04627404
0 0.08293269 0.52283654 0.04086538 0.04567308
0 0.09495192 0.58894231 0.02944712 0.04807692
0 0.78004808 0.76081731 0.01802885 0.03665865
0 0.43389423 0.93269231 0.04146635 0.06850962
0 0.66706731 0.79447115 0.03665865 0.05228365
0 0.84375000 0.88581731 0.04867788 0.07932692
0 0.88942308 0.97596154 0.03846154 0.04807692
0 0.75480769 0.69951923 0.03485577 0.04026442
0 0.69711538 0.82692308 0.02824519 0.04987981
0 0.40504808 0.72475962 0.01802885 0.03605769
0 0.40504808 0.69951923 0.01802885 0.02824519
0 0.39423077 0.52283654 0.02884615 0.04567308
0 0.87379808 0.69350962 0.01862981 0.03725962
0 0.80528846 0.64903846 0.02584135 0.04387019
0 0.67307692 0.53125000 0.04326923 0.06250000
0 0.77644231 0.56850962 0.03004808 0.04987981
0 0.67548077 0.75360577 0.03365385 0.04326923
0 0.70793269 0.95673077 0.04026442 0.07812500
0 0.63942308 0.58293269 0.02584135 0.05468750
0 0.78605769 0.72836538 0.03245192 0.04387019
0 0.63701923 0.63822115 0.02043269 0.03185096
0 0.54687500 0.81850962 0.03365385 0.03485577
0 0.51923077 0.77644231 0.02524038 0.04026442
0 0.54447115 0.78245192 0.03485577 0.04387019
