0 0.48076923 0.14182692 0.02463942 0.03365385
0 0.54687500 0.39783654 0.02163462 0.05048077
0 0.49158654 0.45192308 0.02223558 0.04747596
0 0.54447115 0.30889423 0.02644231 0.04567308
0 0.46033654 0.09615385 0.03846154 0.05348558
0 0.42788462 0.29326923 0.03725962 0.04687500
0 0.41706731 0.25000000 0.03725962 0.05468750
0 0.40384615 0.09735577 0.03305288 0.05588942
0 0.34735577 0.09855769 0.02584135 0.03365385
0 0.30048077 0.09735577 0.04867788 0.05709135
0 0.42067308 0.15865385 0.03425481 0.04447115
0 0.31370192 0.13701923 0.03485577 0.04807692
0 0.39903846 0.33173077 0.06069712 0.09375000
0 0.50360577 0.19350962 0.04747596 0.07932692
0 0.91826923 0.07692308 0.02764423 0.05769231
0 0.85576923 0.13341346 0.02403846 0.05048077
0 0.93389423 0.01682692 0.02644231 0.03365385
0 0.80408654 0.00600962 0.03125000 0.01201923
0 0.78966346 0.01682692 0.02644231 0.03365385
0 0.50961538 0.64543269 0.03365385 0.05048077
0 0.40625000 0.79206731 0.02223558 0.03305288
0 0.50360577 0.81370192 0.01742788 0.03545673
0 0.45913462 0.76562500 0.02163462 0.04627404
0 0.51682692 0.76322115 0.02524038 0.04146635
0 0.51201923 0.79807692 0.02704327 0.05168269
0 0.54927885 0.79687500 0.01682692 0.04086538
0 0.54927885 0.75600962 0.01682692 0.06009615
0 0.55048077 0.88341346 0.01442308 0.06971154
0 0.39543269 0.88341346 0.02584135 0.04146635
0 0.48557692 0.95552885 0.02584135 0.03365385
0 0.09735577 0.94591346 0.04567308 0.09014423
0 0.80528846 0.64302885 0.01862981 0.04086538
