0 0.39302885 0.00480769 0.02644231 0.00961538
0 0.40384615 0.22475962 0.02463942 0.03305288
0 0.27764423 0.31009615 0.05108173 0.06250000
0 0.15384615 0.37139423 0.02463942 0.04326923
0 0.21875000 0.40625000 0.03846154 0.04326923
0 0.34014423 0.39423077 0.03365385 0.05829327
0 0.41466346 0.17788462 0.04507212 0.05769231
0 0.47115385 0.37980769 0.04687500 0.05168269
0 0.46754808 0.36177885 0.04146635 0.06189904
0 0.49038462 0.19230769 0.02824519 0.04867788
0 0.54927885 0.19230769 0.02584135 0.03485577
0 0.59495192 0.18629808 0.04867788 0.05829327
0 0.47836538 0.24519231 0.03665865 0.04507212
0 0.58413462 0.24158654 0.03665865 0.04747596
0 0.50120192 0.40144231 0.06009615 0.05288462
0 0.38341346 0.28966346 0.05168269 0.08112981
0 0.89783654 0.16466346 0.02103365 0.03064904
0 0.36899038 0.56129808 0.01682692 0.03665865
0 0.19471154 0.88221154 0.04627404 0.06430288
0 0.02283654 0.69831731 0.03125000 0.05588942
0 0.19110577 0.99038462 0.02644231 0.01923077
0 0.34495192 0.98197115 0.05048077 0.03605769
0 0.25360577 0.56250000 0.04026442 0.05468750
0 0.43870192 0.86778846 0.03725962 0.06189904
0 0.37500000 0.89302885 0.02163462 0.03305288
0 0.44110577 0.68750000 0.03305288 0.04807692
0 0.48076923 0.77043269 0.03665865 0.06610577
0 0.41105769 0.79687500 0.01442308 0.02584135
0 0.34735577 0.47115385 0.03185096 0.03906250
0 0.43750000 0.80288462 0.03966346 0.04627404
0 0.26923077 0.61658654 0.02704327 0.04447115
0 0.00841346 0.49879808 0.01682692 0.03605769
0 0.01322115 0.47355769 0.01923077 0.02944712
0 0.47115385 0.47956731 0.01862981 0.03605769
0 0.39182692 0.43629808 0.02884615 0.01682692
0 0.26802885 0.53125000 0.03665865 0.04567308
0 0.29927885 0.72956731 0.04507212 0.08173077
0 0.33293269 0.84735577 0.03966346 0.04387019
0 0.39663462 0.95312500 0.02524038 0.04507212
0 0.37139423 0.47836538 0.03125000 0.04086538
0 0.13581731 0.59254808 0.02884615 0.03125000
0 0.12740385 0.54807692 0.03665865 0.04927885
0 0.10096154 0.54927885 0.02403846 0.04326923
0 0.92668269 0.94471154 0.03906250 0.05949519
0 0.67548077 0.95913462 0.03004808 0.05408654
0 0.93149038 0.98076923 0.02644231 0.03846154
0 0.88461538 0.98677885 0.02884615 0.02644231
0 0.97836538 0.68629808 0.02704327 0.04747596
0 0.88701923 0.68269231 0.02283654 0.04447115
0 0.83774038 0.62620192 0.03545673 0.04266827
0 0.96033654 0.48677885 0.02584135 0.04206731
0 0.82692308 0.46274038 0.02524038 0.05649038
0 0.66826923 0.44350962 0.01923077 0.03125000
0 0.86658654 0.65384615 0.02463942 0.04507212
0 0.86057692 0.43870192 0.02403846 0.02163462
0 0.90024038 0.60096154 0.02764423 0.03545673
0 0.96995192 0.88461538 0.03665865 0.05228365
