0 0.32932692 0.16346154 0.01442308 0.03004808
0 0.31129808 0.17427885 0.01923077 0.02163462
0 0.25961538 0.12379808 0.02524038 0.04507212
0 0.06370192 0.03846154 0.02644231 0.03245192
0 0.10216346 0.37860577 0.02644231 0.04206731
0 0.80288462 0.33052885 0.03004808 0.04447115
0 0.35456731 0.88581731 0.03004808 0.04447115
0 0.37980769 0.89903846 0.01382212 0.02524038
0 0.34375000 0.88461538 0.02524038 0.05288462
0 0.35697115 0.82331731 0.01862981 0.02644231
0 0.40625000 0.78846154 0.02644231 0.05168269
0 0.43750000 0.75600962 0.00480769 0.03125000
0 0.42908654 0.72235577 0.02163462 0.04086538
0 0.28004808 0.71995192 0.01742788 0.03125000
0 0.29206731 0.76923077 0.02223558 0.03425481
0 0.31009615 0.76923077 0.02463942 0.04206731
0 0.33413462 0.81129808 0.01983173 0.04807692
0 0.32091346 0.81850962 0.01562500 0.02884615
0 0.24759615 0.82331731 0.02764423 0.04206731
0 0.28245192 0.85937500 0.04326923 0.07151442
0 0.23317308 0.86899038 0.02223558 0.07932692
0 0.22235577 0.71875000 0.02163462 0.02884615
0 0.22596154 0.70192308 0.02283654 0.03485577
0 0.22235577 0.81250000 0.02103365 0.03245192
0 0.21754808 0.89062500 0.02524038 0.03605769
0 0.25240385 0.93509615 0.02103365 0.03004808
0 0.16105769 0.70072115 0.02163462 0.03245192
0 0.25480769 0.64783654 0.03725962 0.03846154
0 0.01201923 0.76562500 0.02403846 0.04086538
0 0.23677885 0.59254808 0.02524038 0.05408654
0 0.04447115 0.57932692 0.02163462 0.03545673
0 0.00600962 0.82451923 0.01201923 0.02884615
0 0.01923077 0.82211538 0.01862981 0.04447115
0 0.03365385 0.83293269 0.01983173 0.04987981
0 0.05168269 0.83894231 0.02163462 0.03846154
0 0.76802885 0.96514423 0.02223558 0.03846154
0 0.85096154 0.76081731 0.02043269 0.03605769
0 0.78365385 0.66826923 0.01622596 0.03004808
