0 0.95673077 0.18028846 0.02163462 0.05288462
0 0.96754808 0.24158654 0.02163462 0.04567308
0 0.92668269 0.19471154 0.02764423 0.04687500
0 0.88581731 0.02163462 0.02524038 0.04206731
0 0.92548077 0.05528846 0.03245192 0.06370192
0 0.65024038 0.01923077 0.02163462 0.03725962
0 0.62259615 0.01201923 0.03365385 0.02403846
0 0.46153846 0.06850962 0.02043269 0.03245192
0 0.56370192 0.10336538 0.01682692 0.03245192
0 0.51442308 0.05649038 0.02043269 0.04807692
0 0.56009615 0.06610577 0.02524038 0.04326923
0 0.57932692 0.12139423 0.02644231 0.05769231
0 0.59495192 0.11778846 0.02764423 0.04567308
0 0.61298077 0.05288462 0.03485577 0.05889423
0 0.62379808 0.17668269 0.04086538 0.05288462
0 0.69951923 0.09855769 0.02764423 0.03846154
0 0.46754808 0.16346154 0.02403846 0.04086538
0 0.55288462 0.20192308 0.02403846 0.03125000
0 0.54326923 0.41346154 0.02043269 0.03004808
0 0.65865385 0.49038462 0.04206731 0.05528846
0 0.93629808 0.50721154 0.03125000 0.03725962
0 0.94711538 0.52403846 0.02524038 0.04687500
0 0.77163462 0.54687500 0.02043269 0.03846154
0 0.71153846 0.58293269 0.03125000 0.04206731
0 0.60576923 0.66466346 0.02163462 0.04326923
0 0.55649038 0.71754808 0.01682692 0.03846154
0 0.60096154 0.56850962 0.02764423 0.05168269
0 0.53365385 0.37139423 0.03605769 0.05048077
0 0.48197115 0.55408654 0.03725962 0.04326923
0 0.48557692 0.53725962 0.03485577 0.05288462
0 0.46514423 0.38341346 0.02524038 0.04567308
0 0.41105769 0.38461538 0.02403846 0.03245192
0 0.36899038 0.37860577 0.04086538 0.05168269
0 0.47596154 0.43149038 0.03125000 0.04086538
0 0.37980769 0.42788462 0.03004808 0.04086538
0 0.19711538 0.26081731 0.03725962 0.04687500
0 0.45432692 0.59375000 0.04687500 0.07932692
0 0.56250000 0.47235577 0.04326923 0.07331731
