0 0.80889423 0.45913462 0.01442308 0.03125000
0 0.79326923 0.46875000 0.01923077 0.02163462
0 0.73798077 0.42067308 0.02644231 0.04326923
0 0.77283654 0.19711538 0.01682692 0.03004808
0 0.75120192 0.17307692 0.02163462 0.04206731
0 0.72596154 0.20793269 0.02163462 0.04567308
0 0.70192308 0.24879808 0.03485577 0.04567308
0 0.56610577 0.18629808 0.02043269 0.03245192
0 0.52644231 0.13701923 0.01923077 0.06129808
0 0.41105769 0.12620192 0.03004808 0.04567308
0 0.32091346 0.24879808 0.02043269 0.03125000
0 0.41225962 0.28846154 0.01682692 0.03245192
0 0.38221154 0.24879808 0.01682692 0.03846154
0 0.42067308 0.24278846 0.01923077 0.03245192
0 0.43149038 0.27403846 0.02644231 0.05168269
0 0.47235577 0.25120192 0.01562500 0.04807692
0 0.46995192 0.22836538 0.03245192 0.05649038
0 0.46153846 0.35576923 0.03725962 0.07692308
0 0.55288462 0.34014423 0.02403846 0.03125000
0 0.30649038 0.36177885 0.02403846 0.03846154
0 0.39423077 0.47475962 0.02524038 0.03485577
0 0.45072115 0.57932692 0.02644231 0.03846154
0 0.59495192 0.66586538 0.02403846 0.04086538
0 0.76081731 0.70913462 0.02043269 0.02524038
0 0.77403846 0.72355769 0.01923077 0.03605769
0 0.60336538 0.74879808 0.01923077 0.03485577
0 0.57211538 0.74038462 0.03605769 0.04807692
0 0.46754808 0.88461538 0.02043269 0.04086538
0 0.43990385 0.94591346 0.01923077 0.04326923
0 0.43870192 0.76201923 0.04326923 0.05168269
0 0.43389423 0.69230769 0.01923077 0.04687500
0 0.39663462 0.61899038 0.03004808 0.07331731
0 0.31850962 0.73437500 0.02043269 0.02764423
0 0.29687500 0.77163462 0.03125000 0.03605769
0 0.29206731 0.73677885 0.02163462 0.03245192
0 0.28725962 0.59254808 0.03004808 0.05288462
0 0.27644231 0.62379808 0.02403846 0.03485577
0 0.04206731 0.38100962 0.04326923 0.08894231
0 0.17427885 0.57692308 0.01923077 0.03725962
0 0.24038462 0.63701923 0.02403846 0.05528846
0 0.18269231 0.64423077 0.02403846 0.03125000
