0 0.50841346 0.37620192 0.01923077 0.04687500
0 0.61298077 0.56129808 0.03605769 0.05649038
0 0.96153846 0.57932692 0.02644231 0.03245192
0 0.97475962 0.58653846 0.02403846 0.05649038
0 0.81370192 0.61658654 0.02764423 0.05168269
0 0.75721154 0.66826923 0.02764423 0.04086538
0 0.59254808 0.66586538 0.02644231 0.05288462
0 0.53966346 0.75120192 0.02043269 0.04567308
0 0.62379808 0.63341346 0.02524038 0.04206731
0 0.51562500 0.43750000 0.02644231 0.03846154
0 0.50360577 0.59735577 0.02644231 0.03605769
0 0.49038462 0.55528846 0.02524038 0.04206731
0 0.47836538 0.40264423 0.02403846 0.04326923
0 0.47235577 0.31610577 0.03125000 0.04326923
0 0.45432692 0.40264423 0.01923077 0.03725962
0 0.49879808 0.36899038 0.01682692 0.03846154
0 0.45192308 0.39423077 0.03125000 0.05168269
0 0.56250000 0.51442308 0.05048077 0.07451923
0 0.49879808 0.54086538 0.02403846 0.03725962
0 0.25961538 0.30528846 0.02524038 0.05649038
0 0.55528846 0.33774038 0.02403846 0.04567308
0 0.61298077 0.28485577 0.01682692 0.03004808
0 0.94951923 0.24639423 0.02524038 0.03846154
0 0.46754808 0.26201923 0.02644231 0.04326923
0 0.61538462 0.33173077 0.01682692 0.05649038
0 0.65264423 0.26081731 0.03245192 0.05649038
0 0.96634615 0.20072115 0.02043269 0.03485577
0 0.93870192 0.22596154 0.02644231 0.03485577
0 0.55889423 0.17548077 0.02043269 0.03846154
0 0.46754808 0.14903846 0.01682692 0.04326923
0 0.53846154 0.13581731 0.02043269 0.03605769
0 0.68269231 0.12980769 0.03485577 0.05288462
0 0.76923077 0.12139423 0.02644231 0.04807692
0 0.94350962 0.11418269 0.03004808 0.05528846
0 0.62740385 0.28125000 0.02043269 0.04326923
0 0.90264423 0.08413462 0.03245192 0.05528846
0 0.62139423 0.07211538 0.02043269 0.02764423
0 0.63461538 0.11057692 0.02403846 0.03846154
0 0.50841346 0.08052885 0.01562500 0.03725962
0 0.94471154 0.01923077 0.02764423 0.03846154
0 0.96875000 0.01923077 0.02403846 0.03485577
