0 0.32211538 0.00480769 0.02884615 0.00961538
0 0.31250000 0.20552885 0.02584135 0.03245192
0 0.46514423 0.29086538 0.03425481 0.05348558
0 0.56610577 0.37019231 0.02463942 0.04026442
0 0.50600962 0.39543269 0.03846154 0.05108173
0 0.37259615 0.39182692 0.03485577 0.05889423
0 0.34375000 0.28605769 0.05048077 0.07451923
0 0.31490385 0.17067308 0.04387019 0.05769231
0 0.23437500 0.37019231 0.04627404 0.05168269
0 0.21634615 0.41586538 0.05528846 0.06790865
0 0.24519231 0.34254808 0.03545673 0.05108173
0 0.22115385 0.18990385 0.02884615 0.04807692
0 0.16225962 0.19471154 0.03064904 0.04146635
0 0.11057692 0.18149038 0.04687500 0.05709135
0 0.22115385 0.23557692 0.03305288 0.03906250
0 0.12500000 0.23076923 0.03185096 0.04026442
0 0.53605769 0.69711538 0.02644231 0.05168269
0 0.50600962 0.71394231 0.03305288 0.05769231
0 0.78725962 0.50240385 0.03605769 0.02884615
0 0.80048077 0.54687500 0.01502404 0.03185096
0 0.81730769 0.54687500 0.02463942 0.04146635
0 0.83293269 0.54927885 0.02283654 0.05588942
0 0.84975962 0.55889423 0.02764423 0.04687500
