0 0.50961538 0.34735577 0.01923077 0.04807692
0 0.62500000 0.51802885 0.04807692 0.06250000
0 0.96153846 0.53004808 0.02524038 0.03004808
0 0.97716346 0.53846154 0.02524038 0.05889423
0 0.80769231 0.57091346 0.02524038 0.04326923
0 0.75600962 0.61899038 0.03846154 0.05288462
0 0.60576923 0.63341346 0.02644231 0.05288462
0 0.54567308 0.70913462 0.02043269 0.04567308
0 0.62860577 0.59014423 0.02403846 0.04206731
0 0.52644231 0.40985577 0.02524038 0.05769231
0 0.50600962 0.57211538 0.02764423 0.04086538
0 0.50480769 0.50600962 0.02644231 0.04567308
0 0.48317308 0.38461538 0.02403846 0.04326923
0 0.47355769 0.28846154 0.03485577 0.04807692
0 0.44711538 0.37500000 0.01923077 0.03725962
0 0.50120192 0.34375000 0.01562500 0.03725962
0 0.44711538 0.34735577 0.03125000 0.05168269
0 0.56850962 0.46995192 0.05048077 0.07451923
0 0.49879808 0.48677885 0.02403846 0.03846154
0 0.24879808 0.26201923 0.02764423 0.05889423
0 0.55889423 0.27163462 0.02043269 0.04326923
0 0.61298077 0.23557692 0.01562500 0.03125000
0 0.96033654 0.21153846 0.02524038 0.03846154
0 0.47475962 0.21274038 0.03004808 0.04807692
0 0.61418269 0.28245192 0.01923077 0.05889423
0 0.65264423 0.20913462 0.03485577 0.05889423
0 0.97596154 0.16826923 0.02043269 0.03245192
0 0.94350962 0.17788462 0.02644231 0.03485577
0 0.56250000 0.12620192 0.02043269 0.03846154
0 0.47475962 0.09855769 0.01682692 0.04086538
0 0.54927885 0.09134615 0.02043269 0.03485577
0 0.67548077 0.07331731 0.03004808 0.04567308
0 0.76201923 0.07451923 0.02644231 0.06370192
0 0.94110577 0.06129808 0.03004808 0.05528846
0 0.61899038 0.21995192 0.02043269 0.03846154
0 0.51322115 0.04326923 0.02043269 0.03004808
0 0.90625000 0.02764423 0.03125000 0.03004808
0 0.62379808 0.03485577 0.02043269 0.02764423
0 0.63942308 0.06250000 0.02163462 0.03725962
0 0.51682692 0.02163462 0.01442308 0.03605769
