0 0.44350962 0.00961538 0.02163462 0.01923077
0 0.38100962 0.04206731 0.03906250 0.05168269
0 0.26322115 0.11778846 0.03245192 0.05649038
0 0.20312500 0.16466346 0.02283654 0.04807692
0 0.26201923 0.03725962 0.02704327 0.04266827
0 0.14423077 0.02043269 0.03365385 0.04086538
0 0.11899038 0.05408654 0.05588942 0.09074519
0 0.99399038 0.04927885 0.01201923 0.06971154
0 0.99038462 0.17187500 0.01923077 0.06009615
0 0.93269231 0.25360577 0.02524038 0.04927885
0 0.88942308 0.10697115 0.03305288 0.04567308
0 0.88942308 0.03725962 0.02884615 0.04807692
0 0.95552885 0.01923077 0.06009615 0.03846154
0 0.88100962 0.01802885 0.02644231 0.03605769
0 0.29326923 0.48557692 0.05168269 0.04266827
0 0.44951923 0.83173077 0.05108173 0.06911058
0 0.43149038 0.87620192 0.02343750 0.04627404
0 0.36899038 0.92668269 0.03545673 0.05048077
0 0.42908654 0.58533654 0.03125000 0.06129808
0 0.27884615 0.76682692 0.02343750 0.04447115
0 0.30408654 0.78485577 0.02223558 0.03545673
0 0.26802885 0.53485577 0.03425481 0.05168269
0 0.20312500 0.65745192 0.05228365 0.08533654
0 0.29567308 0.63581731 0.01382212 0.02644231
0 0.34855769 0.48437500 0.03004808 0.03605769
0 0.25721154 0.70072115 0.03485577 0.07091346
0 0.37740385 0.58052885 0.02163462 0.04146635
0 0.22596154 0.40384615 0.01923077 0.00961538
0 0.41346154 0.47355769 0.02163462 0.03004808
0 0.35937500 0.68750000 0.03004808 0.05528846
0 0.34375000 0.79447115 0.03966346 0.04687500
0 0.30408654 0.82572115 0.02884615 0.05288462
0 0.24399038 0.43149038 0.02524038 0.03725962
0 0.54807692 0.50480769 0.02163462 0.04807692
0 0.51682692 0.54326923 0.02884615 0.03004808
0 0.47716346 0.53125000 0.03125000 0.05048077
0 0.76201923 0.84615385 0.03605769 0.05949519
0 0.80889423 0.95552885 0.05108173 0.06790865
0 0.82932692 0.63221154 0.02043269 0.03786058
0 0.83413462 0.58293269 0.02103365 0.03365385
0 0.91586538 0.63341346 0.02764423 0.03365385
0 0.71033654 0.47115385 0.02824519 0.04927885
0 0.96754808 0.40625000 0.03605769 0.01442308
0 0.91346154 0.43149038 0.03906250 0.06189904
0 0.61057692 0.52043269 0.00480769 0.03125000
0 0.66466346 0.66947115 0.02163462 0.04807692
0 0.62500000 0.69951923 0.02043269 0.03004808
