0 0.02043269 0.02043269 0.03125000 0.04086538
0 0.39543269 0.01682692 0.02403846 0.03305288
0 0.38701923 0.17187500 0.03605769 0.04807692
0 0.23677885 0.27764423 0.02824519 0.04687500
0 0.00600962 0.31250000 0.01201923 0.02884615
0 0.17067308 0.35697115 0.02283654 0.04086538
0 0.21153846 0.36418269 0.03786058 0.05048077
0 0.33173077 0.48677885 0.02403846 0.04266827
0 0.37259615 0.53725962 0.01802885 0.03846154
0 0.34975962 0.37860577 0.03004808 0.05468750
0 0.36658654 0.28725962 0.03846154 0.06069712
0 0.39903846 0.19110577 0.02824519 0.06550481
0 0.47115385 0.33894231 0.02584135 0.03425481
0 0.50600962 0.40745192 0.03365385 0.03725962
0 0.49639423 0.34375000 0.02764423 0.03846154
0 0.50000000 0.19350962 0.02403846 0.04567308
0 0.55168269 0.21514423 0.02343750 0.03185096
0 0.51322115 0.24759615 0.03665865 0.07271635
0 0.58293269 0.22475962 0.01201923 0.04086538
0 0.60456731 0.15024038 0.02283654 0.04567308
0 0.61177885 0.02884615 0.01983173 0.03485577
0 0.63341346 0.06370192 0.02524038 0.04266827
0 0.71875000 0.07211538 0.02704327 0.03846154
0 0.68870192 0.07932692 0.03906250 0.07091346
0 0.75841346 0.14903846 0.01742788 0.03846154
0 0.77043269 0.04206731 0.02343750 0.03605769
0 0.78725962 0.13221154 0.02403846 0.03425481
0 0.74399038 0.05889423 0.02644231 0.02644231
0 0.99639423 0.04326923 0.00721154 0.02403846
0 0.98677885 0.04687500 0.02163462 0.03485577
0 0.97235577 0.04447115 0.01262019 0.03846154
0 0.95432692 0.05528846 0.02043269 0.03245192
0 0.75600962 0.26081731 0.02163462 0.03305288
0 0.74278846 0.30168269 0.01923077 0.02704327
0 0.26322115 0.87259615 0.03004808 0.03906250
0 0.25120192 0.82572115 0.01382212 0.02884615
0 0.28846154 0.78125000 0.02163462 0.04326923
0 0.29086538 0.75000000 0.02283654 0.03305288
0 0.20552885 0.62980769 0.03125000 0.03846154
0 0.26322115 0.64182692 0.02704327 0.04206731
0 0.22355769 0.61057692 0.03365385 0.03305288
0 0.33894231 0.60096154 0.02403846 0.02403846
0 0.32572115 0.64543269 0.01923077 0.03305288
0 0.34735577 0.67427885 0.02283654 0.04206731
0 0.43509615 0.68149038 0.02764423 0.03966346
0 0.41947115 0.67187500 0.02824519 0.03605769
0 0.49879808 0.78245192 0.01742788 0.03605769
0 0.51081731 0.66826923 0.02343750 0.03725962
0 0.53004808 0.74038462 0.02163462 0.03125000
0 0.48317308 0.68629808 0.02824519 0.02644231
0 0.47355769 0.81730769 0.02584135 0.03966346
0 0.46995192 0.86418269 0.02343750 0.03305288
