0 0.31971154 0.02283654 0.02884615 0.04567308
0 0.16225962 0.01322115 0.02644231 0.02644231
0 0.25120192 0.06129808 0.02524038 0.03185096
0 0.23918269 0.24639423 0.02223558 0.02824519
0 0.30649038 0.53004808 0.02103365 0.04146635
0 0.26322115 0.58413462 0.01862981 0.03846154
0 0.29326923 0.42668269 0.03125000 0.05408654
0 0.27043269 0.33052885 0.04507212 0.06670673
0 0.24519231 0.21754808 0.03906250 0.05228365
0 0.15865385 0.40144231 0.03004808 0.03485577
0 0.14903846 0.45072115 0.04507212 0.07031250
0 0.17788462 0.38341346 0.02764423 0.03786058
0 0.15024038 0.24158654 0.02944712 0.04627404
0 0.09975962 0.24399038 0.02343750 0.03365385
0 0.04687500 0.23317308 0.04387019 0.05228365
0 0.14302885 0.29927885 0.03906250 0.07211538
0 0.05889423 0.28125000 0.02704327 0.03425481
0 0.73437500 0.71274038 0.03846154 0.05528846
0 0.96634615 0.70673077 0.03305288 0.05408654
0 0.98677885 0.80168269 0.02644231 0.04567308
0 0.70312500 0.74639423 0.02824519 0.05408654
0 0.68870192 0.88581731 0.03004808 0.03305288
0 0.76802885 0.69350962 0.03185096 0.05288462
0 0.62740385 0.65144231 0.01442308 0.02403846
0 0.70432692 0.65504808 0.02884615 0.03125000
0 0.65264423 0.70793269 0.03004808 0.06069712
0 0.66466346 0.77043269 0.04567308 0.07632212
