0 0.37019231 0.68990385 0.03485577 0.06310096
0 0.37259615 0.51201923 0.02884615 0.03846154
0 0.36177885 0.45913462 0.01502404 0.02944712
0 0.40865385 0.41346154 0.02283654 0.04387019
0 0.40384615 0.38341346 0.02283654 0.03365385
0 0.37019231 0.27764423 0.02884615 0.03605769
0 0.43750000 0.27644231 0.01923077 0.03365385
0 0.46033654 0.30649038 0.02043269 0.03966346
0 0.55288462 0.31370192 0.02283654 0.03725962
0 0.53365385 0.30649038 0.02884615 0.03725962
0 0.61298077 0.41346154 0.01802885 0.03725962
0 0.62620192 0.29807692 0.02283654 0.03725962
0 0.64543269 0.37500000 0.02043269 0.03125000
0 0.59735577 0.31730769 0.02884615 0.02884615
0 0.82331731 0.27043269 0.02644231 0.02163462
0 0.85576923 0.27043269 0.01442308 0.02163462
0 0.84254808 0.27764423 0.01682692 0.03605769
0 0.81370192 0.29086538 0.02524038 0.03365385
0 0.59014423 0.46033654 0.02283654 0.03125000
0 0.58533654 0.51081731 0.02163462 0.03365385
0 0.40865385 0.77283654 0.02043269 0.03725962
