0 0.54206731 0.14663462 0.03004808 0.04086538
0 0.64663462 0.25360577 0.04687500 0.05889423
0 0.96634615 0.23798077 0.02644231 0.03125000
0 0.98076923 0.26562500 0.02163462 0.05168269
0 0.80288462 0.29687500 0.02524038 0.04567308
0 0.75240385 0.34495192 0.03485577 0.04687500
0 0.61658654 0.37860577 0.02524038 0.05168269
0 0.55889423 0.43269231 0.02043269 0.04807692
0 0.63461538 0.32451923 0.02524038 0.04326923
0 0.52283654 0.09615385 0.02403846 0.05288462
0 0.51802885 0.29447115 0.02764423 0.03846154
0 0.50961538 0.24879808 0.03485577 0.05288462
0 0.50120192 0.09615385 0.02403846 0.04326923
0 0.47716346 0.04086538 0.03125000 0.05528846
0 0.43629808 0.09495192 0.04326923 0.05288462
0 0.49399038 0.14663462 0.03004808 0.03846154
0 0.44110577 0.13100962 0.03004808 0.04807692
0 0.57692308 0.20673077 0.04326923 0.06610577
0 0.51201923 0.28846154 0.02403846 0.04206731
0 0.24158654 0.01442308 0.02524038 0.02764423
0 0.61899038 0.02163462 0.01923077 0.04326923
