0 0.42067308 0.12860577 0.03605769 0.04687500
0 0.45552885 0.06610577 0.02524038 0.05048077
0 0.47235577 0.02163462 0.02103365 0.03966346
0 0.90384615 0.00600962 0.02403846 0.01201923
0 0.97355769 0.39543269 0.02403846 0.01201923
0 0.96514423 0.57812500 0.02043269 0.02764423
0 0.98557692 0.90504808 0.01562500 0.03725962
0 0.98677885 0.64903846 0.02644231 0.06250000
0 0.96634615 0.54567308 0.03605769 0.05048077
0 0.89423077 0.72596154 0.03725962 0.04326923
0 0.87860577 0.76682692 0.04567308 0.05769231
0 0.90384615 0.70192308 0.03125000 0.04687500
0 0.88221154 0.56370192 0.02403846 0.04326923
0 0.82932692 0.56730769 0.02524038 0.03605769
0 0.78245192 0.55649038 0.03846154 0.04807692
0 0.88221154 0.60576923 0.03004808 0.03605769
0 0.79567308 0.60096154 0.02644231 0.03605769
0 0.61298077 0.41826923 0.03846154 0.04807692
