0 0.23557692 0.06971154 0.01983173 0.04387019
0 0.34254808 0.26442308 0.03966346 0.05769231
0 0.70192308 0.28365385 0.03064904 0.03485577
0 0.71033654 0.29086538 0.01682692 0.05769231
0 0.55288462 0.31610577 0.03064904 0.05288462
0 0.49639423 0.37259615 0.02824519 0.04026442
0 0.32692308 0.36057692 0.02824519 0.05408654
0 0.27043269 0.45673077 0.02223558 0.04747596
0 0.35817308 0.33413462 0.02824519 0.04447115
0 0.24278846 0.13461538 0.02944712 0.04026442
0 0.22836538 0.29086538 0.03125000 0.04026442
0 0.21274038 0.23677885 0.02824519 0.04266827
0 0.20793269 0.08653846 0.02403846 0.04326923
0 0.19951923 0.01442308 0.03365385 0.02884615
0 0.18629808 0.09134615 0.02043269 0.03846154
0 0.22716346 0.05769231 0.02103365 0.04026442
0 0.18149038 0.06370192 0.02463942 0.03665865
0 0.29206731 0.21514423 0.04927885 0.07632212
0 0.22956731 0.23437500 0.02644231 0.03966346
0 0.28365385 0.03245192 0.02644231 0.04747596
0 0.34855769 0.03004808 0.02103365 0.05769231
0 0.81490385 0.40625000 0.04387019 0.06310096
0 0.79326923 0.45072115 0.02524038 0.04807692
0 0.75600962 0.51802885 0.03665865 0.03786058
0 0.80769231 0.20673077 0.02824519 0.05468750
0 0.73197115 0.08293269 0.02644231 0.03125000
0 0.76322115 0.19110577 0.02644231 0.04747596
0 0.79927885 0.06850962 0.02524038 0.03305288
0 0.73798077 0.27403846 0.02584135 0.04807692
0 0.72836538 0.37139423 0.01923077 0.04567308
0 0.92307692 0.10216346 0.01983173 0.04807692
0 0.88100962 0.13100962 0.01923077 0.02884615
0 0.83173077 0.16346154 0.03185096 0.04927885
0 0.33653846 0.90625000 0.01502404 0.02884615
0 0.85697115 0.65024038 0.03906250 0.06310096
0 0.90264423 0.76562500 0.05348558 0.07451923
