0 0.81009615 0.45913462 0.01442308 0.03125000
0 0.79567308 0.46995192 0.01923077 0.02163462
0 0.74038462 0.42067308 0.02644231 0.04326923
0 0.77524038 0.19711538 0.01682692 0.03004808
0 0.75360577 0.17427885 0.02163462 0.04206731
0 0.72836538 0.20793269 0.02043269 0.04567308
0 0.70552885 0.25240385 0.03485577 0.04567308
0 0.56610577 0.18389423 0.02043269 0.03245192
0 0.52764423 0.13942308 0.01923077 0.06129808
0 0.41225962 0.12860577 0.03004808 0.04567308
0 0.32331731 0.25360577 0.01923077 0.03004808
0 0.41346154 0.29086538 0.01682692 0.03245192
0 0.38341346 0.25120192 0.01682692 0.04086538
0 0.42307692 0.24278846 0.01923077 0.03245192
0 0.43389423 0.27283654 0.02644231 0.05168269
0 0.47475962 0.25120192 0.01562500 0.04807692
0 0.47475962 0.23076923 0.03245192 0.05649038
0 0.46274038 0.35817308 0.03725962 0.07692308
0 0.55408654 0.33894231 0.02403846 0.03125000
0 0.30889423 0.36177885 0.02403846 0.03846154
0 0.39423077 0.47235577 0.02403846 0.03245192
0 0.45192308 0.58173077 0.02644231 0.03846154
0 0.59495192 0.66826923 0.02403846 0.04086538
0 0.76442308 0.70913462 0.02043269 0.02524038
0 0.77403846 0.72355769 0.01923077 0.03605769
0 0.60576923 0.74879808 0.01923077 0.03485577
0 0.57812500 0.74278846 0.03605769 0.04807692
0 0.46995192 0.88701923 0.02043269 0.04206731
0 0.43990385 0.94711538 0.01923077 0.04326923
0 0.44110577 0.76322115 0.04326923 0.05168269
0 0.43509615 0.69350962 0.01923077 0.04807692
0 0.40024038 0.61778846 0.03004808 0.07331731
0 0.32211538 0.73557692 0.01923077 0.02644231
0 0.29927885 0.77163462 0.03125000 0.03605769
0 0.29447115 0.73677885 0.02163462 0.03245192
0 0.29326923 0.59495192 0.03004808 0.05288462
0 0.27764423 0.62139423 0.02403846 0.03605769
0 0.04326923 0.38221154 0.04567308 0.09375000
0 0.17788462 0.57692308 0.02043269 0.03846154
0 0.24399038 0.64062500 0.02403846 0.05168269
0 0.18509615 0.64182692 0.02403846 0.03125000
