0 0.11298077 0.42668269 0.01682692 0.03185096
0 0.13341346 0.44591346 0.02043269 0.02343750
0 0.18389423 0.39423077 0.02403846 0.04266827
0 0.15504808 0.15504808 0.01983173 0.03185096
0 0.17427885 0.13221154 0.02343750 0.04326923
0 0.20312500 0.17788462 0.02343750 0.04747596
0 0.21514423 0.22836538 0.03665865 0.04807692
0 0.37980769 0.14543269 0.01983173 0.03365385
0 0.42427885 0.11298077 0.02163462 0.06189904
0 0.38461538 0.30649038 0.02403846 0.03185096
0 0.03245192 0.83413462 0.02463942 0.03425481
0 0.02644231 0.81490385 0.01502404 0.02884615
0 0.09254808 0.75480769 0.02223558 0.04387019
0 0.06490385 0.72716346 0.01983173 0.03185096
0 0.03485577 0.64302885 0.03485577 0.04927885
0 0.01081731 0.59375000 0.02163462 0.00961538
0 0.13822115 0.59855769 0.02163462 0.01923077
0 0.10697115 0.59855769 0.03125000 0.01923077
0 0.09735577 0.64302885 0.01983173 0.03545673
0 0.11658654 0.67307692 0.02463942 0.04387019
0 0.20072115 0.68149038 0.02223558 0.03545673
0 0.16947115 0.69350962 0.04086538 0.07031250
0 0.23437500 0.75360577 0.02283654 0.04146635
0 0.24879808 0.65144231 0.02343750 0.03545673
0 0.26562500 0.74158654 0.02463942 0.03305288
0 0.22355769 0.66706731 0.02403846 0.02403846
0 0.44350962 0.65865385 0.01201923 0.04326923
0 0.43149038 0.66947115 0.02403846 0.03185096
0 0.23677885 0.87860577 0.02343750 0.03305288
0 0.22475962 0.92067308 0.02343750 0.03545673
0 0.77764423 0.98798077 0.02163462 0.02403846
0 0.80649038 0.86418269 0.02223558 0.04146635
