0 0.10937500 0.01682692 0.02163462 0.03365385
0 0.43149038 0.39423077 0.01983173 0.04687500
0 0.32331731 0.59134615 0.03906250 0.05949519
0 0.10937500 0.64423077 0.03605769 0.05588942
0 0.16947115 0.69951923 0.02944712 0.04326923
0 0.34254808 0.69110577 0.03004808 0.05588942
0 0.39783654 0.78605769 0.02403846 0.04747596
0 0.30889423 0.66466346 0.02644231 0.04627404
0 0.42187500 0.45793269 0.03064904 0.04326923
0 0.43990385 0.62259615 0.02944712 0.03786058
0 0.45552885 0.56971154 0.03004808 0.04627404
0 0.46033654 0.41466346 0.02884615 0.04687500
0 0.46754808 0.32692308 0.03906250 0.05108173
0 0.48317308 0.41706731 0.02283654 0.04146635
0 0.44230769 0.38341346 0.01862981 0.04086538
0 0.48798077 0.38822115 0.02704327 0.03725962
0 0.37500000 0.53966346 0.05108173 0.07872596
0 0.44230769 0.56250000 0.02524038 0.03966346
0 0.38341346 0.35336538 0.02764423 0.04867788
0 0.31971154 0.29927885 0.02163462 0.03305288
0 0.47235577 0.28485577 0.03125000 0.03125000
0 0.31730769 0.34975962 0.01802885 0.05889423
0 0.27644231 0.28725962 0.03365385 0.03605769
0 0.30408654 0.29807692 0.02163462 0.04567308
0 0.93389423 0.38581731 0.01983173 0.04567308
0 0.77043269 0.72596154 0.03786058 0.05468750
0 0.79447115 0.74639423 0.02884615 0.05108173
0 0.83293269 0.84375000 0.03906250 0.04206731
0 0.76562500 0.56250000 0.04387019 0.07031250
0 0.88701923 0.59375000 0.03786058 0.06850962
0 0.89302885 0.65384615 0.02403846 0.03906250
0 0.90264423 0.40144231 0.02584135 0.04026442
0 0.96754808 0.51081731 0.03665865 0.05168269
0 0.89903846 0.49639423 0.01682692 0.03305288
0 0.84014423 0.40024038 0.03245192 0.03846154
0 0.91346154 0.56730769 0.03365385 0.05649038
0 0.81490385 0.52644231 0.03425481 0.05889423
0 0.95192308 0.30528846 0.01923077 0.04266827
0 0.91706731 0.31490385 0.03004808 0.04507212
0 0.77043269 0.39302885 0.02764423 0.03605769
0 0.83533654 0.58774038 0.02403846 0.04567308
0 0.85096154 0.68629808 0.02403846 0.04567308
0 0.86778846 0.75120192 0.04567308 0.07692308
0 0.97235577 0.32932692 0.02283654 0.03125000
0 0.65745192 0.41706731 0.02403846 0.05528846
0 0.70673077 0.46634615 0.02163462 0.03245192
0 0.74038462 0.47836538 0.02403846 0.03966346
