0 0.94831731 0.25120192 0.01442308 0.03125000
0 0.95793269 0.32451923 0.02403846 0.02764423
0 0.91466346 0.27043269 0.02764423 0.04687500
0 0.93629808 0.03245192 0.02043269 0.03605769
0 0.91586538 0.03605769 0.02403846 0.04567308
0 0.87860577 0.09254808 0.02524038 0.05168269
0 0.91586538 0.12980769 0.03125000 0.06129808
0 0.65504808 0.07211538 0.05048077 0.04086538
0 0.61899038 0.07211538 0.03846154 0.05528846
0 0.57451923 0.01562500 0.02764423 0.03125000
0 0.45673077 0.14663462 0.02043269 0.03125000
0 0.55408654 0.17548077 0.01562500 0.03125000
0 0.50961538 0.12860577 0.02163462 0.04807692
0 0.55649038 0.13100962 0.02163462 0.03846154
0 0.57211538 0.18028846 0.02524038 0.07451923
0 0.58173077 0.17908654 0.03245192 0.03725962
0 0.59975962 0.12139423 0.03245192 0.05649038
0 0.61658654 0.24278846 0.03846154 0.05528846
0 0.68990385 0.17307692 0.03245192 0.04326923
0 0.45793269 0.23197115 0.02403846 0.04086538
0 0.54086538 0.27644231 0.02403846 0.03125000
0 0.53245192 0.47596154 0.02043269 0.02764423
0 0.65865385 0.55528846 0.03125000 0.05528846
0 0.92668269 0.57812500 0.02764423 0.03485577
0 0.93629808 0.59855769 0.02524038 0.04687500
0 0.76201923 0.62019231 0.02043269 0.03605769
0 0.70312500 0.64423077 0.03125000 0.04206731
0 0.59735577 0.74038462 0.02043269 0.04086538
0 0.55168269 0.80048077 0.01562500 0.03725962
0 0.58653846 0.63942308 0.02764423 0.05168269
0 0.55889423 0.54086538 0.03846154 0.06250000
0 0.52884615 0.44110577 0.03846154 0.05168269
0 0.46754808 0.62139423 0.03846154 0.04687500
0 0.45072115 0.66225962 0.04567308 0.05769231
0 0.47235577 0.59855769 0.03125000 0.04687500
0 0.45432692 0.45673077 0.02524038 0.04567308
0 0.39663462 0.45913462 0.02524038 0.03605769
0 0.35576923 0.44711538 0.04326923 0.05288462
0 0.45793269 0.50360577 0.03004808 0.03725962
0 0.36778846 0.49399038 0.02644231 0.03605769
0 0.18389423 0.32451923 0.03846154 0.04807692
