0 0.23798077 0.04447115 0.03305288 0.05048077
0 0.32331731 0.12019231 0.02223558 0.03786058
0 0.27283654 0.14062500 0.03906250 0.05048077
0 0.15865385 0.24639423 0.02103365 0.04146635
0 0.11418269 0.30288462 0.01742788 0.03846154
0 0.14302885 0.14062500 0.02884615 0.05288462
0 0.12139423 0.04447115 0.04747596 0.06850962
0 0.01201923 0.11778846 0.02403846 0.03365385
0 0.01081731 0.16586538 0.02163462 0.07211538
0 0.02884615 0.09855769 0.02884615 0.04387019
0 0.00600962 0.02524038 0.01201923 0.05048077
0 0.80288462 0.09495192 0.01622596 0.03665865
0 0.91346154 0.10937500 0.02944712 0.04627404
0 0.74038462 0.21514423 0.03125000 0.04447115
0 0.70312500 0.29326923 0.03125000 0.05468750
0 0.76322115 0.32091346 0.01141827 0.02403846
0 0.82572115 0.01923077 0.03125000 0.03846154
0 0.74278846 0.32091346 0.03545673 0.04447115
0 0.89182692 0.15144231 0.01983173 0.04326923
0 0.71274038 0.02403846 0.01682692 0.03365385
0 0.90024038 0.07451923 0.02884615 0.03846154
0 0.87379808 0.26442308 0.03605769 0.07151442
0 0.83894231 0.35336538 0.03365385 0.00961538
0 0.80168269 0.03485577 0.02704327 0.03786058
0 0.22836538 0.57091346 0.01622596 0.04026442
0 0.33653846 0.87740385 0.03786058 0.05468750
0 0.31129808 0.91586538 0.03064904 0.05528846
0 0.37259615 0.87740385 0.03004808 0.05228365
0 0.24879808 0.69110577 0.02463942 0.03305288
0 0.23317308 0.80528846 0.01682692 0.03425481
0 0.24158654 0.56370192 0.02223558 0.03846154
0 0.18389423 0.60216346 0.04567308 0.06610577
0 0.23076923 0.64182692 0.01442308 0.02944712
0 0.26081731 0.58774038 0.01502404 0.03185096
0 0.21875000 0.64663462 0.01983173 0.03365385
0 0.09495192 0.45072115 0.03305288 0.06730769
0 0.28846154 0.64663462 0.02283654 0.03966346
0 0.13581731 0.44350962 0.02463942 0.03786058
0 0.38701923 0.64423077 0.02103365 0.04387019
0 0.42668269 0.61298077 0.02644231 0.02884615
0 0.35456731 0.44591346 0.02103365 0.04026442
0 0.20673077 0.47836538 0.01983173 0.04387019
0 0.23437500 0.47475962 0.02644231 0.04266827
0 0.40745192 0.61418269 0.02343750 0.03786058
0 0.37860577 0.38100962 0.02343750 0.03004808
0 0.40865385 0.39423077 0.02343750 0.03846154
0 0.22475962 0.38942308 0.01742788 0.02884615
0 0.38942308 0.55168269 0.02944712 0.03786058
0 0.30769231 0.81971154 0.03004808 0.05288462
0 0.26562500 0.92788462 0.04987981 0.06971154
0 0.25480769 0.86538462 0.03425481 0.06610577
0 0.40144231 0.40865385 0.02043269 0.05288462
0 0.70192308 0.55048077 0.01622596 0.03786058
0 0.86538462 0.85216346 0.04627404 0.06189904
0 0.86658654 0.96634615 0.02884615 0.04987981
0 0.72235577 0.96033654 0.04507212 0.06009615
0 0.81009615 0.55288462 0.03064904 0.04747596
0 0.63701923 0.83533654 0.03966346 0.06009615
0 0.69711538 0.85937500 0.01983173 0.03185096
0 0.63581731 0.66947115 0.03305288 0.04627404
0 0.59735577 0.74759615 0.03305288 0.05889423
0 0.66105769 0.76923077 0.01021635 0.02463942
0 0.72355769 0.46394231 0.03305288 0.04026442
0 0.64062500 0.77644231 0.03485577 0.04026442
0 0.79326923 0.60456731 0.01923077 0.03846154
0 0.60697115 0.47355769 0.01682692 0.03425481
0 0.68028846 0.41947115 0.02764423 0.04146635
0 0.70192308 0.36418269 0.03365385 0.01201923
0 0.79807692 0.52524038 0.02944712 0.04026442
0 0.76802885 0.70913462 0.03485577 0.06850962
0 0.83173077 0.37139423 0.02884615 0.02644231
0 0.73677885 0.81610577 0.03485577 0.03786058
0 0.67788462 0.91225962 0.02343750 0.04146635
0 0.69831731 0.47716346 0.02944712 0.03966346
0 0.83774038 0.40384615 0.02524038 0.03305288
0 0.92067308 0.58052885 0.02944712 0.03004808
0 0.92788462 0.54086538 0.03425481 0.04387019
0 0.95192308 0.54086538 0.02103365 0.03846154
