0 0.45312500 0.11658654 0.04927885 0.03966346
0 0.40264423 0.11658654 0.04206731 0.05709135
0 0.35697115 0.06009615 0.03425481 0.04927885
0 0.23918269 0.20673077 0.02103365 0.03305288
0 0.33413462 0.23437500 0.02223558 0.03485577
0 0.29447115 0.19110577 0.02584135 0.04687500
0 0.34495192 0.18509615 0.02463942 0.04206731
0 0.35336538 0.24038462 0.02884615 0.07331731
0 0.37860577 0.22716346 0.03665865 0.04146635
0 0.39062500 0.17788462 0.03665865 0.05949519
0 0.39783654 0.30048077 0.02704327 0.06250000
0 0.47355769 0.23677885 0.03125000 0.03966346
0 0.23798077 0.29326923 0.02764423 0.04086538
0 0.32572115 0.33894231 0.02644231 0.01923077
0 0.93028846 0.01562500 0.02884615 0.03125000
0 0.33293269 0.37139423 0.05048077 0.04567308
0 0.46875000 0.40865385 0.02463942 0.03966346
0 0.40985577 0.45192308 0.03846154 0.04927885
0 0.29086538 0.51802885 0.02584135 0.05288462
0 0.23437500 0.56610577 0.02223558 0.04627404
0 0.29206731 0.44471154 0.02524038 0.04206731
0 0.17788462 0.42788462 0.03846154 0.04927885
0 0.16706731 0.38461538 0.04206731 0.06009615
0 0.14783654 0.45793269 0.04567308 0.06730769
