0 0.29086538 0.09495192 0.03245192 0.04326923
0 0.39423077 0.19230769 0.02884615 0.06250000
0 0.36658654 0.33173077 0.02824519 0.05408654
0 0.30528846 0.37740385 0.02584135 0.05348558
0 0.37500000 0.26562500 0.02584135 0.04567308
0 0.26562500 0.04567308 0.04387019 0.05829327
0 0.25240385 0.25240385 0.03725962 0.04927885
0 0.24639423 0.19831731 0.04026442 0.06009615
0 0.24158654 0.04927885 0.03125000 0.05228365
0 0.20552885 0.01081731 0.03125000 0.02163462
0 0.15985577 0.04447115 0.04567308 0.05528846
0 0.24158654 0.11177885 0.03425481 0.04326923
0 0.16586538 0.07932692 0.03966346 0.05048077
0 0.32211538 0.14543269 0.04867788 0.06850962
0 0.23437500 0.28004808 0.04567308 0.06009615
0 0.80408654 0.32692308 0.05168269 0.04687500
0 0.89182692 0.41586538 0.03665865 0.06850962
0 0.72716346 0.62379808 0.02163462 0.03125000
0 0.72475962 0.43750000 0.03906250 0.06310096
0 0.66947115 0.53245192 0.04567308 0.07451923
0 0.74399038 0.53966346 0.01262019 0.02584135
0 0.80048077 0.32091346 0.02944712 0.03305288
0 0.71634615 0.59495192 0.03425481 0.06971154
0 0.85096154 0.38341346 0.01983173 0.04086538
0 0.68990385 0.27043269 0.01562500 0.03846154
0 0.74278846 0.25000000 0.02403846 0.04326923
0 0.87620192 0.13461538 0.03725962 0.07451923
0 0.77043269 0.17668269 0.02403846 0.03846154
0 0.87259615 0.32812500 0.02403846 0.03245192
0 0.83052885 0.54567308 0.02884615 0.05288462
0 0.91346154 0.18269231 0.04206731 0.05048077
0 0.81009615 0.63100962 0.03846154 0.01682692
0 0.94230769 0.05168269 0.02764423 0.03725962
0 0.73677885 0.31370192 0.03004808 0.04326923
0 0.92187500 0.23677885 0.02043269 0.03004808
0 0.98557692 0.40264423 0.02524038 0.02764423
0 0.98197115 0.38221154 0.02403846 0.03846154
0 0.63822115 0.02283654 0.02283654 0.03725962
0 0.62259615 0.95192308 0.02343750 0.04447115
0 0.60096154 0.93269231 0.02644231 0.04387019
0 0.59495192 0.89182692 0.03846154 0.05048077
0 0.58533654 0.97115385 0.01742788 0.03485577
0 0.61899038 0.94951923 0.01742788 0.03966346
0 0.58413462 0.96033654 0.02584135 0.03725962
0 0.41826923 0.90985577 0.01923077 0.05048077
0 0.66466346 0.95072115 0.02043269 0.04086538
0 0.53725962 0.82211538 0.02524038 0.04567308
0 0.74639423 0.94230769 0.01802885 0.04086538
0 0.79206731 0.88461538 0.02884615 0.03725962
0 0.68509615 0.77403846 0.02043269 0.04086538
0 0.57451923 0.77764423 0.01802885 0.04567308
0 0.62860577 0.76322115 0.02283654 0.03725962
0 0.82091346 0.75360577 0.01562500 0.04687500
0 0.94711538 0.71754808 0.02884615 0.05288462
0 0.76562500 0.91346154 0.02403846 0.05048077
0 0.75000000 0.67548077 0.02403846 0.03245192
0 0.77283654 0.70793269 0.02283654 0.03846154
0 0.61899038 0.68750000 0.01442308 0.03365385
0 0.72836538 0.89182692 0.02764423 0.03605769
