0 0.41466346 0.04927885 0.02644231 0.04567308
0 0.09375000 0.01562500 0.04326923 0.03125000
0 0.02043269 0.09375000 0.02644231 0.03425481
0 0.08293269 0.22956731 0.03485577 0.04807692
0 0.22956731 0.32812500 0.02884615 0.04687500
0 0.43629808 0.37860577 0.02223558 0.02704327
0 0.44350962 0.40024038 0.01201923 0.04086538
0 0.25841346 0.41947115 0.02223558 0.03846154
0 0.22596154 0.41466346 0.04146635 0.05588942
0 0.07451923 0.43750000 0.05228365 0.06009615
0 0.06250000 0.36778846 0.02944712 0.05829327
0 0.02283654 0.26201923 0.03725962 0.08293269
0 0.62379808 0.00721154 0.02163462 0.01442308
0 0.72596154 0.04927885 0.02043269 0.03665865
0 0.69230769 0.01201923 0.01923077 0.02403846
0 0.73557692 0.00600962 0.02403846 0.01201923
0 0.75000000 0.03004808 0.03185096 0.05769231
0 0.78605769 0.02163462 0.03846154 0.04326923
0 0.78245192 0.12019231 0.04266827 0.08593750
0 0.88581731 0.10697115 0.02764423 0.03545673
0 0.60817308 0.12860577 0.02644231 0.04326923
0 0.70673077 0.26322115 0.02764423 0.03846154
0 0.77043269 0.37259615 0.03425481 0.04567308
0 0.93629808 0.46394231 0.03125000 0.04807692
0 0.75000000 0.47956731 0.02884615 0.01682692
0 0.71394231 0.42427885 0.03305288 0.08293269
0 0.59134615 0.38701923 0.05168269 0.07512019
0 0.58173077 0.42427885 0.03004808 0.04146635
0 0.45552885 0.36538462 0.01201923 0.04326923
0 0.52764423 0.43389423 0.02884615 0.05769231
0 0.46634615 0.43870192 0.03125000 0.03786058
