0 0.98918269 0.03125000 0.02163462 0.04567308
0 0.56009615 0.01442308 0.02403846 0.02884615
0 0.55048077 0.20793269 0.02644231 0.03605769
0 0.66225962 0.29567308 0.04687500 0.05889423
0 0.95913462 0.30288462 0.03125000 0.03725962
0 0.96754808 0.31370192 0.02524038 0.04687500
0 0.79086538 0.33774038 0.02163462 0.03846154
0 0.73437500 0.38100962 0.03485577 0.04687500
0 0.61899038 0.44471154 0.02524038 0.05168269
0 0.56490385 0.49038462 0.02043269 0.04567308
0 0.62139423 0.37379808 0.02403846 0.03846154
0 0.52764423 0.17548077 0.04206731 0.05769231
0 0.50961538 0.35697115 0.03245192 0.04326923
0 0.50000000 0.31610577 0.03485577 0.05288462
0 0.49158654 0.16826923 0.03004808 0.05288462
0 0.45432692 0.13221154 0.02764423 0.05048077
0 0.40384615 0.16706731 0.04086538 0.05168269
0 0.49639423 0.22836538 0.03004808 0.03725962
0 0.40985577 0.20192308 0.03125000 0.04206731
0 0.22596154 0.06370192 0.03605769 0.04326923
0 0.48076923 0.38581731 0.03846154 0.06250000
0 0.57572115 0.25721154 0.04326923 0.06610577
