0 0.39062500 0.11298077 0.02403846 0.03064904
0 0.26562500 0.19711538 0.03245192 0.05348558
0 0.15024038 0.26201923 0.02524038 0.03966346
0 0.21274038 0.28966346 0.03545673 0.04747596
0 0.32451923 0.38461538 0.02283654 0.04507212
0 0.37379808 0.44350962 0.01682692 0.03125000
0 0.33293269 0.28245192 0.03545673 0.05709135
0 0.36658654 0.17908654 0.04326923 0.06670673
0 0.39423077 0.07451923 0.02884615 0.05288462
0 0.71875000 0.15264423 0.01802885 0.04567308
0 0.54687500 0.32932692 0.04447115 0.06911058
0 0.66466346 0.37379808 0.03185096 0.06250000
0 0.67668269 0.42307692 0.02043269 0.03485577
0 0.68990385 0.17067308 0.02704327 0.04086538
0 0.75000000 0.28125000 0.03425481 0.04867788
0 0.68028846 0.26442308 0.01442308 0.03245192
0 0.62259615 0.16826923 0.03485577 0.04086538
0 0.69591346 0.33894231 0.03665865 0.05949519
0 0.59615385 0.29326923 0.03185096 0.05949519
0 0.41826923 0.01682692 0.01923077 0.03365385
0 0.73798077 0.07091346 0.01682692 0.04326923
0 0.70072115 0.08173077 0.02884615 0.04507212
0 0.55168269 0.16105769 0.02704327 0.03425481
0 0.61778846 0.35817308 0.02704327 0.04927885
0 0.63581731 0.44471154 0.02644231 0.02884615
0 0.75480769 0.09735577 0.02163462 0.03064904
0 0.48918269 0.02163462 0.02704327 0.03545673
0 0.43750000 0.18509615 0.02704327 0.05829327
0 0.48677885 0.23197115 0.02403846 0.03305288
0 0.52403846 0.25240385 0.03185096 0.04086538
0 0.27163462 0.51201923 0.02704327 0.03545673
0 0.24158654 0.66105769 0.02764423 0.03846154
0 0.09855769 0.76923077 0.03064904 0.04807692
0 0.04086538 0.85096154 0.02283654 0.04026442
0 0.07692308 0.85697115 0.04206731 0.05709135
0 0.20192308 0.98317308 0.01923077 0.03365385
0 0.22475962 0.87139423 0.03185096 0.05588942
0 0.23557692 0.78846154 0.02343750 0.05348558
0 0.27163462 0.68629808 0.03305288 0.06670673
0 0.34615385 0.83413462 0.02584135 0.03425481
0 0.38221154 0.89423077 0.03004808 0.03725962
0 0.37379808 0.82812500 0.02704327 0.03966346
0 0.37740385 0.68750000 0.02463942 0.04326923
0 0.39423077 0.73798077 0.02884615 0.07211538
0 0.83533654 0.52764423 0.03305288 0.04447115
0 0.71634615 0.62620192 0.05288462 0.06430288
0 0.56850962 0.66586538 0.02824519 0.04567308
0 0.62500000 0.72355769 0.03425481 0.04567308
0 0.75600962 0.76802885 0.03004808 0.05588942
0 0.81730769 0.82091346 0.02824519 0.05408654
0 0.74519231 0.70192308 0.02764423 0.04687500
0 0.85697115 0.48197115 0.04567308 0.04567308
0 0.87019231 0.68629808 0.04086538 0.05228365
0 0.87860577 0.63341346 0.03966346 0.06069712
0 0.87980769 0.48076923 0.02884615 0.04326923
0 0.96514423 0.47956731 0.05048077 0.04086538
0 0.88461538 0.53365385 0.03425481 0.04447115
0 0.95793269 0.51201923 0.03966346 0.05108173
0 0.80048077 0.57932692 0.04567308 0.06790865
0 0.89062500 0.71153846 0.04447115 0.06069712
