0 0.01802885 0.02043269 0.01442308 0.03185096
0 0.03485577 0.04326923 0.01923077 0.02343750
0 0.08413462 0.00961538 0.02884615 0.01923077
0 0.44951923 0.02644231 0.02524038 0.03425481
0 0.39543269 0.15384615 0.02944712 0.04086538
0 0.26322115 0.24879808 0.02764423 0.04266827
0 0.06370192 0.29687500 0.02223558 0.02524038
0 0.05288462 0.31610577 0.02283654 0.03966346
0 0.23076923 0.33293269 0.02163462 0.03725962
0 0.26081731 0.33293269 0.03906250 0.05408654
0 0.37740385 0.45673077 0.02403846 0.02403846
0 0.40024038 0.35096154 0.04807692 0.05528846
0 0.41225962 0.28725962 0.02463942 0.05228365
0 0.44711538 0.18870192 0.03185096 0.07211538
0 0.00841346 0.51322115 0.01682692 0.03605769
0 0.00961538 0.61057692 0.01923077 0.03846154
0 0.25240385 0.48437500 0.03846154 0.03125000
0 0.23317308 0.54447115 0.01502404 0.02704327
0 0.21754808 0.54927885 0.01923077 0.03365385
0 0.20072115 0.54567308 0.01442308 0.04687500
0 0.18629808 0.55528846 0.02163462 0.03004808
