0 0.90504808 0.41466346 0.01442308 0.03125000
0 0.90504808 0.47235577 0.02403846 0.02644231
0 0.85336538 0.43028846 0.02644231 0.04326923
0 0.88100962 0.16826923 0.01682692 0.03004808
0 0.86298077 0.16466346 0.02163462 0.04206731
0 0.82692308 0.22475962 0.02163462 0.04687500
0 0.85576923 0.26322115 0.04326923 0.05649038
0 0.63341346 0.18750000 0.04687500 0.03846154
0 0.58413462 0.17788462 0.03846154 0.08894231
0 0.51682692 0.14423077 0.03125000 0.04687500
0 0.41706731 0.28245192 0.01923077 0.03004808
0 0.50841346 0.30168269 0.01682692 0.03245192
0 0.46875000 0.25600962 0.01923077 0.04086538
0 0.52163462 0.25360577 0.02163462 0.03846154
0 0.51562500 0.28846154 0.02403846 0.04687500
0 0.56129808 0.28846154 0.03485577 0.03846154
0 0.56370192 0.24879808 0.03245192 0.05649038
0 0.56490385 0.36899038 0.02764423 0.06250000
0 0.63942308 0.32331731 0.02644231 0.03605769
0 0.40985577 0.36778846 0.02403846 0.03846154
0 0.49399038 0.43149038 0.02403846 0.03125000
0 0.50360577 0.57932692 0.02764423 0.04086538
0 0.65024038 0.68028846 0.02644231 0.04326923
0 0.87379808 0.71514423 0.02163462 0.02644231
0 0.88221154 0.73918269 0.02403846 0.04326923
0 0.71274038 0.75360577 0.02043269 0.03846154
0 0.67307692 0.76442308 0.03605769 0.05168269
0 0.55649038 0.88341346 0.02043269 0.04086538
0 0.51802885 0.93389423 0.01682692 0.03725962
0 0.53846154 0.77764423 0.02764423 0.05168269
0 0.52283654 0.69110577 0.03725962 0.05889423
0 0.49158654 0.59855769 0.02644231 0.06250000
0 0.42307692 0.74038462 0.02163462 0.03125000
0 0.38942308 0.80408654 0.03004808 0.03485577
0 0.39663462 0.74399038 0.02403846 0.03485577
0 0.39423077 0.59975962 0.02403846 0.04326923
0 0.34495192 0.62379808 0.02163462 0.03245192
0 0.28605769 0.59254808 0.03725962 0.04687500
0 0.37980769 0.65144231 0.03125000 0.06850962
0 0.30528846 0.62980769 0.02644231 0.03605769
0 0.13100962 0.43149038 0.03605769 0.07451923
