0 0.95913462 0.14543269 0.02163462 0.05649038
0 0.97115385 0.20673077 0.02403846 0.04687500
0 0.93149038 0.16225962 0.02764423 0.04687500
0 0.93028846 0.02644231 0.03485577 0.05288462
0 0.46394231 0.03846154 0.02403846 0.03605769
0 0.56850962 0.07091346 0.01923077 0.03485577
0 0.51802885 0.02524038 0.02043269 0.04807692
0 0.56129808 0.03485577 0.02403846 0.04326923
0 0.58774038 0.09254808 0.02764423 0.05889423
0 0.59495192 0.08653846 0.02043269 0.04567308
0 0.61298077 0.02403846 0.03485577 0.04807692
0 0.63100962 0.13942308 0.03245192 0.04807692
0 0.70312500 0.06370192 0.03125000 0.04206731
0 0.46995192 0.13221154 0.02403846 0.04086538
0 0.55408654 0.16826923 0.02403846 0.03125000
0 0.54687500 0.38100962 0.02163462 0.03004808
0 0.65745192 0.45913462 0.04326923 0.05649038
0 0.93870192 0.47355769 0.03125000 0.03725962
0 0.95072115 0.48798077 0.02524038 0.04687500
0 0.77524038 0.51201923 0.02043269 0.03846154
0 0.71514423 0.54927885 0.03125000 0.04326923
0 0.60817308 0.62860577 0.02163462 0.04326923
0 0.55889423 0.67788462 0.01923077 0.04326923
0 0.60336538 0.54086538 0.02403846 0.04086538
0 0.53485577 0.33894231 0.03605769 0.05048077
0 0.49158654 0.52403846 0.03605769 0.04206731
0 0.49278846 0.51442308 0.03245192 0.05048077
0 0.46995192 0.34495192 0.02644231 0.04687500
0 0.41706731 0.34735577 0.02403846 0.03125000
0 0.37379808 0.34254808 0.04326923 0.05288462
0 0.48677885 0.39903846 0.03605769 0.04567308
0 0.38461538 0.38221154 0.03004808 0.04086538
0 0.20312500 0.22836538 0.03605769 0.04326923
0 0.46514423 0.56009615 0.04687500 0.07932692
0 0.56730769 0.43389423 0.04326923 0.07331731
