0 0.86899038 0.43750000 0.01562500 0.03485577
0 0.85697115 0.47596154 0.02043269 0.02403846
0 0.81009615 0.44110577 0.02524038 0.04086538
0 0.83413462 0.17908654 0.01682692 0.03004808
0 0.81730769 0.16706731 0.02163462 0.04206731
0 0.78485577 0.21514423 0.02163462 0.04567308
0 0.79567308 0.26923077 0.03846154 0.05168269
0 0.59975962 0.18389423 0.02163462 0.03605769
0 0.54807692 0.17307692 0.03485577 0.07932692
0 0.47235577 0.14423077 0.03004808 0.04567308
0 0.37620192 0.28004808 0.01923077 0.02764423
0 0.47115385 0.30408654 0.01923077 0.03485577
0 0.43149038 0.26442308 0.01923077 0.04086538
0 0.47836538 0.25961538 0.02043269 0.03605769
0 0.48557692 0.28485577 0.02403846 0.04567308
0 0.52403846 0.28485577 0.03004808 0.05048077
0 0.52524038 0.24879808 0.03245192 0.05649038
0 0.52403846 0.36778846 0.02764423 0.06370192
0 0.60336538 0.33293269 0.02524038 0.03485577
0 0.36778846 0.37139423 0.02403846 0.03846154
0 0.45192308 0.44711538 0.02403846 0.03125000
0 0.49759615 0.57932692 0.02524038 0.03605769
0 0.62379808 0.68028846 0.02403846 0.04206731
0 0.82932692 0.71995192 0.02043269 0.02524038
0 0.83894231 0.74038462 0.02043269 0.03846154
0 0.66706731 0.75961538 0.02043269 0.03605769
0 0.63701923 0.76201923 0.03846154 0.05288462
0 0.52043269 0.88581731 0.01923077 0.03605769
0 0.48197115 0.94711538 0.01682692 0.03846154
0 0.49038462 0.77764423 0.03004808 0.05288462
0 0.48557692 0.70913462 0.02163462 0.05649038
0 0.45192308 0.61177885 0.02644231 0.06370192
0 0.37860577 0.74399038 0.02163462 0.03125000
0 0.34855769 0.79086538 0.02644231 0.03125000
0 0.35216346 0.74038462 0.02163462 0.03245192
0 0.34735577 0.60576923 0.02163462 0.03846154
0 0.31009615 0.62620192 0.02163462 0.03245192
0 0.23798077 0.59495192 0.03725962 0.04687500
0 0.32932692 0.65384615 0.02644231 0.05889423
0 0.25360577 0.63701923 0.02644231 0.03605769
0 0.09134615 0.41947115 0.04206731 0.08413462
