0 0.50721154 0.37620192 0.01923077 0.04687500
0 0.61538462 0.55769231 0.03485577 0.05288462
0 0.96033654 0.57211538 0.02644231 0.03245192
0 0.97475962 0.57932692 0.02524038 0.05889423
0 0.81129808 0.61298077 0.02764423 0.05048077
0 0.75841346 0.66105769 0.04086538 0.05528846
0 0.59735577 0.66466346 0.02644231 0.05288462
0 0.54086538 0.74639423 0.02043269 0.04567308
0 0.62379808 0.62860577 0.02403846 0.04206731
0 0.52283654 0.44110577 0.02644231 0.05889423
0 0.50240385 0.59975962 0.02764423 0.03846154
0 0.49519231 0.55889423 0.02644231 0.04326923
0 0.47836538 0.39903846 0.02403846 0.04326923
0 0.47235577 0.31971154 0.03485577 0.04807692
0 0.45192308 0.40504808 0.01923077 0.03725962
0 0.50000000 0.37139423 0.01562500 0.03725962
0 0.45072115 0.38701923 0.03004808 0.05048077
0 0.56370192 0.50961538 0.05048077 0.07451923
0 0.49879808 0.54086538 0.02403846 0.03725962
0 0.25480769 0.29687500 0.02764423 0.05889423
0 0.55769231 0.32692308 0.02403846 0.04567308
0 0.61298077 0.27884615 0.01682692 0.02764423
0 0.95192308 0.24879808 0.02524038 0.03846154
0 0.46995192 0.25841346 0.02764423 0.04687500
0 0.61298077 0.32572115 0.01682692 0.05649038
0 0.65264423 0.25360577 0.03485577 0.05889423
0 0.96995192 0.19831731 0.02043269 0.03485577
0 0.93870192 0.21995192 0.02644231 0.03485577
0 0.55889423 0.16826923 0.02043269 0.03725962
0 0.46754808 0.14182692 0.01682692 0.04326923
0 0.54086538 0.13221154 0.02043269 0.03485577
0 0.68149038 0.11899038 0.03245192 0.05168269
0 0.76442308 0.11298077 0.02644231 0.06370192
0 0.94230769 0.10817308 0.03004808 0.05528846
0 0.62740385 0.27524038 0.02043269 0.04326923
0 0.50961538 0.08533654 0.02163462 0.03004808
0 0.90264423 0.07932692 0.03245192 0.05528846
0 0.62259615 0.07091346 0.01923077 0.02524038
0 0.63461538 0.10336538 0.02403846 0.03846154
0 0.51201923 0.07091346 0.01562500 0.03725962
0 0.94230769 0.02163462 0.02764423 0.02403846
0 0.96754808 0.02403846 0.02403846 0.03485577
