0 0.03365385 0.18509615 0.02043269 0.04927885
0 0.00480769 0.56370192 0.00961538 0.05048077
0 0.01682692 0.25120192 0.03004808 0.06129808
0 0.03846154 0.42067308 0.03245192 0.04507212
0 0.03966346 0.35096154 0.02704327 0.04747596
0 0.06250000 0.22596154 0.02644231 0.04567308
0 0.07211538 0.12500000 0.03966346 0.05288462
0 0.09975962 0.21514423 0.02283654 0.04146635
0 0.04447115 0.18269231 0.02043269 0.04026442
0 0.09975962 0.18629808 0.03665865 0.05709135
0 0.04687500 0.33173077 0.02884615 0.04326923
0 0.30649038 0.09735577 0.03245192 0.06370192
0 0.07211538 0.04567308 0.03125000 0.04927885
0 0.39543269 0.52283654 0.01201923 0.03125000
0 0.00600962 0.70072115 0.01201923 0.04567308
0 0.42908654 0.99278846 0.03125000 0.01442308
0 0.40504808 0.72716346 0.01742788 0.03125000
0 0.42307692 0.71995192 0.02584135 0.04627404
0 0.45673077 0.76923077 0.02463942 0.04747596
0 0.44350962 0.82692308 0.04507212 0.05769231
0 0.65144231 0.73918269 0.02704327 0.03786058
0 0.70673077 0.72716346 0.03846154 0.08593750
0 0.78485577 0.69951923 0.03605769 0.04326923
0 0.88461538 0.83894231 0.02163462 0.03125000
0 0.78605769 0.86418269 0.01923077 0.03605769
0 0.82692308 0.81971154 0.02163462 0.04387019
0 0.77764423 0.81490385 0.02343750 0.03906250
0 0.77644231 0.84134615 0.02764423 0.04987981
0 0.73317308 0.85096154 0.03485577 0.05528846
0 0.72956731 0.80649038 0.04146635 0.06189904
0 0.73076923 0.93028846 0.03365385 0.06850962
0 0.64783654 0.89302885 0.03004808 0.03786058
0 0.89423077 0.93149038 0.02644231 0.04266827
0 0.80649038 0.99519231 0.02644231 0.00961538
