0 0.38822115 0.05288462 0.02343750 0.03305288
0 0.51562500 0.13822115 0.04867788 0.06189904
0 0.64062500 0.20072115 0.02704327 0.04447115
0 0.57331731 0.24038462 0.03786058 0.04867788
0 0.45673077 0.33173077 0.02403846 0.04807692
0 0.40144231 0.39062500 0.02043269 0.04326923
0 0.45192308 0.22475962 0.03846154 0.06009615
0 0.37620192 0.01682692 0.04567308 0.03365385
0 0.31971154 0.20913462 0.04507212 0.05048077
0 0.32331731 0.18990385 0.04326923 0.06069712
0 0.29927885 0.02163462 0.02644231 0.04326923
0 0.24038462 0.02043269 0.02524038 0.03605769
0 0.19350962 0.02163462 0.05048077 0.04326923
0 0.31250000 0.07331731 0.03425481 0.04567308
0 0.20552885 0.06850962 0.03545673 0.04687500
0 0.28846154 0.25240385 0.05588942 0.09254808
0 0.40865385 0.11778846 0.05048077 0.08293269
0 0.87860577 0.08894231 0.04687500 0.05588942
0 0.47475962 0.67668269 0.04146635 0.06250000
0 0.73197115 0.68629808 0.03605769 0.05769231
0 0.71634615 0.79447115 0.03485577 0.04687500
0 0.46394231 0.72355769 0.02884615 0.05348558
0 0.41947115 0.86298077 0.04447115 0.04447115
0 0.51923077 0.72235577 0.02764423 0.04687500
0 0.38221154 0.70192308 0.04266827 0.07872596
0 0.37620192 0.64302885 0.02644231 0.06550481
0 0.43750000 0.62620192 0.04326923 0.03605769
