0 0.08293269 0.00600962 0.02644231 0.01201923
0 0.05408654 0.14182692 0.02824519 0.03906250
0 0.01442308 0.45793269 0.02163462 0.03786058
0 0.05288462 0.50000000 0.01923077 0.01923077
0 0.03725962 0.34615385 0.03004808 0.05288462
0 0.04687500 0.26442308 0.02463942 0.05288462
0 0.08413462 0.16586538 0.03185096 0.06490385
0 0.15504808 0.31009615 0.02463942 0.03425481
0 0.19110577 0.36899038 0.03305288 0.03846154
0 0.18269231 0.30408654 0.02403846 0.03665865
0 0.18629808 0.16706731 0.02403846 0.04146635
0 0.23317308 0.18870192 0.02103365 0.03305288
0 0.29687500 0.15384615 0.03846154 0.04807692
0 0.20552885 0.21634615 0.03185096 0.06730769
0 0.28245192 0.19591346 0.02824519 0.03786058
0 0.45432692 0.01201923 0.04807692 0.02403846
0 0.84855769 0.35576923 0.04567308 0.06370192
0 0.65745192 0.20432692 0.03786058 0.06129808
0 0.60817308 0.32091346 0.04687500 0.06670673
0 0.86778846 0.40024038 0.02584135 0.04687500
0 0.91706731 0.45913462 0.03545673 0.03966346
0 0.86057692 0.13581731 0.02704327 0.05528846
0 0.98918269 0.27283654 0.02163462 0.04567308
0 0.98317308 0.30649038 0.02163462 0.03725962
0 0.99038462 0.15264423 0.01382212 0.02584135
0 0.93870192 0.02283654 0.03004808 0.03605769
0 0.91225962 0.13581731 0.02524038 0.04627404
0 0.59254808 0.01201923 0.02163462 0.02403846
0 0.50360577 0.01322115 0.02644231 0.02644231
0 0.87259615 0.01322115 0.02403846 0.02644231
0 0.92788462 0.22115385 0.02884615 0.05288462
0 0.94230769 0.31971154 0.04086538 0.04807692
0 0.98197115 0.35937500 0.02584135 0.04807692
0 0.74879808 0.04927885 0.02103365 0.04627404
0 0.78245192 0.07692308 0.02824519 0.03004808
0 0.83533654 0.09615385 0.03485577 0.05408654
0 0.26923077 0.52884615 0.01442308 0.02944712
0 0.10456731 0.86418269 0.04687500 0.05588942
0 0.08653846 0.98918269 0.02403846 0.02163462
0 0.28605769 0.97956731 0.03846154 0.04086538
0 0.17788462 0.54086538 0.03185096 0.04867788
0 0.35216346 0.87019231 0.03725962 0.06009615
0 0.26442308 0.87740385 0.02103365 0.03425481
0 0.35336538 0.74038462 0.02824519 0.04266827
0 0.36418269 0.68990385 0.02704327 0.04807692
0 0.30769231 0.78846154 0.01382212 0.02463942
0 0.35336538 0.81971154 0.03125000 0.03485577
0 0.15625000 0.60456731 0.02043269 0.03665865
0 0.11658654 0.56250000 0.03545673 0.04507212
0 0.21875000 0.71995192 0.04146635 0.05528846
0 0.24399038 0.84495192 0.03605769 0.04086538
0 0.32812500 0.93990385 0.02163462 0.03966346
0 0.05769231 0.59495192 0.02103365 0.03485577
0 0.04086538 0.54447115 0.03485577 0.04807692
0 0.03004808 0.54326923 0.02524038 0.04326923
