0 0.16105769 0.16586538 0.02463942 0.05408654
0 0.28725962 0.35576923 0.05889423 0.07151442
0 0.48437500 0.41346154 0.03064904 0.04927885
0 0.43028846 0.46514423 0.04567308 0.06189904
0 0.26562500 0.48197115 0.03245192 0.06069712
0 0.19831731 0.56129808 0.02343750 0.05288462
0 0.28966346 0.43389423 0.02584135 0.04507212
0 0.17908654 0.23918269 0.03185096 0.06550481
0 0.15625000 0.41346154 0.03245192 0.04507212
0 0.15384615 0.37740385 0.03125000 0.04987981
0 0.12740385 0.20913462 0.02463942 0.04807692
0 0.12019231 0.10576923 0.04026442 0.05408654
0 0.09014423 0.19831731 0.02223558 0.04086538
0 0.14423077 0.16466346 0.01923077 0.04086538
0 0.09495192 0.16346154 0.04146635 0.05949519
0 0.22475962 0.30168269 0.06490385 0.08834135
0 0.14903846 0.34495192 0.02824519 0.04627404
0 0.21875000 0.07572115 0.03004808 0.03665865
0 0.27403846 0.03966346 0.02223558 0.03305288
0 0.12139423 0.02043269 0.03125000 0.04086538
0 0.27644231 0.09134615 0.02584135 0.06730769
0 0.31730769 0.02163462 0.04326923 0.04326923
0 0.28125000 0.02884615 0.02584135 0.04447115
0 0.95432692 0.01081731 0.03846154 0.02163462
0 0.18990385 0.93750000 0.01742788 0.03305288
0 0.28846154 0.95072115 0.03305288 0.04987981
0 0.20312500 0.86778846 0.02223558 0.04326923
0 0.48437500 0.87620192 0.01682692 0.03605769
0 0.49038462 0.84134615 0.01923077 0.02463942
0 0.07211538 0.87980769 0.01742788 0.03545673
0 0.16586538 0.84134615 0.03305288 0.04987981
0 0.28125000 0.71514423 0.04387019 0.06310096
0 0.18750000 0.72115385 0.03004808 0.04867788
0 0.35216346 0.97355769 0.03665865 0.04507212
0 0.31730769 0.77884615 0.03725962 0.03966346
0 0.21153846 0.83533654 0.03365385 0.04567308
0 0.31610577 0.81610577 0.02343750 0.03004808
0 0.41466346 0.99399038 0.02163462 0.01201923
0 0.01682692 0.71033654 0.03245192 0.04987981
0 0.43389423 0.95312500 0.03605769 0.05108173
0 0.44591346 0.95312500 0.02944712 0.04747596
