0 0.01081731 0.14302885 0.02163462 0.04567308
0 0.01201923 0.10576923 0.02403846 0.04807692
0 0.01442308 0.07451923 0.02644231 0.04687500
0 0.56610577 0.02163462 0.06490385 0.04326923
0 0.37980769 0.59375000 0.04206731 0.06129808
0 0.00240385 0.61778846 0.00480769 0.03846154
0 0.14302885 0.64302885 0.03665865 0.06069712
0 0.19831731 0.70913462 0.03545673 0.04567308
0 0.38822115 0.68509615 0.02644231 0.05649038
0 0.35456731 0.67067308 0.02644231 0.04687500
0 0.41346154 0.53966346 0.02884615 0.07932692
0 0.36298077 0.35336538 0.01923077 0.00961538
0 0.73197115 0.91706731 0.03605769 0.05288462
0 0.76923077 0.93870192 0.03245192 0.04807692
