0 0.80168269 0.45072115 0.01442308 0.03125000
0 0.78846154 0.46033654 0.01682692 0.02043269
0 0.72716346 0.40144231 0.02403846 0.04086538
0 0.76442308 0.20913462 0.01682692 0.03004808
0 0.74639423 0.18629808 0.02043269 0.03125000
0 0.72115385 0.20312500 0.02043269 0.04567308
0 0.67067308 0.24879808 0.03605769 0.04687500
0 0.57932692 0.21153846 0.02043269 0.03245192
0 0.53846154 0.15024038 0.03004808 0.05288462
0 0.40625000 0.12379808 0.03004808 0.05769231
0 0.32572115 0.22956731 0.02043269 0.03245192
0 0.40865385 0.29206731 0.01682692 0.03245192
0 0.38341346 0.23317308 0.01682692 0.03846154
0 0.41706731 0.22836538 0.01923077 0.03485577
0 0.43149038 0.26442308 0.02644231 0.05168269
0 0.46153846 0.24879808 0.03004808 0.06610577
0 0.46875000 0.21153846 0.03846154 0.05649038
0 0.46153846 0.33894231 0.03725962 0.07692308
0 0.54807692 0.33653846 0.02403846 0.03125000
0 0.30168269 0.35336538 0.02403846 0.03846154
0 0.39062500 0.49879808 0.02644231 0.03605769
0 0.45552885 0.56971154 0.02524038 0.03725962
0 0.61057692 0.65264423 0.02043269 0.03485577
0 0.75360577 0.68870192 0.01923077 0.02403846
0 0.76923077 0.70793269 0.01923077 0.03605769
0 0.59735577 0.74158654 0.01923077 0.03485577
0 0.57692308 0.72235577 0.02644231 0.04807692
0 0.46995192 0.87019231 0.02043269 0.04086538
0 0.45432692 0.93629808 0.02043269 0.04567308
0 0.43990385 0.75120192 0.04206731 0.04326923
0 0.43750000 0.67548077 0.02043269 0.05048077
0 0.40264423 0.63942308 0.02764423 0.07692308
0 0.31370192 0.72596154 0.02043269 0.02764423
0 0.29326923 0.76322115 0.03125000 0.03605769
0 0.28725962 0.72836538 0.02403846 0.03485577
0 0.28846154 0.57932692 0.03846154 0.06250000
0 0.28966346 0.60937500 0.02403846 0.03605769
0 0.05048077 0.34495192 0.04206731 0.07692308
0 0.15024038 0.56129808 0.01923077 0.03725962
0 0.21153846 0.61778846 0.01923077 0.04326923
0 0.17187500 0.65865385 0.02524038 0.03245192
