0 0.70192308 0.09254808 0.01562500 0.03125000
0 0.69110577 0.13701923 0.02223558 0.02524038
0 0.64903846 0.10456731 0.02524038 0.04507212
0 0.35336538 0.03125000 0.03365385 0.06250000
0 0.43028846 0.00480769 0.02403846 0.00961538
0 0.19471154 0.03004808 0.02644231 0.04146635
0 0.27884615 0.10456731 0.02403846 0.03365385
0 0.31610577 0.24278846 0.02824519 0.03846154
0 0.44951923 0.34855769 0.03125000 0.04627404
0 0.66346154 0.38461538 0.02103365 0.02584135
0 0.67307692 0.40504808 0.02644231 0.04206731
0 0.50000000 0.42548077 0.02223558 0.03846154
0 0.46634615 0.43028846 0.03605769 0.05228365
0 0.32331731 0.44591346 0.03185096 0.05468750
0 0.31490385 0.37019231 0.02524038 0.05348558
0 0.28125000 0.27283654 0.03245192 0.06610577
0 0.20673077 0.40985577 0.02283654 0.03125000
0 0.17307692 0.46274038 0.03365385 0.03125000
0 0.18149038 0.40504808 0.02524038 0.03605769
0 0.17668269 0.27043269 0.02283654 0.04026442
0 0.13221154 0.28966346 0.02223558 0.03245192
0 0.07091346 0.25721154 0.03846154 0.04507212
0 0.15745192 0.31971154 0.03786058 0.06911058
0 0.08052885 0.29927885 0.03004808 0.04146635
0 0.41706731 0.94831731 0.01862981 0.03064904
0 0.84735577 0.54326923 0.02944712 0.04026442
0 0.82091346 0.52884615 0.02524038 0.02944712
0 0.80528846 0.49278846 0.01442308 0.02884615
