0 0.23677885 0.05528846 0.02403846 0.03245192
0 0.35096154 0.13341346 0.04747596 0.06009615
0 0.30288462 0.30168269 0.02644231 0.04747596
0 0.24879808 0.35216346 0.01923077 0.04507212
0 0.29807692 0.21634615 0.02403846 0.03906250
0 0.22235577 0.01802885 0.03605769 0.03605769
0 0.18629808 0.20072115 0.03125000 0.04326923
0 0.17788462 0.15985577 0.03725962 0.05228365
0 0.16466346 0.01923077 0.03125000 0.03846154
0 0.11177885 0.01562500 0.02644231 0.03125000
0 0.06370192 0.02043269 0.04567308 0.04086538
0 0.17908654 0.07091346 0.03966346 0.04807692
0 0.07812500 0.05408654 0.03365385 0.04447115
0 0.15865385 0.23437500 0.04987981 0.08413462
0 0.25841346 0.10576923 0.04627404 0.07572115
0 0.70192308 0.15745192 0.04086538 0.05829327
0 0.92427885 0.20312500 0.03425481 0.05649038
0 0.87259615 0.26682692 0.03004808 0.04086538
0 0.69230769 0.24399038 0.02704327 0.05228365
0 0.63461538 0.34495192 0.02163462 0.04627404
0 0.72475962 0.22956731 0.02944712 0.04447115
0 0.60697115 0.02283654 0.02584135 0.03605769
0 0.59254808 0.18269231 0.02764423 0.03485577
0 0.57572115 0.12019231 0.02403846 0.03906250
0 0.65745192 0.10697115 0.04687500 0.07512019
0 0.59735577 0.12019231 0.02103365 0.03425481
0 0.18870192 0.79687500 0.03665865 0.04026442
0 0.22836538 0.77163462 0.02283654 0.03545673
0 0.86658654 0.71153846 0.04447115 0.05949519
0 0.85216346 0.77644231 0.02644231 0.04867788
0 0.76201923 0.79807692 0.03665865 0.05048077
0 0.67908654 0.66346154 0.01923077 0.03906250
0 0.71514423 0.69951923 0.01862981 0.03004808
0 0.61899038 0.56850962 0.03605769 0.06009615
0 0.69471154 0.57091346 0.01021635 0.02584135
0 0.66586538 0.62620192 0.03004808 0.06911058
0 0.77764423 0.58052885 0.02884615 0.05168269
0 0.75961538 0.68149038 0.03485577 0.03966346
0 0.71634615 0.73437500 0.02644231 0.05048077
