0 0.95793269 0.16346154 0.02163462 0.05288462
0 0.96995192 0.22475962 0.02163462 0.04567308
0 0.93028846 0.18028846 0.02764423 0.04687500
0 0.88461538 0.01322115 0.02524038 0.02644231
0 0.92788462 0.03846154 0.03245192 0.06370192
0 0.46274038 0.05528846 0.02163462 0.03485577
0 0.56610577 0.08894231 0.01682692 0.03245192
0 0.51442308 0.04447115 0.02043269 0.04807692
0 0.56129808 0.05288462 0.02524038 0.04326923
0 0.58413462 0.10817308 0.02644231 0.05769231
0 0.59254808 0.10456731 0.02764423 0.04567308
0 0.61538462 0.03725962 0.03485577 0.05889423
0 0.62500000 0.16225962 0.04206731 0.05649038
0 0.70192308 0.08413462 0.02764423 0.04086538
0 0.46995192 0.15024038 0.02403846 0.04086538
0 0.55288462 0.18509615 0.02403846 0.03125000
0 0.54567308 0.39903846 0.02043269 0.03004808
0 0.65745192 0.47596154 0.04206731 0.05528846
0 0.93870192 0.49278846 0.03125000 0.03725962
0 0.94951923 0.50961538 0.02524038 0.04687500
0 0.77283654 0.53245192 0.02043269 0.03846154
0 0.71274038 0.56610577 0.03125000 0.04206731
0 0.60817308 0.64903846 0.02163462 0.04326923
0 0.55769231 0.70192308 0.01923077 0.04206731
0 0.60336538 0.55288462 0.02764423 0.05168269
0 0.53485577 0.35697115 0.03605769 0.04807692
0 0.48557692 0.54086538 0.03725962 0.04326923
0 0.48918269 0.52644231 0.03485577 0.05288462
0 0.46754808 0.36538462 0.02524038 0.04567308
0 0.41346154 0.36778846 0.02403846 0.03245192
0 0.37139423 0.36298077 0.04206731 0.05168269
0 0.48076923 0.41826923 0.03245192 0.04206731
0 0.38341346 0.40144231 0.03004808 0.04086538
0 0.19951923 0.24639423 0.03605769 0.04326923
0 0.46274038 0.57812500 0.04687500 0.07932692
0 0.56610577 0.45432692 0.04326923 0.07331731
