0 0.83653846 0.45432692 0.01442308 0.03125000
0 0.81610577 0.47235577 0.01923077 0.02163462
0 0.76682692 0.42187500 0.02403846 0.04086538
0 0.79447115 0.18870192 0.01682692 0.03004808
0 0.77644231 0.16586538 0.02163462 0.04206731
0 0.74879808 0.21153846 0.02043269 0.04567308
0 0.73557692 0.25961538 0.03605769 0.04687500
0 0.57451923 0.17908654 0.02043269 0.03245192
0 0.53245192 0.14783654 0.01923077 0.05889423
0 0.43028846 0.13701923 0.03004808 0.04567308
0 0.34014423 0.26442308 0.01682692 0.02644231
0 0.43149038 0.29807692 0.01682692 0.03125000
0 0.39663462 0.25360577 0.01682692 0.04206731
0 0.44110577 0.25120192 0.01923077 0.03245192
0 0.45432692 0.27644231 0.02403846 0.04687500
0 0.49278846 0.25600962 0.01562500 0.04807692
0 0.49278846 0.23798077 0.03245192 0.05649038
0 0.48076923 0.36778846 0.03846154 0.07932692
0 0.56971154 0.33653846 0.02403846 0.03125000
0 0.32812500 0.36658654 0.02403846 0.03846154
0 0.41346154 0.46153846 0.02403846 0.03125000
0 0.46995192 0.58293269 0.02764423 0.04086538
0 0.60096154 0.67067308 0.02403846 0.04086538
0 0.78605769 0.71634615 0.02043269 0.02524038
0 0.79807692 0.73677885 0.01923077 0.03605769
0 0.62740385 0.75360577 0.01923077 0.03485577
0 0.59855769 0.74879808 0.03605769 0.04807692
0 0.48557692 0.88822115 0.02043269 0.04086538
0 0.45192308 0.94350962 0.01682692 0.03846154
0 0.46274038 0.76923077 0.04326923 0.05168269
0 0.45192308 0.70673077 0.02043269 0.05048077
0 0.41586538 0.61298077 0.03004808 0.07331731
0 0.33894231 0.74038462 0.02043269 0.02764423
0 0.31850962 0.77524038 0.02764423 0.03245192
0 0.31490385 0.74038462 0.02163462 0.03245192
0 0.31370192 0.59495192 0.03004808 0.05288462
0 0.28485577 0.62379808 0.02163462 0.03125000
0 0.05288462 0.40745192 0.04326923 0.08894231
0 0.19711538 0.58533654 0.03605769 0.04326923
0 0.27764423 0.65024038 0.02403846 0.05528846
0 0.21274038 0.63701923 0.02644231 0.03485577
