0 0.36899038 0.01442308 0.03605769 0.02884615
0 0.28365385 0.10937500 0.02283654 0.03545673
0 0.37139423 0.17668269 0.01983173 0.03665865
0 0.34495192 0.11418269 0.01742788 0.04146635
0 0.37980769 0.10817308 0.02223558 0.03605769
0 0.39543269 0.14663462 0.02944712 0.05528846
0 0.42668269 0.13100962 0.03245192 0.06971154
0 0.43509615 0.09014423 0.04507212 0.06250000
0 0.42668269 0.22596154 0.04627404 0.08413462
0 0.25721154 0.24158654 0.02463942 0.04146635
0 0.00841346 0.23197115 0.01682692 0.08413462
