0 0.49278846 0.36899038 0.01442308 0.02163462
0 0.43028846 0.30769231 0.02824519 0.04447115
0 0.47115385 0.10096154 0.02103365 0.03125000
0 0.45072115 0.07812500 0.02163462 0.03365385
0 0.42427885 0.09495192 0.02524038 0.04927885
0 0.37019231 0.14423077 0.04206731 0.05168269
0 0.27283654 0.10456731 0.02163462 0.03545673
0 0.22956731 0.03966346 0.03725962 0.05829327
0 0.08774038 0.02043269 0.03125000 0.04086538
0 0.00600962 0.12259615 0.01201923 0.03846154
0 0.09014423 0.19110577 0.02103365 0.03665865
0 0.06370192 0.12860577 0.02223558 0.04266827
0 0.09975962 0.12259615 0.02343750 0.03906250
0 0.11538462 0.16105769 0.03125000 0.05528846
0 0.14663462 0.14423077 0.03365385 0.06971154
0 0.15504808 0.10456731 0.04146635 0.06009615
0 0.14663462 0.24038462 0.04026442 0.08173077
0 0.23918269 0.23798077 0.02824519 0.03485577
0 0.07211538 0.41105769 0.03125000 0.03966346
0 0.14062500 0.48677885 0.02764423 0.04146635
0 0.30649038 0.57572115 0.02524038 0.03786058
0 0.45793269 0.61418269 0.02223558 0.02704327
0 0.47596154 0.63341346 0.02103365 0.03846154
0 0.29206731 0.66947115 0.02103365 0.03665865
0 0.27043269 0.65024038 0.03245192 0.05228365
0 0.12379808 0.67908654 0.04867788 0.04987981
0 0.12139423 0.59975962 0.02163462 0.05288462
0 0.08413462 0.56009615 0.03545673 0.08293269
