0 0.89182692 0.42788462 0.01442308 0.03125000
0 0.88221154 0.47596154 0.02043269 0.02403846
0 0.83894231 0.44350962 0.02644231 0.04326923
0 0.86057692 0.17427885 0.01682692 0.03004808
0 0.84134615 0.16826923 0.02403846 0.04567308
0 0.80889423 0.22115385 0.02163462 0.04567308
0 0.82692308 0.27163462 0.04206731 0.05528846
0 0.61899038 0.18870192 0.02163462 0.03605769
0 0.56490385 0.18269231 0.03485577 0.08173077
0 0.49639423 0.14903846 0.03125000 0.04687500
0 0.40024038 0.28365385 0.01923077 0.03004808
0 0.49278846 0.30528846 0.01682692 0.03245192
0 0.45192308 0.26322115 0.01923077 0.04086538
0 0.50240385 0.25721154 0.02163462 0.03846154
0 0.50000000 0.28846154 0.02403846 0.04687500
0 0.54447115 0.29567308 0.03245192 0.05528846
0 0.54687500 0.25360577 0.03245192 0.05649038
0 0.54687500 0.37139423 0.02764423 0.06370192
0 0.62379808 0.33413462 0.02524038 0.03245192
0 0.39062500 0.37139423 0.02403846 0.04086538
0 0.47355769 0.44110577 0.02403846 0.03245192
0 0.50240385 0.58293269 0.02524038 0.03605769
0 0.63822115 0.68389423 0.02644231 0.04326923
0 0.85216346 0.71995192 0.02043269 0.02524038
0 0.86298077 0.74278846 0.02163462 0.04206731
0 0.69230769 0.76201923 0.02043269 0.03725962
0 0.65745192 0.76682692 0.03605769 0.05168269
0 0.53966346 0.88942308 0.01923077 0.03605769
0 0.50240385 0.94110577 0.01682692 0.03846154
0 0.51923077 0.78125000 0.02764423 0.05168269
0 0.50841346 0.70192308 0.02163462 0.05168269
0 0.47355769 0.60576923 0.02644231 0.06250000
0 0.40384615 0.74639423 0.02163462 0.03125000
0 0.36899038 0.80288462 0.03004808 0.03485577
0 0.37740385 0.74038462 0.02403846 0.03605769
0 0.37379808 0.60697115 0.02403846 0.04086538
0 0.32812500 0.62860577 0.02043269 0.03125000
0 0.26682692 0.59495192 0.03725962 0.04687500
0 0.35576923 0.65504808 0.03004808 0.06610577
0 0.28004808 0.63581731 0.02644231 0.03605769
0 0.11298077 0.42548077 0.04206731 0.08413462
