0 0.94350962 0.28725962 0.01442308 0.03125000
0 0.95432692 0.35336538 0.02403846 0.02764423
0 0.90985577 0.31610577 0.02764423 0.04687500
0 0.93028846 0.06129808 0.02043269 0.03605769
0 0.91225962 0.06370192 0.02403846 0.04567308
0 0.87379808 0.12379808 0.02524038 0.05168269
0 0.91826923 0.15745192 0.04807692 0.06370192
0 0.65264423 0.09855769 0.05528846 0.04326923
0 0.61418269 0.09975962 0.03846154 0.05528846
0 0.57211538 0.03605769 0.02764423 0.04567308
0 0.45192308 0.17548077 0.02043269 0.03125000
0 0.54807692 0.20552885 0.01682692 0.03125000
0 0.50721154 0.15985577 0.02163462 0.04807692
0 0.55288462 0.15865385 0.02163462 0.03846154
0 0.56490385 0.20432692 0.02644231 0.07812500
0 0.57812500 0.20312500 0.03485577 0.03846154
0 0.60096154 0.15144231 0.03125000 0.05288462
0 0.61177885 0.27043269 0.04086538 0.05528846
0 0.68269231 0.20552885 0.02764423 0.03846154
0 0.45432692 0.25961538 0.02403846 0.04086538
0 0.53725962 0.30889423 0.02403846 0.03245192
0 0.52764423 0.50360577 0.02043269 0.02764423
0 0.66105769 0.58173077 0.02764423 0.05048077
0 0.92067308 0.60576923 0.02644231 0.03125000
0 0.93028846 0.62620192 0.02524038 0.04687500
0 0.75600962 0.65024038 0.02043269 0.03605769
0 0.70192308 0.67067308 0.03245192 0.04326923
0 0.59254808 0.77163462 0.02043269 0.04086538
0 0.54807692 0.83173077 0.01562500 0.03725962
0 0.58052885 0.66826923 0.02764423 0.05168269
0 0.55528846 0.57451923 0.03846154 0.06250000
0 0.52644231 0.46995192 0.03846154 0.05168269
0 0.45673077 0.64903846 0.03725962 0.04326923
0 0.44350962 0.69350962 0.04567308 0.05769231
0 0.46634615 0.62860577 0.03125000 0.04807692
0 0.44591346 0.48798077 0.02524038 0.04567308
0 0.39182692 0.49038462 0.02524038 0.03605769
0 0.34735577 0.47956731 0.04206731 0.05168269
0 0.44951923 0.53004808 0.02764423 0.03485577
0 0.35937500 0.52403846 0.02644231 0.03485577
0 0.17668269 0.34735577 0.03846154 0.04807692
