0 0.54927885 0.12860577 0.02764423 0.04086538
0 0.66225962 0.21995192 0.04326923 0.05649038
0 0.96995192 0.22475962 0.02764423 0.03485577
0 0.97475962 0.23197115 0.02524038 0.04687500
0 0.79807692 0.25961538 0.02403846 0.04326923
0 0.74278846 0.31009615 0.03485577 0.04687500
0 0.62379808 0.35697115 0.02524038 0.05168269
0 0.56610577 0.40504808 0.02163462 0.05048077
0 0.62980769 0.29326923 0.02403846 0.04206731
0 0.52524038 0.09014423 0.04086538 0.05528846
0 0.51201923 0.27764423 0.03605769 0.04807692
0 0.50600962 0.23197115 0.03485577 0.05288462
0 0.49879808 0.08653846 0.03004808 0.05288462
0 0.46394231 0.04447115 0.03004808 0.05168269
0 0.41586538 0.08653846 0.04326923 0.05288462
0 0.49879808 0.14423077 0.03004808 0.03725962
0 0.41947115 0.11778846 0.03245192 0.04326923
0 0.57932692 0.17788462 0.04086538 0.06250000
0 0.49158654 0.31009615 0.03725962 0.05528846
