0 0.53966346 0.23798077 0.03125000 0.04326923
0 0.63701923 0.34735577 0.04687500 0.05889423
0 0.96754808 0.34495192 0.02644231 0.03125000
0 0.97956731 0.36298077 0.02163462 0.05168269
0 0.80528846 0.39903846 0.02524038 0.04567308
0 0.75600962 0.43870192 0.03605769 0.04807692
0 0.61177885 0.46754808 0.02524038 0.05168269
0 0.55528846 0.52524038 0.02163462 0.05048077
0 0.63221154 0.41947115 0.02644231 0.04687500
0 0.52043269 0.18509615 0.02403846 0.05528846
0 0.50721154 0.41105769 0.02764423 0.03846154
0 0.50120192 0.33653846 0.03605769 0.05528846
0 0.50120192 0.18750000 0.02403846 0.04206731
0 0.47596154 0.12860577 0.03245192 0.05769231
0 0.44711538 0.18149038 0.03846154 0.04807692
0 0.49038462 0.23317308 0.03004808 0.03725962
0 0.44711538 0.21634615 0.02043269 0.04326923
0 0.57451923 0.29807692 0.04567308 0.06850962
0 0.50600962 0.38100962 0.02524038 0.04206731
0 0.24639423 0.09615385 0.02644231 0.05649038
0 0.56850962 0.08413462 0.02764423 0.03245192
0 0.61899038 0.06129808 0.01923077 0.03125000
0 0.96754808 0.04927885 0.02163462 0.03485577
0 0.48076923 0.03365385 0.02403846 0.04086538
0 0.61899038 0.02764423 0.02524038 0.03485577
0 0.61778846 0.10336538 0.01682692 0.05649038
0 0.65745192 0.03004808 0.03004808 0.05168269
0 0.98317308 0.01081731 0.02163462 0.02163462
0 0.94711538 0.01201923 0.02644231 0.02403846
