0 0.38100962 0.19110577 0.02403846 0.03185096
0 0.25120192 0.27524038 0.03966346 0.06189904
0 0.13822115 0.34375000 0.02283654 0.03846154
0 0.20072115 0.36778846 0.03485577 0.04507212
0 0.31490385 0.46754808 0.02163462 0.04507212
0 0.36418269 0.53365385 0.02103365 0.04387019
0 0.32451923 0.36298077 0.03305288 0.05528846
0 0.35576923 0.25841346 0.04987981 0.06911058
0 0.38822115 0.15264423 0.04206731 0.05528846
0 0.45072115 0.34375000 0.04567308 0.05348558
0 0.46875000 0.38822115 0.05048077 0.06189904
0 0.44711538 0.32451923 0.03545673 0.05288462
0 0.46754808 0.16826923 0.03004808 0.04927885
0 0.52644231 0.17067308 0.02764423 0.03846154
0 0.56971154 0.15985577 0.05228365 0.05949519
0 0.46033654 0.21754808 0.03365385 0.04266827
0 0.56009615 0.20552885 0.02884615 0.03846154
0 0.73557692 0.41947115 0.01562500 0.04507212
0 0.69831731 0.82331731 0.02103365 0.03966346
0 0.96995192 0.89423077 0.02524038 0.04387019
0 0.68990385 0.78725962 0.02524038 0.03485577
0 0.89182692 0.69591346 0.02704327 0.04747596
0 0.99038462 0.63942308 0.01923077 0.07211538
0 0.99399038 0.84254808 0.01201923 0.03605769
0 0.97355769 0.66105769 0.03786058 0.04507212
0 0.94350962 0.57331731 0.03125000 0.00721154
0 0.94350962 0.69471154 0.02884615 0.03545673
0 0.89543269 0.86658654 0.03185096 0.06129808
0 0.93870192 0.91826923 0.02403846 0.03485577
