0 0.47235577 0.04927885 0.03125000 0.04567308
0 0.48076923 0.34975962 0.01442308 0.05528846
0 0.44471154 0.02043269 0.04326923 0.04086538
0 0.43269231 0.21754808 0.04266827 0.05709135
0 0.42668269 0.16225962 0.04146635 0.06250000
0 0.41947115 0.01682692 0.03605769 0.03365385
0 0.32932692 0.01322115 0.05288462 0.02644231
0 0.42067308 0.06610577 0.03365385 0.04387019
0 0.33653846 0.03485577 0.03846154 0.05108173
0 0.41225962 0.25120192 0.04326923 0.06250000
0 0.46394231 0.59855769 0.02824519 0.05468750
0 0.84134615 0.97475962 0.02343750 0.04627404
