0 0.49158654 0.54447115 0.02524038 0.03545673
0 0.47355769 0.52644231 0.02223558 0.03906250
0 0.54687500 0.41586538 0.02163462 0.01442308
0 0.46153846 0.52524038 0.02764423 0.03665865
0 0.18028846 0.60817308 0.03185096 0.04687500
0 0.40384615 0.67908654 0.02824519 0.04987981
0 0.35817308 0.93149038 0.04266827 0.05528846
0 0.38822115 0.45673077 0.03305288 0.03966346
0 0.38942308 0.62019231 0.03305288 0.04807692
0 0.69471154 0.57211538 0.02884615 0.04807692
0 0.14062500 0.93149038 0.04507212 0.04927885
0 0.32692308 0.74038462 0.02524038 0.04326923
0 0.24759615 0.79206731 0.04627404 0.04807692
0 0.42908654 0.82812500 0.05829327 0.07211538
0 0.39302885 0.96754808 0.04146635 0.06189904
0 0.35937500 0.75360577 0.03605769 0.05528846
0 0.35576923 0.42067308 0.01923077 0.02403846
0 0.33533654 0.42067308 0.01682692 0.02403846
0 0.56250000 0.41105769 0.01923077 0.00480769
0 0.33653846 0.62139423 0.03004808 0.05288462
