0 0.19471154 0.03725962 0.04807692 0.07451923
0 0.09615385 0.02644231 0.02764423 0.03545673
0 0.37139423 0.04447115 0.02644231 0.04326923
0 0.27283654 0.19110577 0.03125000 0.04146635
0 0.20793269 0.28725962 0.02824519 0.04146635
0 0.03966346 0.37500000 0.02524038 0.04326923
0 0.06730769 0.43629808 0.03365385 0.02644231
0 0.22596154 0.40745192 0.01983173 0.05468750
0 0.26442308 0.34495192 0.04266827 0.09194712
0 0.35697115 0.44230769 0.02644231 0.01442308
0 0.38581731 0.44350962 0.02644231 0.01201923
0 0.38822115 0.29687500 0.04927885 0.07331731
0 0.39062500 0.33293269 0.03004808 0.04146635
0 0.53365385 0.27764423 0.02343750 0.04266827
0 0.46033654 0.33894231 0.02343750 0.05228365
0 0.51322115 0.36899038 0.03004808 0.03786058
0 0.82451923 0.97115385 0.03004808 0.04447115
0 0.83413462 0.91826923 0.03245192 0.06370192
0 0.82812500 0.86418269 0.02103365 0.04326923
0 0.69711538 0.78846154 0.03064904 0.04447115
0 0.76442308 0.80649038 0.02884615 0.05168269
0 0.71875000 0.76923077 0.02884615 0.03425481
0 0.74278846 0.72115385 0.02584135 0.04026442
0 0.91346154 0.73918269 0.02043269 0.03605769
0 0.88822115 0.77163462 0.02343750 0.03545673
0 0.84855769 0.83894231 0.01983173 0.05769231
0 0.87740385 0.80889423 0.01682692 0.02824519
0 0.91706731 0.83052885 0.02764423 0.04146635
0 0.88822115 0.89903846 0.04807692 0.07992788
0 0.94711538 0.91346154 0.03305288 0.10697115
0 0.96274038 0.72235577 0.02043269 0.02824519
0 0.96514423 0.70312500 0.02343750 0.03305288
0 0.96394231 0.88581731 0.02584135 0.05228365
0 0.95192308 0.94230769 0.03605769 0.05048077
0 0.92307692 0.98197115 0.02403846 0.03185096
0 0.93149038 0.64783654 0.03966346 0.03966346
0 0.95192308 0.59014423 0.02463942 0.05048077
0 0.81850962 0.90024038 0.01682692 0.04507212
