0 0.25841346 0.21875000 0.02824519 0.03605769
0 0.37740385 0.30048077 0.05769231 0.06790865
0 0.43870192 0.39182692 0.02163462 0.04807692
0 0.32932692 0.47716346 0.02944712 0.05168269
0 0.26923077 0.53004808 0.02103365 0.04627404
0 0.32572115 0.38822115 0.02944712 0.04627404
0 0.23798077 0.17187500 0.03846154 0.05468750
0 0.20673077 0.37139423 0.03846154 0.04807692
0 0.19471154 0.32692308 0.03846154 0.05528846
0 0.18149038 0.17307692 0.03665865 0.06009615
0 0.12500000 0.17427885 0.02463942 0.03365385
0 0.07812500 0.17307692 0.04867788 0.06009615
0 0.19831731 0.23557692 0.03846154 0.04567308
0 0.09014423 0.21394231 0.03365385 0.04687500
0 0.17668269 0.40985577 0.06009615 0.09254808
0 0.28125000 0.27043269 0.04747596 0.07932692
0 0.87500000 0.06370192 0.01622596 0.03605769
0 0.87500000 0.50841346 0.03966346 0.06009615
0 0.98197115 0.06850962 0.03605769 0.05048077
0 0.80048077 0.38100962 0.03846154 0.06009615
0 0.86778846 0.39663462 0.01682692 0.02944712
0 0.79807692 0.21274038 0.03786058 0.05228365
0 0.76442308 0.25841346 0.03064904 0.05769231
0 0.83653846 0.30288462 0.01201923 0.02463942
0 0.79927885 0.32091346 0.03966346 0.04507212
0 0.98076923 0.12860577 0.02403846 0.04266827
0 0.96995192 0.03846154 0.03305288 0.04326923
0 0.93990385 0.22956731 0.03846154 0.08052885
0 0.90504808 0.35096154 0.03725962 0.04206731
0 0.83774038 0.45192308 0.02524038 0.04927885
0 0.24038462 0.91586538 0.01983173 0.02103365
0 0.54326923 0.81009615 0.05168269 0.04507212
0 0.87139423 0.97956731 0.04086538 0.04086538
0 0.65384615 0.89062500 0.03665865 0.06670673
0 0.48677885 0.88100962 0.03665865 0.05709135
0 0.51442308 0.98076923 0.01201923 0.02463942
0 0.56971154 0.79687500 0.02463942 0.03064904
0 0.60216346 0.86778846 0.02463942 0.04086538
0 0.92788462 0.77403846 0.01923077 0.03786058
0 0.93028846 0.75000000 0.02103365 0.03365385
0 0.45432692 0.72235577 0.00961538 0.04086538
0 0.49519231 0.71033654 0.03125000 0.04807692
0 0.52163462 0.64062500 0.02403846 0.02163462
0 0.63822115 0.78485577 0.02403846 0.03004808
0 0.58413462 0.99399038 0.02884615 0.01201923
0 0.67788462 0.64663462 0.04326923 0.03365385
0 0.47836538 0.76442308 0.03004808 0.04206731
0 0.69951923 0.68629808 0.02163462 0.03245192
0 0.77764423 0.82692308 0.02163462 0.04927885
0 0.74759615 0.87139423 0.02884615 0.03004808
0 0.73076923 0.84855769 0.03004808 0.04567308
