0 0.41826923 0.19711538 0.04927885 0.06610577
0 0.18509615 0.13581731 0.03425481 0.05769231
0 0.15504808 0.18149038 0.03966346 0.05528846
0 0.44711538 0.20432692 0.02704327 0.04807692
0 0.48076923 0.31850962 0.04266827 0.04387019
0 0.41105769 0.04807692 0.04387019 0.06911058
0 0.53004808 0.05408654 0.03605769 0.06490385
0 0.53966346 0.12379808 0.01682692 0.03605769
0 0.46274038 0.01322115 0.03125000 0.02644231
0 0.47355769 0.07211538 0.02764423 0.04867788
0 0.50000000 0.16826923 0.02524038 0.04447115
0 0.50360577 0.22235577 0.04747596 0.07271635
0 0.92788462 0.35336538 0.05168269 0.07031250
0 0.72596154 0.20673077 0.03425481 0.06129808
0 0.67668269 0.32331731 0.04867788 0.06490385
0 0.94591346 0.40264423 0.02584135 0.04687500
0 0.98677885 0.46153846 0.02644231 0.03846154
0 0.93269231 0.14423077 0.03004808 0.05528846
0 0.98197115 0.13822115 0.02403846 0.04807692
0 0.65865385 0.01081731 0.01923077 0.02163462
0 0.57091346 0.01081731 0.02644231 0.02163462
0 0.94711538 0.01322115 0.02884615 0.02644231
0 0.99399038 0.22115385 0.01201923 0.05288462
0 0.81971154 0.04567308 0.02524038 0.04927885
0 0.85576923 0.07211538 0.02944712 0.03064904
0 0.90985577 0.09375000 0.03305288 0.05288462
0 0.87379808 0.92307692 0.06250000 0.11959135
