0 0.25480769 0.04927885 0.01862981 0.04326923
0 0.13341346 0.38581731 0.04086538 0.06069712
0 0.16225962 0.40625000 0.03605769 0.02403846
0 0.09855769 0.38100962 0.03365385 0.05588942
0 0.23317308 0.18269231 0.02524038 0.03545673
0 0.24759615 0.30889423 0.01442308 0.03665865
0 0.23437500 0.04326923 0.02223558 0.04266827
0 0.31129808 0.09735577 0.03305288 0.05408654
0 0.25000000 0.12860577 0.01502404 0.03365385
0 0.21754808 0.07211538 0.01442308 0.03425481
0 0.26322115 0.13341346 0.02283654 0.03786058
0 0.18750000 0.13461538 0.01983173 0.04266827
0 0.08052885 0.12980769 0.02163462 0.04326923
0 0.03245192 0.09855769 0.03605769 0.03185096
0 0.05769231 0.10096154 0.02584135 0.04026442
0 0.07812500 0.03966346 0.03425481 0.04266827
0 0.16706731 0.32692308 0.03185096 0.05709135
0 0.21033654 0.40985577 0.05528846 0.01682692
0 0.22475962 0.37379808 0.03605769 0.06670673
0 0.15745192 0.70432692 0.03725962 0.05949519
0 0.15504808 0.81370192 0.03605769 0.04807692
0 0.33173077 0.42548077 0.01442308 0.01442308
0 0.87500000 0.43870192 0.01923077 0.04086538
0 0.71394231 0.79206731 0.04687500 0.06670673
0 0.45793269 0.73918269 0.04146635 0.06310096
0 0.43269231 0.78245192 0.04447115 0.05949519
0 0.74639423 0.80288462 0.02704327 0.04867788
0 0.77644231 0.93149038 0.03846154 0.04026442
0 0.70192308 0.65144231 0.03966346 0.06790865
0 0.83894231 0.64423077 0.03786058 0.06911058
0 0.84495192 0.72115385 0.02223558 0.04326923
0 0.84254808 0.44831731 0.02704327 0.04567308
0 0.91466346 0.56971154 0.03786058 0.05408654
0 0.84254808 0.54086538 0.01923077 0.03906250
0 0.79567308 0.46754808 0.03545673 0.04146635
0 0.86298077 0.62740385 0.03545673 0.05588942
0 0.75961538 0.58052885 0.03725962 0.06490385
0 0.37740385 0.43269231 0.01923077 0.02884615
0 0.66706731 0.50120192 0.02223558 0.04326923
0 0.70432692 0.45432692 0.02764423 0.03425481
0 0.77043269 0.66586538 0.03185096 0.05528846
0 0.79807692 0.77163462 0.02884615 0.04987981
0 0.80408654 0.81971154 0.04146635 0.06790865
0 0.59495192 0.47956731 0.03125000 0.06370192
0 0.64182692 0.53846154 0.02223558 0.04867788
