0 0.25600962 0.17788462 0.01862981 0.04266827
0 0.08293269 0.28605769 0.03605769 0.02403846
0 0.24278846 0.19471154 0.03185096 0.04627404
0 0.30048077 0.28725962 0.03846154 0.02163462
0 0.21875000 0.29206731 0.01442308 0.01201923
0 0.16947115 0.17908654 0.03485577 0.03906250
0 0.13100962 0.28485577 0.02644231 0.02644231
0 0.28725962 0.06971154 0.01802885 0.04387019
0 0.24879808 0.08052885 0.02944712 0.04687500
0 0.22716346 0.00841346 0.02644231 0.01682692
0 0.09615385 0.15985577 0.02944712 0.03605769
0 0.28485577 0.10937500 0.02403846 0.03365385
0 0.02524038 0.04326923 0.02163462 0.03004808
0 0.00721154 0.22475962 0.01442308 0.03125000
0 0.05889423 0.25360577 0.03425481 0.05228365
0 0.56370192 0.02644231 0.03125000 0.05288462
0 0.60697115 0.16105769 0.04507212 0.04627404
0 0.50600962 0.02163462 0.03125000 0.04326923
0 0.64062500 0.02403846 0.05048077 0.04807692
0 0.40625000 0.31850962 0.00480769 0.04086538
0 0.25721154 0.66105769 0.04867788 0.06971154
0 0.01081731 0.60456731 0.02163462 0.06009615
0 0.28485577 0.66826923 0.02163462 0.04447115
0 0.31610577 0.79326923 0.04266827 0.04507212
0 0.24519231 0.51562500 0.04627404 0.07271635
0 0.37379808 0.51682692 0.03545673 0.06430288
0 0.38221154 0.59014423 0.02283654 0.04146635
0 0.38100962 0.32451923 0.03064904 0.04507212
0 0.37980769 0.41586538 0.02283654 0.04026442
0 0.33413462 0.34134615 0.03725962 0.04447115
0 0.39423077 0.50721154 0.02884615 0.05769231
0 0.30048077 0.45432692 0.03004808 0.06189904
0 0.20913462 0.37620192 0.02283654 0.04266827
0 0.24519231 0.32812500 0.02463942 0.03365385
0 0.30769231 0.53365385 0.02824519 0.05228365
0 0.33774038 0.63942308 0.02824519 0.04927885
0 0.34134615 0.68750000 0.04447115 0.07211538
0 0.13701923 0.35456731 0.02584135 0.06009615
0 0.18269231 0.40985577 0.02103365 0.04807692
0 0.83293269 0.58413462 0.04266827 0.06009615
0 0.58653846 0.57812500 0.03125000 0.05468750
0 0.56370192 0.68389423 0.03545673 0.04927885
0 0.86418269 0.61899038 0.02824519 0.05588942
0 0.88341346 0.76682692 0.03365385 0.03605769
0 0.79687500 0.57451923 0.03786058 0.05949519
0 0.93269231 0.38701923 0.02584135 0.03605769
0 0.94591346 0.51081731 0.01382212 0.03605769
0 0.99519231 0.31730769 0.00961538 0.03846154
0 0.94591346 0.33052885 0.01983173 0.03305288
0 0.95793269 0.33653846 0.02283654 0.03846154
0 0.88581731 0.34014423 0.02163462 0.04026442
0 0.77884615 0.33052885 0.02283654 0.04266827
0 0.73557692 0.31009615 0.03365385 0.02403846
0 0.75721154 0.31250000 0.02403846 0.02884615
0 0.86298077 0.52163462 0.03004808 0.05348558
0 0.91947115 0.57451923 0.03245192 0.06370192
0 0.91586538 0.63942308 0.04927885 0.08112981
