0 0.40865385 0.31250000 0.01562500 0.04206731
0 0.55649038 0.63100962 0.03846154 0.05889423
0 0.78004808 0.57211538 0.03125000 0.05528846
0 0.80769231 0.61658654 0.03485577 0.05048077
0 0.53004808 0.63822115 0.02163462 0.04326923
0 0.49759615 0.74639423 0.03725962 0.04086538
0 0.56370192 0.48918269 0.03605769 0.06250000
0 0.44711538 0.49519231 0.03125000 0.06129808
0 0.43990385 0.56250000 0.02043269 0.03605769
0 0.44110577 0.32091346 0.02524038 0.04086538
0 0.37620192 0.43149038 0.03245192 0.04807692
0 0.43990385 0.40985577 0.01562500 0.03485577
0 0.48798077 0.33052885 0.03125000 0.03725962
0 0.41826923 0.46995192 0.02644231 0.05168269
0 0.51442308 0.44110577 0.02764423 0.05649038
0 0.84975962 0.30288462 0.01682692 0.03605769
0 0.59495192 0.36899038 0.02043269 0.03846154
0 0.85817308 0.26923077 0.02043269 0.03125000
0 0.91586538 0.29927885 0.02524038 0.03125000
0 0.66826923 0.18389423 0.02403846 0.04326923
0 0.39182692 0.24038462 0.01562500 0.04086538
0 0.42307692 0.23798077 0.02163462 0.03846154
0 0.89302885 0.07692308 0.02644231 0.04807692
0 0.95793269 0.09375000 0.03245192 0.05168269
0 0.90024038 0.12620192 0.03245192 0.05528846
0 0.56610577 0.13100962 0.03245192 0.06610577
0 0.43389423 0.15384615 0.02043269 0.03245192
0 0.96274038 0.03485577 0.02644231 0.03004808
0 0.98076923 0.06850962 0.03004808 0.04206731
0 0.56370192 0.32211538 0.02403846 0.03125000
0 0.50480769 0.51201923 0.02524038 0.04687500
0 0.59254808 0.15024038 0.03245192 0.03846154
0 0.47956731 0.60336538 0.02524038 0.04326923
0 0.47596154 0.65504808 0.04086538 0.06730769
0 0.61899038 0.05408654 0.02644231 0.03605769
0 0.36899038 0.24879808 0.02043269 0.02764423
0 0.61899038 0.18149038 0.02524038 0.03245192
0 0.33413462 0.10336538 0.02163462 0.04326923
0 0.66466346 0.34375000 0.02403846 0.05649038
0 0.62379808 0.39182692 0.02043269 0.03125000
