0 0.29086538 0.19831731 0.02103365 0.04507212
0 0.39062500 0.44831731 0.03725962 0.05588942
0 0.63221154 0.46033654 0.03846154 0.06009615
0 0.59375000 0.53966346 0.03365385 0.03605769
0 0.39182692 0.49639423 0.02524038 0.05528846
0 0.42788462 0.50480769 0.02584135 0.04326923
0 0.29687500 0.28125000 0.02223558 0.03365385
0 0.28004808 0.44230769 0.02704327 0.03846154
0 0.27283654 0.36418269 0.02644231 0.04507212
0 0.26923077 0.17908654 0.02824519 0.04447115
0 0.26322115 0.13581731 0.03605769 0.05108173
0 0.25360577 0.21754808 0.01862981 0.03605769
0 0.28846154 0.19591346 0.01862981 0.04146635
0 0.25120192 0.20673077 0.02343750 0.03605769
0 0.35336538 0.38221154 0.04747596 0.07812500
0 0.28846154 0.38341346 0.02463942 0.03846154
0 0.07692308 0.15625000 0.02584135 0.05228365
0 0.33413462 0.19711538 0.02764423 0.04387019
0 0.20312500 0.06370192 0.03125000 0.04867788
0 0.41947115 0.18870192 0.01983173 0.04146635
0 0.46634615 0.12860577 0.03305288 0.04086538
0 0.35576923 0.01802885 0.02403846 0.03605769
0 0.24038462 0.02043269 0.02403846 0.04086538
0 0.29567308 0.01081731 0.02403846 0.02163462
0 0.49399038 0.00841346 0.02163462 0.01682692
0 0.43870192 0.15865385 0.03064904 0.05348558
0 0.40024038 0.13581731 0.02704327 0.03605769
0 0.31850962 0.89302885 0.01562500 0.03365385
0 0.41105769 0.91947115 0.03605769 0.05048077
0 0.32211538 0.84375000 0.01983173 0.03906250
0 0.44591346 0.97475962 0.02103365 0.04026442
0 0.59615385 0.83052885 0.01923077 0.03605769
0 0.61057692 0.79086538 0.01923077 0.04266827
0 0.18269231 0.83413462 0.01622596 0.03004808
0 0.30168269 0.80168269 0.03185096 0.04867788
0 0.40985577 0.68269231 0.03605769 0.06189904
0 0.32211538 0.68870192 0.03305288 0.04927885
0 0.48918269 0.92067308 0.03906250 0.04987981
0 0.44591346 0.74399038 0.03786058 0.04266827
0 0.49038462 0.59495192 0.02704327 0.03485577
0 0.34134615 0.82331731 0.03185096 0.04266827
0 0.43990385 0.77403846 0.02283654 0.02944712
0 0.54326923 0.96634615 0.02103365 0.03545673
0 0.15384615 0.68870192 0.03485577 0.05228365
0 0.56009615 0.91466346 0.03425481 0.04987981
0 0.58293269 0.90144231 0.02704327 0.04387019
