0 0.16947115 0.00600962 0.04086538 0.01201923
0 0.59495192 0.03245192 0.02644231 0.04086538
0 0.41105769 0.01201923 0.03365385 0.02403846
0 0.39423077 0.09495192 0.03185096 0.04447115
0 0.15985577 0.02644231 0.03125000 0.05288462
0 0.11298077 0.15865385 0.04206731 0.03966346
0 0.21153846 0.02884615 0.02584135 0.04326923
0 0.06971154 0.01682692 0.04326923 0.03365385
0 0.84375000 0.00480769 0.01923077 0.00961538
0 0.99038462 0.35937500 0.01923077 0.04567308
0 0.89062500 0.21514423 0.02283654 0.04567308
0 0.88942308 0.25600962 0.02163462 0.03725962
0 0.87019231 0.00841346 0.02884615 0.01682692
0 0.81850962 0.10937500 0.04026442 0.05348558
0 0.88341346 0.09735577 0.01562500 0.03125000
0 0.94230769 0.00360577 0.02884615 0.00721154
0 0.87019231 0.17668269 0.03545673 0.05829327
0 0.96754808 0.11778846 0.03425481 0.05949519
0 0.94471154 0.18870192 0.02584135 0.04567308
0 0.92908654 0.27403846 0.02764423 0.04567308
0 0.90384615 0.33894231 0.03245192 0.06790865
0 0.39423077 0.55769231 0.02163462 0.03485577
0 0.50961538 0.40264423 0.02403846 0.02644231
0 0.23677885 0.78725962 0.02043269 0.02764423
0 0.24879808 0.84975962 0.01862981 0.03665865
0 0.27524038 0.82932692 0.02343750 0.04507212
0 0.37620192 0.87019231 0.02824519 0.05228365
0 0.36778846 0.99278846 0.01923077 0.01442308
