0 0.26322115 0.24639423 0.01862981 0.04326923
0 0.17187500 0.44350962 0.04567308 0.01201923
0 0.26442308 0.31490385 0.02403846 0.03365385
0 0.29206731 0.40264423 0.02944712 0.04447115
0 0.29447115 0.24399038 0.02343750 0.03966346
0 0.29807692 0.18629808 0.03425481 0.04507212
0 0.31129808 0.26562500 0.01862981 0.03365385
0 0.27283654 0.23317308 0.02223558 0.04387019
0 0.31850962 0.24158654 0.02463942 0.03485577
0 0.21153846 0.40865385 0.04807692 0.07512019
0 0.27524038 0.41466346 0.02343750 0.03786058
0 0.22956731 0.22836538 0.02463942 0.04387019
0 0.32211538 0.13942308 0.03185096 0.04627404
0 0.15384615 0.21875000 0.02103365 0.04026442
0 0.10937500 0.15745192 0.03245192 0.03786058
0 0.21153846 0.06370192 0.02343750 0.04146635
0 0.31490385 0.05528846 0.01983173 0.04387019
0 0.25600962 0.03846154 0.02343750 0.03906250
0 0.06370192 0.02884615 0.04567308 0.05769231
0 0.13341346 0.18269231 0.02764423 0.04987981
0 0.12620192 0.00480769 0.02644231 0.00961538
0 0.16105769 0.17788462 0.02403846 0.03305288
0 0.00360577 0.70913462 0.00721154 0.04326923
0 0.00961538 0.93269231 0.01923077 0.03846154
0 0.02283654 0.87620192 0.02944712 0.04266827
0 0.02524038 0.72836538 0.02644231 0.04447115
0 0.03004808 0.64903846 0.03485577 0.04807692
0 0.04687500 0.73317308 0.02043269 0.03846154
0 0.00721154 0.70072115 0.01442308 0.04086538
0 0.05168269 0.70432692 0.02463942 0.03545673
0 0.00841346 0.87500000 0.01682692 0.03846154
0 0.24278846 0.64543269 0.02824519 0.05769231
0 0.03846154 0.60216346 0.03185096 0.04627404
0 0.03966346 0.49759615 0.01983173 0.04387019
