0 0.32572115 0.19711538 0.01802885 0.04266827
0 0.42788462 0.50120192 0.03846154 0.05709135
0 0.40985577 0.54206731 0.02764423 0.05528846
0 0.37980769 0.67307692 0.04326923 0.03365385
0 0.46875000 0.52163462 0.03064904 0.04867788
0 0.33653846 0.31610577 0.02463942 0.03485577
0 0.32211538 0.41826923 0.01802885 0.04266827
0 0.32812500 0.18629808 0.02223558 0.04146635
0 0.27764423 0.21033654 0.04206731 0.05769231
0 0.31730769 0.25600962 0.01802885 0.03245192
0 0.34735577 0.19951923 0.01262019 0.03365385
0 0.30649038 0.25841346 0.02584135 0.03725962
0 0.33894231 0.48197115 0.02944712 0.06550481
0 0.15985577 0.09975962 0.03846154 0.06790865
0 0.38100962 0.25360577 0.02103365 0.03966346
0 0.21995192 0.06009615 0.02403846 0.03605769
0 0.47716346 0.25360577 0.02103365 0.04447115
0 0.52524038 0.20192308 0.03365385 0.04266827
0 0.42908654 0.04567308 0.02403846 0.04387019
0 0.29206731 0.07331731 0.02163462 0.04266827
0 0.32932692 0.07572115 0.02584135 0.04266827
0 0.49879808 0.22596154 0.02103365 0.04026442
0 0.47355769 0.00360577 0.02403846 0.00721154
0 0.49639423 0.01201923 0.02163462 0.02403846
0 0.47235577 0.12740385 0.02644231 0.03425481
0 0.39663462 0.43870192 0.03425481 0.05649038
0 0.34735577 0.54206731 0.05588942 0.07391827
0 0.51322115 0.01442308 0.01682692 0.02884615
0 0.99278846 0.04086538 0.01442308 0.04326923
0 0.99278846 0.26802885 0.01442308 0.05048077
0 0.94591346 0.26923077 0.02824519 0.03485577
0 0.89783654 0.26682692 0.05108173 0.06069712
0 0.91225962 0.30769231 0.03725962 0.04627404
0 0.71754808 0.14663462 0.04326923 0.05108173
0 0.98437500 0.49639423 0.03125000 0.08894231
