0 0.50360577 0.35817308 0.01562500 0.03846154
0 0.59735577 0.56490385 0.03605769 0.05649038
0 0.96754808 0.58653846 0.02764423 0.03485577
0 0.98317308 0.59495192 0.02403846 0.05649038
0 0.81971154 0.60336538 0.03004808 0.05528846
0 0.77283654 0.67067308 0.02764423 0.04086538
0 0.59254808 0.64062500 0.02524038 0.05168269
0 0.53245192 0.74519231 0.01923077 0.04326923
0 0.62259615 0.63341346 0.02524038 0.04206731
0 0.50721154 0.42307692 0.02403846 0.03485577
0 0.49158654 0.58894231 0.02644231 0.03605769
0 0.47596154 0.50961538 0.02524038 0.04086538
0 0.47596154 0.36658654 0.02163462 0.03846154
0 0.47475962 0.29927885 0.03004808 0.04086538
0 0.45913462 0.37620192 0.01682692 0.03485577
0 0.49639423 0.34615385 0.01682692 0.04086538
0 0.45192308 0.35336538 0.02163462 0.03245192
0 0.55769231 0.51081731 0.04206731 0.07211538
0 0.49519231 0.52043269 0.02043269 0.03485577
0 0.27403846 0.30048077 0.02524038 0.05528846
0 0.54326923 0.33293269 0.02163462 0.04326923
0 0.93389423 0.24158654 0.02403846 0.03725962
0 0.45793269 0.25600962 0.02644231 0.04326923
0 0.61418269 0.32091346 0.01562500 0.03846154
0 0.65745192 0.26201923 0.02764423 0.03605769
0 0.95192308 0.18750000 0.02043269 0.03485577
0 0.92788462 0.22836538 0.02403846 0.03004808
0 0.55769231 0.17067308 0.02043269 0.03846154
0 0.45913462 0.16466346 0.01682692 0.04086538
0 0.51923077 0.14663462 0.02163462 0.03605769
0 0.69471154 0.13581731 0.03485577 0.05288462
0 0.78846154 0.11538462 0.02764423 0.05168269
0 0.94110577 0.09615385 0.03004808 0.05288462
0 0.63100962 0.28725962 0.02043269 0.04687500
0 0.90384615 0.08173077 0.03245192 0.05528846
0 0.61538462 0.06129808 0.02524038 0.03125000
0 0.63701923 0.10336538 0.02163462 0.03725962
0 0.49879808 0.08533654 0.01442308 0.03485577
0 0.94711538 0.02403846 0.03245192 0.04567308
0 0.97235577 0.02283654 0.02524038 0.03725962
0 0.60817308 0.28365385 0.02403846 0.03125000
