0 0.35216346 0.19230769 0.01923077 0.04387019
0 0.17427885 0.33894231 0.03485577 0.06430288
0 0.32812500 0.20192308 0.02403846 0.03966346
0 0.37980769 0.31370192 0.03846154 0.05288462
0 0.31250000 0.30528846 0.01622596 0.03305288
0 0.25240385 0.19471154 0.03245192 0.03605769
0 0.32572115 0.36899038 0.03605769 0.04086538
0 0.22596154 0.32692308 0.03245192 0.05889423
0 0.02403846 0.02403846 0.02884615 0.04807692
0 0.37259615 0.09254808 0.02043269 0.04507212
0 0.33533654 0.10576923 0.02704327 0.04687500
0 0.17307692 0.00721154 0.03365385 0.01442308
0 0.31730769 0.01802885 0.02884615 0.03605769
0 0.18028846 0.18509615 0.03125000 0.03725962
0 0.24879808 0.37980769 0.02644231 0.01923077
0 0.14543269 0.01442308 0.03605769 0.02884615
0 0.38341346 0.12980769 0.02764423 0.03605769
0 0.11418269 0.05288462 0.02704327 0.03485577
0 0.05769231 0.21634615 0.02704327 0.05769231
0 0.10336538 0.24158654 0.02103365 0.03064904
0 0.14903846 0.28605769 0.03305288 0.04987981
0 0.74278846 0.05408654 0.01622596 0.03365385
0 0.65384615 0.10697115 0.00961538 0.05048077
0 0.83533654 0.38100962 0.04567308 0.01682692
0 0.83774038 0.25841346 0.02704327 0.04146635
0 0.85096154 0.23076923 0.03004808 0.05709135
0 0.79086538 0.32331731 0.01442308 0.02584135
0 0.83533654 0.34855769 0.03425481 0.03966346
0 0.86658654 0.00480769 0.01682692 0.00961538
0 0.66105769 0.06370192 0.02403846 0.04567308
0 0.69230769 0.24879808 0.04447115 0.05829327
0 0.72235577 0.37259615 0.03605769 0.03365385
0 0.69831731 0.48557692 0.03004808 0.03966346
0 0.68149038 0.79086538 0.02644231 0.04987981
0 0.72355769 0.45192308 0.04447115 0.06189904
0 0.74038462 0.64783654 0.03365385 0.04627404
0 0.75000000 0.60216346 0.03966346 0.05949519
0 0.76081731 0.44230769 0.03425481 0.05889423
0 0.79807692 0.40985577 0.03365385 0.04086538
0 0.85576923 0.43990385 0.05288462 0.06189904
0 0.75480769 0.50961538 0.03185096 0.03906250
0 0.84735577 0.47956731 0.03365385 0.04567308
0 0.67187500 0.53846154 0.04567308 0.07211538
0 0.77403846 0.68389423 0.04206731 0.06069712
