0 0.01081731 0.13581731 0.02163462 0.06009615
0 0.03125000 0.27884615 0.03064904 0.03485577
0 0.08894231 0.01802885 0.01923077 0.03605769
0 0.01201923 0.03365385 0.02403846 0.05769231
0 0.05649038 0.14783654 0.05108173 0.07151442
0 0.06610577 0.08293269 0.04086538 0.06971154
0 0.22475962 0.66947115 0.01682692 0.04146635
0 0.06009615 0.99038462 0.04326923 0.01923077
0 0.05168269 0.85817308 0.04567308 0.07391827
0 0.18028846 0.86177885 0.03846154 0.06790865
0 0.18870192 0.93990385 0.02403846 0.03966346
0 0.18990385 0.67788462 0.02704327 0.04387019
0 0.25961538 0.79687500 0.03846154 0.05408654
0 0.18870192 0.77524038 0.02043269 0.03786058
0 0.13461538 0.68870192 0.03665865 0.04086538
0 0.20673077 0.84615385 0.03545673 0.06009615
0 0.10817308 0.80889423 0.03064904 0.06069712
0 0.02163462 0.72115385 0.02283654 0.04266827
0 0.24399038 0.58413462 0.02043269 0.04387019
0 0.20913462 0.59014423 0.02644231 0.04266827
0 0.05408654 0.48557692 0.03605769 0.03365385
0 0.19711538 0.49519231 0.02403846 0.03846154
0 0.05769231 0.67908654 0.02944712 0.03485577
0 0.12019231 0.87980769 0.03185096 0.05048077
0 0.02163462 0.49158654 0.03786058 0.04507212
0 0.14783654 0.97836538 0.02644231 0.04326923
0 0.26562500 0.59855769 0.02283654 0.03064904
0 0.00480769 0.52884615 0.00961538 0.03846154
0 0.82331731 0.52884615 0.05649038 0.06850962
0 0.65264423 0.57572115 0.03185096 0.05108173
0 0.70793269 0.62740385 0.04146635 0.05288462
0 0.85456731 0.66346154 0.03185096 0.05829327
0 0.91706731 0.72355769 0.02403846 0.05408654
0 0.83533654 0.60576923 0.02944712 0.04867788
0 0.96153846 0.57331731 0.03305288 0.04266827
0 0.97115385 0.52403846 0.04146635 0.06009615
0 0.89663462 0.49038462 0.04807692 0.04326923
0 0.96754808 0.56730769 0.02584135 0.04447115
