0 0.50240385 0.36177885 0.01562500 0.03846154
0 0.60096154 0.56129808 0.03605769 0.05649038
0 0.96514423 0.58653846 0.02644231 0.03245192
0 0.98076923 0.59495192 0.02403846 0.05649038
0 0.81971154 0.60697115 0.03004808 0.05528846
0 0.76923077 0.66947115 0.02764423 0.04086538
0 0.59254808 0.64663462 0.02524038 0.05168269
0 0.53485577 0.74639423 0.01923077 0.04326923
0 0.62379808 0.63221154 0.02524038 0.04206731
0 0.50721154 0.42908654 0.02524038 0.03605769
0 0.49399038 0.58653846 0.02644231 0.03605769
0 0.47596154 0.52524038 0.02403846 0.03846154
0 0.47596154 0.37379808 0.02403846 0.04206731
0 0.47235577 0.30168269 0.03125000 0.04326923
0 0.45913462 0.38221154 0.01682692 0.03605769
0 0.49519231 0.35096154 0.01682692 0.03846154
0 0.45192308 0.35697115 0.02163462 0.03245192
0 0.55769231 0.51201923 0.04206731 0.07211538
0 0.49759615 0.52403846 0.02043269 0.03485577
0 0.26923077 0.30048077 0.02644231 0.05649038
0 0.54567308 0.33413462 0.02403846 0.04567308
0 0.93389423 0.24399038 0.02524038 0.03846154
0 0.46274038 0.25961538 0.02644231 0.04326923
0 0.61538462 0.32451923 0.01682692 0.03846154
0 0.65504808 0.26081731 0.02764423 0.03605769
0 0.95432692 0.18990385 0.02043269 0.03245192
0 0.93028846 0.22836538 0.02524038 0.03125000
0 0.55649038 0.17307692 0.02043269 0.03846154
0 0.46153846 0.16346154 0.01682692 0.04086538
0 0.52403846 0.14663462 0.02043269 0.03605769
0 0.69110577 0.13701923 0.03485577 0.05288462
0 0.78245192 0.11658654 0.02764423 0.05168269
0 0.93990385 0.10336538 0.03004808 0.05288462
0 0.63100962 0.28725962 0.02043269 0.04326923
0 0.90264423 0.08293269 0.03245192 0.05528846
0 0.61778846 0.06370192 0.02403846 0.03004808
0 0.63701923 0.10336538 0.02163462 0.03605769
0 0.50240385 0.08173077 0.01201923 0.03485577
0 0.94711538 0.02403846 0.03125000 0.04326923
0 0.97115385 0.01923077 0.02524038 0.03725962
0 0.60817308 0.28365385 0.02403846 0.03125000
