0 0.04927885 0.40985577 0.04266827 0.06129808
0 0.29326923 0.40384615 0.03185096 0.05468750
0 0.31370192 0.51322115 0.03425481 0.04747596
0 0.01923077 0.44591346 0.03305288 0.05709135
0 0.08293269 0.40264423 0.03786058 0.05829327
0 0.00360577 0.16586538 0.00721154 0.04326923
0 0.40384615 0.07331731 0.02163462 0.03786058
0 0.10096154 0.15985577 0.02043269 0.04146635
0 0.14543269 0.13221154 0.03185096 0.03004808
0 0.40144231 0.01682692 0.02403846 0.03365385
0 0.41586538 0.05649038 0.02403846 0.03064904
0 0.12259615 0.13341346 0.02524038 0.03966346
0 0.10456731 0.07451923 0.02884615 0.03485577
0 0.01802885 0.34975962 0.03605769 0.06009615
0 0.09254808 0.77043269 0.04447115 0.06430288
0 0.31129808 0.82932692 0.03545673 0.05949519
0 0.25000000 0.88581731 0.03425481 0.04747596
0 0.07091346 0.88341346 0.03485577 0.06009615
0 0.01322115 0.97475962 0.02163462 0.05048077
0 0.10456731 0.84855769 0.02704327 0.04687500
0 0.03846154 0.71875000 0.06189904 0.08653846
0 0.47115385 0.97115385 0.01923077 0.04387019
