0 0.16586538 0.20552885 0.03064904 0.05108173
0 0.13822115 0.25360577 0.03545673 0.04747596
0 0.72596154 0.26562500 0.01862981 0.04026442
0 0.56129808 0.39783654 0.03125000 0.05709135
0 0.70432692 0.27403846 0.02163462 0.03846154
0 0.75360577 0.37620192 0.03725962 0.05228365
0 0.68870192 0.37259615 0.01682692 0.03004808
0 0.63581731 0.26682692 0.02584135 0.03004808
0 0.70312500 0.43028846 0.03125000 0.01923077
0 0.60817308 0.38581731 0.02704327 0.05048077
0 0.41947115 0.10697115 0.02524038 0.04567308
0 0.74639423 0.17187500 0.01862981 0.04086538
0 0.71274038 0.18269231 0.02944712 0.04447115
0 0.56250000 0.06730769 0.03846154 0.06430288
0 0.69591346 0.09975962 0.02704327 0.04146635
0 0.56730769 0.25240385 0.02644231 0.03485577
0 0.53485577 0.09014423 0.03786058 0.04326923
0 0.75360577 0.20673077 0.02644231 0.03485577
0 0.50480769 0.13581731 0.02524038 0.03245192
0 0.45072115 0.28485577 0.03004808 0.05588942
0 0.49399038 0.31129808 0.02043269 0.02884615
0 0.53846154 0.34975962 0.03245192 0.04807692
0 0.67427885 0.79326923 0.02283654 0.04867788
0 0.57091346 0.97596154 0.03605769 0.04807692
0 0.66706731 0.85456731 0.02764423 0.04146635
0 0.69711538 0.96754808 0.02944712 0.04447115
0 0.70432692 0.81730769 0.02403846 0.04387019
0 0.71274038 0.72956731 0.03245192 0.04507212
0 0.72716346 0.81730769 0.02043269 0.03846154
0 0.68629808 0.78245192 0.01682692 0.04026442
0 0.73437500 0.78846154 0.02283654 0.03425481
0 0.61658654 0.93389423 0.05048077 0.07752404
0 0.68269231 0.95432692 0.02644231 0.03966346
0 0.92427885 0.72235577 0.03125000 0.05709135
0 0.62860577 0.75480769 0.02644231 0.04687500
0 0.56850962 0.70192308 0.01923077 0.03064904
0 0.71634615 0.67908654 0.02524038 0.04507212
0 0.56730769 0.74759615 0.02043269 0.05709135
0 0.52884615 0.67908654 0.03605769 0.05709135
0 0.62379808 0.58774038 0.02343750 0.04146635
0 0.71875000 0.56490385 0.01802885 0.04387019
0 0.64663462 0.55168269 0.02103365 0.03605769
0 0.49639423 0.54567308 0.03906250 0.05588942
0 0.40865385 0.53605769 0.02884615 0.04987981
0 0.55408654 0.69831731 0.02223558 0.04507212
0 0.56129808 0.48437500 0.02283654 0.03185096
0 0.54447115 0.52283654 0.02403846 0.03966346
0 0.67548077 0.49399038 0.01742788 0.03846154
