0 0.47355769 0.27884615 0.01562500 0.03846154
0 0.56971154 0.56370192 0.03485577 0.05288462
0 0.79567308 0.56730769 0.02764423 0.05048077
0 0.79807692 0.66346154 0.02764423 0.04086538
0 0.55288462 0.60336538 0.02524038 0.05168269
0 0.52524038 0.73197115 0.04086538 0.04206731
0 0.60817308 0.58413462 0.02644231 0.04326923
0 0.48317308 0.39062500 0.02163462 0.03125000
0 0.46995192 0.48677885 0.01562500 0.03846154
0 0.47596154 0.26923077 0.02163462 0.03846154
0 0.42788462 0.29086538 0.03605769 0.05168269
0 0.46514423 0.33413462 0.01442308 0.03004808
0 0.49278846 0.28125000 0.01201923 0.03125000
0 0.45552885 0.33653846 0.02163462 0.03485577
0 0.48557692 0.54687500 0.02403846 0.05889423
0 0.31730769 0.18629808 0.03004808 0.06250000
0 0.52524038 0.33173077 0.01682692 0.03605769
0 0.90625000 0.26081731 0.01562500 0.03485577
0 0.37379808 0.14903846 0.02043269 0.03485577
0 0.61538462 0.33173077 0.01682692 0.04086538
0 0.66105769 0.28365385 0.03125000 0.03846154
0 0.91225962 0.19951923 0.02043269 0.03485577
0 0.90745192 0.24399038 0.02043269 0.02644231
0 0.56971154 0.13581731 0.02043269 0.03846154
0 0.44110577 0.16225962 0.01562500 0.03846154
0 0.47596154 0.16346154 0.02163462 0.03846154
0 0.84254808 0.08413462 0.02764423 0.05288462
0 0.95793269 0.06971154 0.03245192 0.06250000
0 0.63581731 0.30649038 0.01682692 0.03725962
0 0.90384615 0.08774038 0.03245192 0.05528846
0 0.61298077 0.08653846 0.02163462 0.02764423
0 0.63461538 0.09855769 0.02163462 0.03725962
0 0.46153846 0.07932692 0.01682692 0.02764423
0 0.95312500 0.02403846 0.03485577 0.04807692
0 0.97836538 0.03245192 0.02644231 0.03846154
0 0.61057692 0.21274038 0.02524038 0.03245192
0 0.53966346 0.50600962 0.02764423 0.05168269
0 0.49278846 0.60336538 0.04687500 0.06730769
0 0.64903846 0.10096154 0.01562500 0.04086538
