0 0.24158654 0.47355769 0.01622596 0.04206731
0 0.14182692 0.77403846 0.03846154 0.05769231
0 0.16225962 0.81610577 0.03064904 0.05528846
0 0.18750000 0.94951923 0.04507212 0.04567308
0 0.10216346 0.78846154 0.03245192 0.05348558
0 0.22956731 0.59014423 0.02343750 0.03185096
0 0.24399038 0.69350962 0.01622596 0.04086538
0 0.23798077 0.46754808 0.02584135 0.04206731
0 0.28966346 0.49278846 0.04266827 0.05649038
0 0.24879808 0.53725962 0.01562500 0.03064904
0 0.21995192 0.48557692 0.01262019 0.03305288
0 0.26201923 0.53966346 0.02223558 0.03725962
0 0.39663462 0.37620192 0.02944712 0.06490385
0 0.18629808 0.53485577 0.01862981 0.03665865
0 0.34495192 0.34375000 0.02463942 0.03906250
0 0.09254808 0.53485577 0.01862981 0.04146635
0 0.04567308 0.48798077 0.03425481 0.04326923
0 0.13701923 0.33413462 0.02463942 0.04326923
0 0.27283654 0.36177885 0.01983173 0.04206731
0 0.23918269 0.36538462 0.02223558 0.03966346
0 0.07211538 0.50961538 0.01983173 0.03846154
0 0.09735577 0.27884615 0.02343750 0.03004808
0 0.06850962 0.28365385 0.02223558 0.03846154
0 0.25240385 0.27403846 0.01983173 0.02884615
0 0.09375000 0.42187500 0.02704327 0.03485577
0 0.17067308 0.71514423 0.03245192 0.05408654
0 0.21754808 0.81850962 0.05228365 0.07091346
0 0.22596154 0.75480769 0.03665865 0.06730769
0 0.07331731 0.29927885 0.02403846 0.04747596
0 0.82091346 0.57331731 0.01923077 0.05048077
0 0.70552885 0.76201923 0.03725962 0.05408654
0 0.50961538 0.81129808 0.03305288 0.05048077
0 0.56610577 0.86658654 0.04507212 0.05829327
0 0.72475962 0.87019231 0.03185096 0.05769231
0 0.78605769 0.95072115 0.02103365 0.04627404
0 0.69831731 0.83052885 0.02584135 0.04326923
0 0.80528846 0.64062500 0.03305288 0.06189904
0 0.82692308 0.80649038 0.03245192 0.04387019
0 0.83052885 0.76802885 0.02944712 0.04687500
0 0.84975962 0.60937500 0.02403846 0.04567308
0 0.85697115 0.51442308 0.04086538 0.05288462
0 0.88100962 0.60697115 0.01923077 0.03846154
0 0.83052885 0.57211538 0.01862981 0.03966346
0 0.88221154 0.57932692 0.03545673 0.05408654
0 0.76322115 0.70793269 0.05949519 0.08173077
0 0.83052885 0.74038462 0.02764423 0.04206731
0 0.76923077 0.51201923 0.02103365 0.04447115
0 0.71274038 0.46754808 0.01622596 0.02884615
0 0.85937500 0.44711538 0.03365385 0.05048077
0 0.71274038 0.51442308 0.01923077 0.06189904
0 0.67307692 0.43870192 0.04326923 0.06430288
0 0.76682692 0.35336538 0.01983173 0.04206731
0 0.86057692 0.32572115 0.01983173 0.04146635
0 0.78365385 0.31730769 0.02343750 0.03846154
0 0.64182692 0.30408654 0.03425481 0.05228365
0 0.55769231 0.29807692 0.03305288 0.06790865
0 0.70072115 0.46274038 0.02463942 0.04687500
0 0.81730769 0.26802885 0.02103365 0.03064904
0 0.70192308 0.25480769 0.02223558 0.03004808
0 0.68750000 0.28725962 0.02704327 0.03966346
0 0.81370192 0.25120192 0.01862981 0.03846154
