0 0.46754808 0.26802885 0.01562500 0.03846154
0 0.56850962 0.56370192 0.03485577 0.05288462
0 0.79326923 0.56370192 0.02764423 0.05048077
0 0.80649038 0.66706731 0.02764423 0.04086538
0 0.54567308 0.60216346 0.02524038 0.05168269
0 0.52403846 0.73076923 0.04086538 0.04206731
0 0.60456731 0.57211538 0.02764423 0.05048077
0 0.48317308 0.38461538 0.02163462 0.03125000
0 0.46754808 0.48918269 0.01442308 0.03725962
0 0.47235577 0.25961538 0.02163462 0.03846154
0 0.42307692 0.28966346 0.03846154 0.05528846
0 0.46514423 0.33413462 0.01442308 0.03004808
0 0.49278846 0.28485577 0.01201923 0.03125000
0 0.45192308 0.33774038 0.01682692 0.03245192
0 0.32451923 0.16826923 0.03004808 0.06250000
0 0.52403846 0.33533654 0.01682692 0.03605769
0 0.90024038 0.25841346 0.01562500 0.03485577
0 0.37139423 0.14423077 0.02163462 0.03605769
0 0.61538462 0.33413462 0.01682692 0.03846154
0 0.66225962 0.28725962 0.03125000 0.03846154
0 0.90384615 0.20552885 0.02163462 0.03605769
0 0.90625000 0.24278846 0.02043269 0.02644231
0 0.57692308 0.14062500 0.02043269 0.03846154
0 0.44110577 0.16826923 0.01682692 0.04086538
0 0.47235577 0.16826923 0.02163462 0.03725962
0 0.84735577 0.08173077 0.02764423 0.05288462
0 0.95913462 0.06610577 0.03125000 0.05889423
0 0.63701923 0.30649038 0.01682692 0.03605769
0 0.90384615 0.08653846 0.03245192 0.05528846
0 0.61057692 0.08173077 0.02043269 0.02764423
0 0.63822115 0.09014423 0.02403846 0.03846154
0 0.46033654 0.08413462 0.01682692 0.02764423
0 0.95432692 0.02403846 0.03485577 0.04807692
0 0.97836538 0.03245192 0.02644231 0.03846154
0 0.61778846 0.23197115 0.02644231 0.03485577
0 0.53966346 0.50721154 0.02764423 0.05168269
0 0.49639423 0.60937500 0.04567308 0.06610577
0 0.48677885 0.55048077 0.03125000 0.06250000
0 0.63221154 0.10096154 0.01682692 0.04086538
