0 0.09014423 0.23918269 0.01682692 0.04507212
0 0.24879808 0.56730769 0.03485577 0.05228365
0 0.46394231 0.48076923 0.03365385 0.05649038
0 0.49399038 0.54326923 0.03125000 0.05769231
0 0.22596154 0.58894231 0.02524038 0.04747596
0 0.25360577 0.40985577 0.03966346 0.06670673
0 0.13581731 0.43990385 0.03605769 0.06490385
0 0.12980769 0.49879808 0.02223558 0.03605769
0 0.12019231 0.25360577 0.02163462 0.03846154
0 0.05769231 0.36057692 0.03725962 0.05108173
0 0.12379808 0.34615385 0.01442308 0.03004808
0 0.18149038 0.25240385 0.03004808 0.03545673
0 0.11057692 0.41466346 0.03485577 0.05709135
0 0.20552885 0.37500000 0.02884615 0.05468750
0 0.37860577 0.10456731 0.02764423 0.04627404
0 0.07331731 0.16105769 0.01742788 0.04206731
0 0.10697115 0.16947115 0.02824519 0.04447115
0 0.25480769 0.04927885 0.03605769 0.06670673
0 0.11899038 0.07692308 0.02764423 0.03966346
0 0.24879808 0.24639423 0.02644231 0.03545673
0 0.18629808 0.43509615 0.02764423 0.04507212
0 0.28245192 0.06971154 0.03605769 0.04146635
0 0.17067308 0.53004808 0.02764423 0.04627404
0 0.15264423 0.58533654 0.04567308 0.06490385
0 0.05408654 0.18389423 0.02403846 0.03185096
0 0.30889423 0.11057692 0.02524038 0.03485577
0 0.01322115 0.00600962 0.02644231 0.01201923
0 0.35817308 0.26923077 0.02644231 0.05468750
0 0.31129808 0.31730769 0.02343750 0.03125000
0 0.27884615 0.32812500 0.02644231 0.03966346
0 0.37259615 0.88942308 0.01622596 0.04867788
0 0.96995192 0.71875000 0.03665865 0.05348558
0 0.94471154 0.75721154 0.02584135 0.05228365
0 0.92307692 0.88942308 0.03245192 0.03485577
0 0.99399038 0.71754808 0.01201923 0.05048077
0 0.86778846 0.64783654 0.01682692 0.03545673
0 0.94230769 0.66225962 0.03125000 0.05228365
0 0.90024038 0.76802885 0.05168269 0.06911058
0 0.88942308 0.70673077 0.03365385 0.06430288
