0 0.48197115 0.29807692 0.01442308 0.03605769
0 0.57692308 0.56610577 0.03485577 0.05288462
0 0.98437500 0.61298077 0.03004808 0.03605769
0 0.80649038 0.57932692 0.02764423 0.05048077
0 0.78846154 0.67187500 0.02764423 0.04086538
0 0.56850962 0.60576923 0.02524038 0.05168269
0 0.52283654 0.73197115 0.03846154 0.03846154
0 0.61538462 0.60937500 0.02403846 0.04086538
0 0.49278846 0.40024038 0.02163462 0.03125000
0 0.48317308 0.57932692 0.03485577 0.06730769
0 0.46995192 0.48677885 0.01682692 0.04206731
0 0.47716346 0.28605769 0.02043269 0.03725962
0 0.44711538 0.28125000 0.03485577 0.04807692
0 0.46514423 0.34014423 0.01682692 0.03605769
0 0.49278846 0.27884615 0.01562500 0.03485577
0 0.45192308 0.34375000 0.02163462 0.03485577
0 0.48437500 0.52644231 0.02163462 0.05769231
0 0.30649038 0.23317308 0.02524038 0.05528846
0 0.53004808 0.33653846 0.02043269 0.03846154
0 0.91706731 0.26322115 0.01682692 0.03605769
0 0.38100962 0.16706731 0.02403846 0.03725962
0 0.61538462 0.33173077 0.01682692 0.03846154
0 0.66105769 0.28004808 0.02764423 0.03605769
0 0.92668269 0.19831731 0.02163462 0.03605769
0 0.90504808 0.24278846 0.02163462 0.02764423
0 0.55288462 0.14663462 0.02043269 0.03725962
0 0.44350962 0.15985577 0.01682692 0.04086538
0 0.48677885 0.15504808 0.02163462 0.03605769
0 0.66346154 0.12500000 0.01562500 0.04687500
0 0.82572115 0.09735577 0.03004808 0.05528846
0 0.95673077 0.06971154 0.03245192 0.06250000
0 0.63341346 0.30288462 0.01923077 0.03846154
0 0.90264423 0.08653846 0.03245192 0.05528846
0 0.62019231 0.07812500 0.02163462 0.03004808
0 0.63822115 0.09855769 0.02163462 0.03725962
0 0.47355769 0.08173077 0.01682692 0.02764423
0 0.94951923 0.02524038 0.03605769 0.05048077
0 0.97836538 0.03125000 0.02644231 0.03846154
0 0.60576923 0.23076923 0.02403846 0.03125000
0 0.54326923 0.50961538 0.03605769 0.05048077
