0 0.50360577 0.36418269 0.01562500 0.04206731
0 0.60336538 0.56129808 0.03605769 0.05649038
0 0.96394231 0.58413462 0.02644231 0.03245192
0 0.97956731 0.59615385 0.02403846 0.05649038
0 0.81971154 0.60817308 0.03004808 0.05168269
0 0.76682692 0.66826923 0.02764423 0.04086538
0 0.59254808 0.64903846 0.02524038 0.05168269
0 0.53485577 0.74639423 0.02043269 0.04567308
0 0.62379808 0.63100962 0.02403846 0.04206731
0 0.50841346 0.43028846 0.02524038 0.03605769
0 0.49519231 0.58774038 0.02764423 0.03846154
0 0.47596154 0.52764423 0.02524038 0.04086538
0 0.47596154 0.37860577 0.02403846 0.04206731
0 0.47235577 0.30528846 0.03125000 0.04326923
0 0.45913462 0.38581731 0.01682692 0.03605769
0 0.49519231 0.35336538 0.01682692 0.03846154
0 0.45192308 0.35817308 0.02163462 0.03485577
0 0.55889423 0.51201923 0.04206731 0.07211538
0 0.49759615 0.52764423 0.02043269 0.03485577
0 0.26923077 0.30048077 0.02644231 0.05649038
0 0.54567308 0.33413462 0.02403846 0.04567308
0 0.61057692 0.28846154 0.02043269 0.03485577
0 0.93389423 0.24399038 0.02524038 0.03846154
0 0.46274038 0.26081731 0.02644231 0.04326923
0 0.61538462 0.33413462 0.01682692 0.05528846
0 0.65504808 0.26682692 0.03245192 0.05649038
0 0.95673077 0.19230769 0.02043269 0.03245192
0 0.93028846 0.22956731 0.02524038 0.03125000
0 0.55649038 0.17427885 0.02043269 0.03846154
0 0.46274038 0.16346154 0.01682692 0.04086538
0 0.52524038 0.14543269 0.02043269 0.03605769
0 0.69110577 0.13822115 0.03725962 0.05649038
0 0.78125000 0.11778846 0.02764423 0.05168269
0 0.93990385 0.10216346 0.03004808 0.05528846
0 0.63100962 0.28605769 0.02043269 0.04326923
0 0.90264423 0.08413462 0.03245192 0.05528846
0 0.61778846 0.06610577 0.02403846 0.03125000
0 0.63701923 0.10336538 0.02163462 0.03605769
0 0.50360577 0.07812500 0.01442308 0.03605769
0 0.94711538 0.02644231 0.03125000 0.04326923
0 0.97115385 0.01923077 0.02524038 0.03725962
