0 0.43509615 0.26923077 0.01442308 0.03846154
0 0.55528846 0.58413462 0.03125000 0.04807692
0 0.79447115 0.57211538 0.02764423 0.05168269
0 0.82211538 0.61899038 0.03004808 0.04326923
0 0.53125000 0.59735577 0.02043269 0.03846154
0 0.51442308 0.73918269 0.03125000 0.03485577
0 0.57932692 0.50961538 0.03125000 0.05528846
0 0.45913462 0.43389423 0.02644231 0.05048077
0 0.45072115 0.53245192 0.02043269 0.03846154
0 0.44711538 0.28004808 0.02403846 0.03846154
0 0.39302885 0.37620192 0.03485577 0.06129808
0 0.45192308 0.36899038 0.01562500 0.03125000
0 0.49399038 0.31129808 0.01201923 0.02764423
0 0.43149038 0.42548077 0.02524038 0.04687500
0 0.35216346 0.12379808 0.02403846 0.04086538
0 0.51923077 0.39423077 0.02403846 0.04807692
0 0.87259615 0.26802885 0.01682692 0.03605769
0 0.61538462 0.33774038 0.02043269 0.03725962
0 0.65264423 0.32812500 0.03245192 0.03004808
0 0.87139423 0.23197115 0.02043269 0.03245192
0 0.91706731 0.26682692 0.02524038 0.03125000
0 0.63581731 0.16586538 0.02403846 0.04326923
0 0.41586538 0.21274038 0.01562500 0.03725962
0 0.43990385 0.21033654 0.02644231 0.04326923
0 0.88221154 0.08052885 0.02764423 0.05168269
0 0.95913462 0.07451923 0.03245192 0.05168269
0 0.63100962 0.34014423 0.02043269 0.05168269
0 0.90264423 0.10336538 0.03245192 0.05288462
0 0.57692308 0.10576923 0.03125000 0.06250000
0 0.44471154 0.11298077 0.01682692 0.02764423
0 0.96153846 0.01682692 0.02644231 0.03004808
0 0.98317308 0.04687500 0.03004808 0.04206731
0 0.58413462 0.30048077 0.02524038 0.03125000
0 0.52403846 0.50360577 0.02403846 0.04567308
0 0.60937500 0.11418269 0.01923077 0.03846154
0 0.49278846 0.58052885 0.02163462 0.03846154
0 0.49639423 0.62379808 0.03125000 0.05168269
0 0.62980769 0.04086538 0.02644231 0.03605769
0 0.37379808 0.20673077 0.01682692 0.02524038
0 0.64423077 0.10817308 0.02403846 0.03485577
