0 0.16586538 0.20673077 0.03725962 0.05528846
0 0.40144231 0.22115385 0.03125000 0.05408654
0 0.37379808 0.31009615 0.03245192 0.04387019
0 0.16105769 0.25120192 0.02884615 0.05588942
0 0.10216346 0.38221154 0.04086538 0.03966346
0 0.20192308 0.26081731 0.02403846 0.04146635
0 0.07331731 0.03725962 0.02343750 0.03185096
0 0.05649038 0.21153846 0.02884615 0.04206731
0 0.04927885 0.12379808 0.02223558 0.04627404
0 0.06490385 0.15264423 0.02584135 0.03786058
0 0.12379808 0.15264423 0.03545673 0.04627404
0 0.95192308 0.33293269 0.02884615 0.04507212
0 0.97475962 0.40504808 0.02644231 0.04567308
0 0.77283654 0.34495192 0.03305288 0.03665865
0 0.92788462 0.42427885 0.02524038 0.04627404
0 0.86057692 0.44831731 0.03305288 0.05769231
0 0.96153846 0.38942308 0.03365385 0.04927885
0 0.99639423 0.29326923 0.00721154 0.04326923
0 0.94110577 0.10576923 0.01923077 0.03004808
0 0.96754808 0.08173077 0.02403846 0.03545673
0 0.97115385 0.12259615 0.02043269 0.04206731
0 0.65504808 0.82812500 0.01562500 0.03064904
