0 0.34134615 0.19230769 0.04326923 0.06009615
0 0.32331731 0.23317308 0.03125000 0.05588942
0 0.29447115 0.36778846 0.04387019 0.04627404
0 0.38100962 0.21274038 0.02944712 0.04687500
0 0.25000000 0.01322115 0.02403846 0.02644231
0 0.23677885 0.11177885 0.02163462 0.04206731
0 0.25360577 0.17427885 0.02524038 0.06250000
0 0.31009615 0.13100962 0.03125000 0.05588942
0 0.26201923 0.23317308 0.05709135 0.07572115
0 0.63822115 0.34735577 0.04567308 0.05649038
0 0.77644231 0.32211538 0.03545673 0.04867788
0 0.64783654 0.06850962 0.03365385 0.04747596
0 0.56610577 0.33413462 0.02584135 0.03425481
0 0.71634615 0.27043269 0.03786058 0.05288462
0 0.66586538 0.11778846 0.04026442 0.08293269
0 0.52524038 0.32932692 0.01923077 0.03485577
0 0.54086538 0.10456731 0.02403846 0.05949519
0 0.78605769 0.28365385 0.03125000 0.05649038
0 0.73677885 0.44230769 0.03365385 0.04987981
0 0.50600962 0.08173077 0.02283654 0.03966346
0 0.52764423 0.06370192 0.02764423 0.04687500
0 0.68389423 0.14423077 0.02644231 0.03906250
0 0.68870192 0.79206731 0.04567308 0.05649038
0 0.82692308 0.76682692 0.03545673 0.04867788
0 0.46875000 0.56009615 0.02644231 0.04387019
0 0.69711538 0.52764423 0.03365385 0.01682692
0 0.61658654 0.77884615 0.02584135 0.03425481
0 0.76682692 0.71514423 0.03786058 0.05288462
0 0.71634615 0.56250000 0.04026442 0.08293269
0 0.57572115 0.77403846 0.01923077 0.03485577
0 0.59134615 0.54927885 0.02403846 0.05949519
0 0.83653846 0.72836538 0.03125000 0.05649038
0 0.78725962 0.88701923 0.03365385 0.04987981
0 0.55528846 0.53245192 0.02403846 0.02644231
0 0.57692308 0.52524038 0.02884615 0.01201923
0 0.73437500 0.58894231 0.02644231 0.03906250
