0 0.47716346 0.28846154 0.01442308 0.03605769
0 0.57211538 0.56370192 0.03485577 0.05288462
0 0.80408654 0.56971154 0.02764423 0.05048077
0 0.79326923 0.66586538 0.02764423 0.04086538
0 0.55769231 0.60576923 0.02524038 0.05168269
0 0.52403846 0.73197115 0.03846154 0.03846154
0 0.61298077 0.59735577 0.02403846 0.04206731
0 0.48557692 0.39543269 0.02163462 0.03125000
0 0.49038462 0.59375000 0.04206731 0.07451923
0 0.46995192 0.48557692 0.01562500 0.03846154
0 0.47836538 0.27403846 0.02043269 0.03725962
0 0.43269231 0.28846154 0.03605769 0.05168269
0 0.46394231 0.33653846 0.01442308 0.03125000
0 0.49278846 0.27524038 0.01442308 0.03125000
0 0.45552885 0.33774038 0.02163462 0.03245192
0 0.48557692 0.54086538 0.02403846 0.05889423
0 0.31490385 0.20312500 0.02764423 0.05889423
0 0.52644231 0.33413462 0.01682692 0.03605769
0 0.90985577 0.26201923 0.01682692 0.03605769
0 0.37620192 0.15384615 0.02163462 0.03605769
0 0.61538462 0.33173077 0.01682692 0.04086538
0 0.66105769 0.28245192 0.03004808 0.03846154
0 0.91586538 0.19711538 0.02043269 0.03485577
0 0.90745192 0.24278846 0.02163462 0.02764423
0 0.56250000 0.13942308 0.02043269 0.03846154
0 0.44471154 0.16346154 0.01562500 0.03846154
0 0.48076923 0.15985577 0.02163462 0.03605769
0 0.65504808 0.11418269 0.01562500 0.04567308
0 0.83653846 0.09134615 0.03004808 0.05649038
0 0.95913462 0.07091346 0.03245192 0.06250000
0 0.63581731 0.30408654 0.01682692 0.03725962
0 0.90264423 0.08413462 0.03245192 0.05528846
0 0.61538462 0.08774038 0.02163462 0.02764423
0 0.63822115 0.09615385 0.02163462 0.03605769
0 0.46634615 0.08052885 0.01682692 0.02764423
0 0.95072115 0.02524038 0.03605769 0.05048077
0 0.97836538 0.03245192 0.02644231 0.03846154
0 0.61057692 0.20312500 0.02524038 0.03245192
0 0.54086538 0.50600962 0.02764423 0.05168269
