0 0.15625000 0.04447115 0.01862981 0.04086538
0 0.04206731 0.36057692 0.03425481 0.05288462
0 0.06730769 0.38581731 0.02944712 0.05408654
0 0.08052885 0.53245192 0.03125000 0.03125000
0 0.00961538 0.32572115 0.01923077 0.05528846
0 0.13461538 0.19350962 0.02463942 0.03665865
0 0.14423077 0.29447115 0.01382212 0.03365385
0 0.13701923 0.04206731 0.02704327 0.03966346
0 0.20552885 0.13341346 0.02944712 0.04927885
0 0.14302885 0.13221154 0.01802885 0.03425481
0 0.10697115 0.06850962 0.01382212 0.03064904
0 0.16346154 0.14783654 0.02103365 0.04146635
0 0.07451923 0.13942308 0.02043269 0.03846154
0 0.06009615 0.28725962 0.02884615 0.04747596
0 0.11177885 0.35456731 0.03004808 0.06069712
0 0.09254808 0.41466346 0.03665865 0.05528846
0 0.92067308 0.06971154 0.01862981 0.04266827
0 0.82451923 0.32211538 0.03725962 0.05528846
0 0.58894231 0.33293269 0.03185096 0.05709135
0 0.62379808 0.41706731 0.03245192 0.04387019
0 0.82331731 0.36418269 0.03185096 0.05528846
0 0.88461538 0.49639423 0.04206731 0.04326923
0 0.78725962 0.37500000 0.02403846 0.04266827
0 0.91586538 0.15625000 0.02403846 0.03365385
0 0.92908654 0.31490385 0.03064904 0.03906250
0 0.93389423 0.24278846 0.02944712 0.04867788
0 0.93750000 0.05288462 0.02884615 0.04387019
0 0.94591346 0.01802885 0.03605769 0.03605769
0 0.95432692 0.09495192 0.01983173 0.03605769
0 0.92187500 0.06971154 0.01983173 0.04266827
0 0.95673077 0.08774038 0.02463942 0.03605769
0 0.85817308 0.25721154 0.04927885 0.07812500
0 0.92187500 0.25721154 0.02223558 0.03786058
0 0.87500000 0.07451923 0.02343750 0.04447115
0 0.79326923 0.06971154 0.01862981 0.04266827
0 0.74759615 0.01562500 0.02884615 0.03125000
0 0.77524038 0.04206731 0.02644231 0.05048077
0 0.80889423 0.01562500 0.03125000 0.03125000
0 0.22836538 0.79567308 0.03846154 0.05769231
0 0.01081731 0.90504808 0.02163462 0.04567308
0 0.23798077 0.83774038 0.03064904 0.05408654
0 0.28125000 0.96754808 0.04447115 0.04326923
0 0.18750000 0.83774038 0.02403846 0.04146635
0 0.31610577 0.62379808 0.02223558 0.03185096
0 0.31730769 0.81490385 0.04326923 0.07091346
0 0.33774038 0.71514423 0.01983173 0.04326923
0 0.34134615 0.56490385 0.01923077 0.03365385
0 0.35456731 0.56490385 0.02343750 0.03365385
0 0.31971154 0.76201923 0.02884615 0.06310096
0 0.27524038 0.56490385 0.02163462 0.03365385
0 0.18629808 0.56129808 0.01682692 0.02644231
0 0.26442308 0.73557692 0.04086538 0.05528846
0 0.52043269 0.66947115 0.04807692 0.03846154
0 0.56730769 0.67067308 0.04086538 0.05829327
0 0.61298077 0.61177885 0.03665865 0.05048077
0 0.73197115 0.75721154 0.02043269 0.02944712
0 0.63701923 0.78485577 0.02223558 0.03485577
0 0.67668269 0.74278846 0.02343750 0.04687500
0 0.62740385 0.73557692 0.02463942 0.04206731
0 0.61778846 0.79447115 0.02764423 0.07211538
0 0.59615385 0.78004808 0.03906250 0.04266827
0 0.58052885 0.72956731 0.03665865 0.05829327
0 0.57331731 0.85336538 0.02824519 0.06250000
0 0.49879808 0.78605769 0.02163462 0.03846154
0 0.73317308 0.84375000 0.02644231 0.04086538
0 0.64423077 0.89783654 0.02644231 0.03305288
