0 0.76802885 0.51201923 0.04026442 0.07091346
0 0.77884615 0.33052885 0.03185096 0.04266827
0 0.80769231 0.33894231 0.01502404 0.02884615
0 0.74038462 0.30769231 0.02584135 0.05288462
0 0.77163462 0.25600962 0.02223558 0.03245192
0 0.89302885 0.18149038 0.02944712 0.04266827
0 0.81850962 0.21153846 0.02824519 0.05348558
0 0.86538462 0.17427885 0.03125000 0.04206731
0 0.84134615 0.14182692 0.02163462 0.03966346
0 0.68870192 0.10697115 0.01923077 0.03365385
0 0.69350962 0.18750000 0.02163462 0.03966346
0 0.72235577 0.17788462 0.02884615 0.04807692
0 0.74759615 0.22355769 0.01923077 0.03725962
0 0.72596154 0.24038462 0.01682692 0.03365385
0 0.63822115 0.25961538 0.02884615 0.04447115
0 0.68028846 0.28004808 0.03966346 0.07331731
0 0.62860577 0.29567308 0.02043269 0.08173077
0 0.61418269 0.14663462 0.02043269 0.02764423
0 0.61899038 0.12019231 0.02163462 0.03365385
0 0.61298077 0.21033654 0.02163462 0.03605769
0 0.60697115 0.31490385 0.02403846 0.03725962
0 0.63822115 0.35336538 0.02163462 0.02884615
0 0.55048077 0.11418269 0.02043269 0.03365385
0 0.65264423 0.05649038 0.02403846 0.04447115
0 0.63341346 0.01081731 0.02644231 0.02163462
0 0.61778846 0.54447115 0.02163462 0.04086538
0 0.62860577 0.58413462 0.02163462 0.00961538
0 0.90865385 0.94711538 0.02884615 0.05348558
0 0.92187500 0.76923077 0.02644231 0.03605769
0 0.94831731 0.76923077 0.01742788 0.03305288
0 0.87379808 0.72716346 0.02704327 0.05288462
0 0.91105769 0.67788462 0.02283654 0.03485577
0 0.95192308 0.63100962 0.02704327 0.05108173
0 0.99038462 0.59975962 0.01923077 0.02163462
0 0.83052885 0.60576923 0.02163462 0.03365385
0 0.85456731 0.59735577 0.03125000 0.01682692
0 0.87980769 0.63701923 0.01923077 0.03725962
0 0.85817308 0.65985577 0.01923077 0.03725962
0 0.77043269 0.66706731 0.02884615 0.04447115
0 0.81009615 0.69350962 0.04086538 0.07331731
0 0.76802885 0.74879808 0.02163462 0.04567308
0 0.74158654 0.62620192 0.02403846 0.03725962
0 0.73677885 0.72836538 0.02764423 0.04086538
0 0.75600962 0.68269231 0.02163462 0.02163462
0 0.47716346 0.59855769 0.03605769 0.01923077
0 0.49879808 0.65745192 0.01923077 0.02884615
0 0.51442308 0.65985577 0.01682692 0.03125000
0 0.52884615 0.65985577 0.01923077 0.04206731
0 0.54687500 0.66466346 0.02043269 0.03725962
0 0.74759615 0.94831731 0.02403846 0.03365385
0 0.75721154 0.98557692 0.01923077 0.02884615
