0 0.29927885 0.63581731 0.04026442 0.06009615
0 0.07572115 0.52283654 0.03605769 0.06129808
0 0.03485577 0.60576923 0.04987981 0.06670673
0 0.32451923 0.66826923 0.02764423 0.04927885
0 0.36778846 0.75841346 0.04326923 0.04086538
0 0.30168269 0.44951923 0.03064904 0.05889423
0 0.42908654 0.51923077 0.02163462 0.04447115
0 0.43509615 0.56129808 0.02223558 0.03786058
0 0.44711538 0.29447115 0.02403846 0.04086538
0 0.43870192 0.39903846 0.01622596 0.03305288
0 0.37620192 0.29206731 0.03365385 0.03906250
0 0.44471154 0.48317308 0.02884615 0.05769231
0 0.35096154 0.42307692 0.03605769 0.06430288
0 0.00480769 0.26802885 0.00961538 0.04086538
0 0.00240385 0.22475962 0.00480769 0.03605769
0 0.15504808 0.12500000 0.02584135 0.04867788
0 0.45192308 0.20312500 0.01442308 0.04567308
0 0.29807692 0.07211538 0.04086538 0.07331731
0 0.44350962 0.10576923 0.02584135 0.04206731
0 0.30288462 0.29086538 0.02463942 0.03365385
0 0.37500000 0.49519231 0.02463942 0.04807692
0 0.27043269 0.09975962 0.03906250 0.04627404
0 0.38822115 0.58894231 0.02704327 0.04807692
0 0.41706731 0.65144231 0.03064904 0.06911058
0 0.24399038 0.00480769 0.03125000 0.00961538
0 0.24038462 0.14663462 0.02584135 0.03365385
0 0.18509615 0.31250000 0.02463942 0.05769231
0 0.23557692 0.34134615 0.02103365 0.03245192
0 0.27403846 0.38100962 0.03245192 0.04687500
0 0.88461538 0.30649038 0.01622596 0.03605769
0 0.71634615 0.62860577 0.04747596 0.06670673
0 0.54687500 0.43750000 0.03365385 0.05889423
0 0.50120192 0.58774038 0.04266827 0.06730769
0 0.70552885 0.75721154 0.02644231 0.04326923
0 0.88701923 0.75240385 0.03846154 0.05288462
0 0.77644231 0.31730769 0.03725962 0.05348558
0 0.96394231 0.62860577 0.03365385 0.05769231
0 0.89302885 0.64423077 0.01802885 0.03125000
0 0.96754808 0.46033654 0.03305288 0.04807692
0 0.99038462 0.49639423 0.01923077 0.06009615
0 0.92548077 0.54567308 0.01081731 0.02463942
0 0.87620192 0.21153846 0.03846154 0.04507212
0 0.96274038 0.56610577 0.03605769 0.04266827
0 0.77644231 0.37259615 0.02524038 0.04387019
0 0.54447115 0.24158654 0.01742788 0.03365385
0 0.54927885 0.21394231 0.01802885 0.02944712
0 0.47716346 0.02403846 0.02644231 0.04807692
0 0.99399038 0.22716346 0.01201923 0.03605769
0 0.91105769 0.17067308 0.02403846 0.03906250
0 0.79086538 0.05048077 0.04146635 0.06790865
0 0.88822115 0.08293269 0.03365385 0.05468750
0 0.79326923 0.28245192 0.03245192 0.04086538
0 0.82331731 0.46995192 0.04206731 0.08653846
0 0.75240385 0.10576923 0.03125000 0.05889423
0 0.85576923 0.59975962 0.03485577 0.04026442
0 0.92548077 0.69831731 0.02704327 0.05108173
0 0.88581731 0.19711538 0.02944712 0.03966346
0 0.75000000 0.15625000 0.02584135 0.03365385
0 0.66466346 0.34495192 0.01682692 0.03365385
0 0.64903846 0.29326923 0.03365385 0.04507212
0 0.61658654 0.28966346 0.02524038 0.04266827
0 0.63461538 0.89903846 0.02764423 0.04927885
0 0.84375000 0.87980769 0.03605769 0.05889423
0 0.91105769 0.78605769 0.03846154 0.01442308
0 0.82572115 0.78605769 0.02163462 0.01442308
0 0.88100962 0.83413462 0.02403846 0.04387019
