0 0.27163462 0.16346154 0.01862981 0.04687500
0 0.37019231 0.41346154 0.04146635 0.06009615
0 0.61778846 0.43149038 0.03305288 0.05949519
0 0.57692308 0.51442308 0.02944712 0.04387019
0 0.37259615 0.46634615 0.03004808 0.05769231
0 0.30649038 0.60216346 0.04146635 0.04146635
0 0.40865385 0.47235577 0.02944712 0.04627404
0 0.27764423 0.24519231 0.02403846 0.03365385
0 0.25961538 0.40985577 0.03064904 0.04146635
0 0.25120192 0.33533654 0.02884615 0.04687500
0 0.24759615 0.15264423 0.02644231 0.04266827
0 0.24158654 0.10216346 0.03725962 0.05048077
0 0.23197115 0.18509615 0.01983173 0.03786058
0 0.26802885 0.15985577 0.01862981 0.04146635
0 0.22716346 0.17067308 0.02644231 0.03605769
0 0.33413462 0.34735577 0.05168269 0.08112981
0 0.26802885 0.34975962 0.02764423 0.04086538
0 0.04447115 0.12860577 0.02824519 0.05408654
0 0.31490385 0.15865385 0.02524038 0.04507212
0 0.18990385 0.03485577 0.03185096 0.05108173
0 0.39903846 0.14783654 0.02223558 0.04627404
0 0.44711538 0.08894231 0.03305288 0.04086538
0 0.41826923 0.11538462 0.02463942 0.05649038
0 0.37980769 0.10216346 0.03245192 0.03906250
0 0.81610577 0.01201923 0.05048077 0.02403846
0 0.95552885 0.03966346 0.02524038 0.04266827
0 0.89423077 0.08533654 0.03906250 0.05048077
0 0.77043269 0.15504808 0.03125000 0.05649038
0 0.71153846 0.20432692 0.02403846 0.04867788
0 0.77163462 0.07812500 0.02584135 0.04146635
0 0.55769231 0.76562500 0.02944712 0.04507212
0 0.30528846 0.70312500 0.02884615 0.05048077
0 0.26802885 0.83653846 0.04387019 0.04387019
0 0.36418269 0.69591346 0.02644231 0.03605769
0 0.23197115 0.70192308 0.04086538 0.04807692
