0 0.08533654 0.24639423 0.01742788 0.03846154
0 0.25240385 0.56009615 0.04447115 0.06490385
0 0.45192308 0.43990385 0.03485577 0.05528846
0 0.49278846 0.52884615 0.04507212 0.05949519
0 0.23076923 0.59855769 0.02644231 0.04867788
0 0.18990385 0.67548077 0.03665865 0.04026442
0 0.24879808 0.36658654 0.02764423 0.05588942
0 0.12500000 0.46394231 0.02343750 0.04387019
0 0.12620192 0.50240385 0.02103365 0.03485577
0 0.10576923 0.25360577 0.02524038 0.03786058
0 0.04567308 0.36177885 0.03365385 0.04747596
0 0.12259615 0.35216346 0.01562500 0.02704327
0 0.17548077 0.24278846 0.02463942 0.03245192
0 0.10216346 0.41947115 0.02163462 0.04086538
0 0.20192308 0.35817308 0.02524038 0.04807692
0 0.51322115 0.22716346 0.01201923 0.03605769
0 0.51562500 0.18149038 0.00721154 0.03125000
0 0.39182692 0.08533654 0.02644231 0.04687500
0 0.06490385 0.14903846 0.02043269 0.04086538
0 0.09855769 0.15985577 0.02463942 0.04146635
0 0.24759615 0.04567308 0.03245192 0.06189904
0 0.11658654 0.08052885 0.02704327 0.03846154
0 0.24278846 0.22836538 0.02764423 0.03305288
0 0.18028846 0.43149038 0.02644231 0.04447115
0 0.27403846 0.06850962 0.03545673 0.04206731
0 0.16586538 0.52644231 0.02764423 0.04447115
0 0.13461538 0.57331731 0.02584135 0.04627404
0 0.05889423 0.18269231 0.02644231 0.03425481
0 0.30288462 0.11899038 0.02403846 0.03125000
0 0.35817308 0.26201923 0.02524038 0.05348558
0 0.31490385 0.29206731 0.01923077 0.02704327
0 0.26923077 0.32572115 0.02824519 0.04567308
0 0.18629808 0.79567308 0.01923077 0.04266827
0 0.27524038 0.99158654 0.04086538 0.01682692
0 0.18509615 0.86298077 0.02644231 0.03425481
0 0.15745192 0.94831731 0.02824519 0.04266827
0 0.15625000 0.79326923 0.01983173 0.03786058
0 0.15144231 0.74759615 0.03365385 0.01923077
0 0.13942308 0.81370192 0.01562500 0.03185096
0 0.17668269 0.78245192 0.01682692 0.04086538
0 0.13221154 0.79086538 0.02043269 0.03305288
0 0.23677885 0.95432692 0.04867788 0.07572115
0 0.17427885 0.96033654 0.02103365 0.03605769
0 0.21875000 0.77884615 0.02223558 0.04206731
0 0.29326923 0.76802885 0.01802885 0.03846154
0 0.31250000 0.74759615 0.02884615 0.01923077
