0 0.01682692 0.21394231 0.03365385 0.04326923
0 0.05889423 0.03245192 0.02704327 0.03665865
0 0.61177885 0.29927885 0.03245192 0.05168269
0 0.56850962 0.28365385 0.03545673 0.04567308
0 0.41947115 0.61778846 0.04026442 0.05588942
0 0.18750000 0.61538462 0.03125000 0.05348558
0 0.16947115 0.71875000 0.03064904 0.04387019
0 0.44831731 0.65384615 0.03064904 0.05528846
0 0.46875000 0.79206731 0.03125000 0.03305288
0 0.38701923 0.61418269 0.03004808 0.05108173
0 0.51081731 0.43149038 0.02343750 0.03305288
0 0.52524038 0.54687500 0.01382212 0.03365385
0 0.52524038 0.38221154 0.01682692 0.02884615
0 0.53846154 0.38701923 0.01862981 0.03365385
0 0.46995192 0.38701923 0.02163462 0.03846154
0 0.36899038 0.38461538 0.02163462 0.03365385
0 0.34855769 0.37139423 0.02403846 0.00721154
0 0.45072115 0.56370192 0.02824519 0.05108173
0 0.49038462 0.66826923 0.05048077 0.06971154
0 0.50360577 0.60697115 0.03485577 0.06310096
0 0.55769231 0.40384615 0.01923077 0.04326923
0 0.56730769 0.42307692 0.02584135 0.04326923
