0 0.35697115 0.23317308 0.01682692 0.00961538
0 0.34134615 0.16947115 0.01502404 0.04146635
0 0.37379808 0.17788462 0.02343750 0.03906250
0 0.51923077 0.06250000 0.04086538 0.06971154
0 0.38461538 0.08653846 0.02584135 0.03906250
0 0.54927885 0.08173077 0.03906250 0.04507212
0 0.32091346 0.18629808 0.02223558 0.03004808
0 0.56850962 0.11899038 0.02163462 0.03605769
0 0.28004808 0.01923077 0.02644231 0.03846154
0 0.12139423 0.82211538 0.03365385 0.05709135
0 0.56971154 0.71514423 0.01923077 0.03605769
0 0.88701923 0.64182692 0.04867788 0.04387019
0 0.59375000 0.55168269 0.02884615 0.05048077
