0 0.44591346 0.26201923 0.01562500 0.04086538
0 0.55889423 0.57091346 0.03125000 0.04807692
0 0.79927885 0.55048077 0.02764423 0.05048077
0 0.82211538 0.62860577 0.03004808 0.04326923
0 0.53245192 0.59254808 0.02403846 0.04807692
0 0.51923077 0.73798077 0.02764423 0.03125000
0 0.59254808 0.53725962 0.03004808 0.05168269
0 0.46875000 0.40865385 0.02524038 0.03605769
0 0.45673077 0.50600962 0.01201923 0.03245192
0 0.46754808 0.25961538 0.02163462 0.03725962
0 0.39903846 0.35336538 0.02644231 0.04687500
0 0.46033654 0.34735577 0.01442308 0.03004808
0 0.49639423 0.28605769 0.01201923 0.03004808
0 0.44110577 0.37379808 0.02163462 0.04326923
0 0.36177885 0.12740385 0.03605769 0.04086538
0 0.52644231 0.35697115 0.02043269 0.03846154
0 0.88341346 0.24639423 0.01562500 0.03485577
0 0.61538462 0.33413462 0.01682692 0.03846154
0 0.65384615 0.31370192 0.03004808 0.02644231
0 0.87860577 0.21033654 0.02043269 0.03245192
0 0.90504808 0.24278846 0.02403846 0.03004808
0 0.61538462 0.15504808 0.02403846 0.04326923
0 0.42668269 0.18750000 0.01562500 0.03846154
0 0.44951923 0.18629808 0.02644231 0.04326923
0 0.87139423 0.08052885 0.02764423 0.05168269
0 0.95913462 0.05889423 0.03245192 0.05168269
0 0.63822115 0.31490385 0.02043269 0.04807692
0 0.90264423 0.09014423 0.03245192 0.05528846
0 0.58653846 0.09375000 0.03004808 0.05889423
0 0.63221154 0.07812500 0.02163462 0.03725962
0 0.45432692 0.09735577 0.01682692 0.02764423
0 0.96875000 0.01442308 0.02764423 0.02524038
0 0.98317308 0.03004808 0.02644231 0.03846154
0 0.60336538 0.29326923 0.02403846 0.03125000
0 0.53846154 0.49879808 0.02524038 0.04326923
0 0.62259615 0.09254808 0.01682692 0.03725962
0 0.49038462 0.56370192 0.02764423 0.05889423
0 0.50841346 0.61899038 0.03125000 0.05168269
0 0.63701923 0.02403846 0.01923077 0.03125000
0 0.38100962 0.16947115 0.01682692 0.02524038
