0 0.45913462 0.25961538 0.01562500 0.03846154
0 0.56850962 0.56370192 0.03485577 0.05288462
0 0.79326923 0.55889423 0.02764423 0.05048077
0 0.81129808 0.65985577 0.03004808 0.04326923
0 0.54086538 0.59735577 0.02524038 0.05168269
0 0.52043269 0.73197115 0.02764423 0.03125000
0 0.59975962 0.55649038 0.03004808 0.05168269
0 0.47716346 0.38341346 0.02163462 0.03125000
0 0.46514423 0.49639423 0.01201923 0.03245192
0 0.47475962 0.25600962 0.02043269 0.03725962
0 0.40985577 0.31009615 0.02644231 0.04687500
0 0.46394231 0.33293269 0.01442308 0.03004808
0 0.49278846 0.28245192 0.01201923 0.03125000
0 0.45192308 0.33774038 0.01682692 0.03245192
0 0.34134615 0.14423077 0.03125000 0.06610577
0 0.51923077 0.33894231 0.01923077 0.03725962
0 0.89423077 0.25360577 0.01562500 0.03485577
0 0.37139423 0.14062500 0.02163462 0.03605769
0 0.61538462 0.33413462 0.01682692 0.03846154
0 0.65625000 0.30889423 0.03004808 0.02644231
0 0.89423077 0.20192308 0.01923077 0.03125000
0 0.90504808 0.23798077 0.02163462 0.02764423
0 0.58894231 0.14182692 0.02043269 0.03846154
0 0.44110577 0.17668269 0.01682692 0.04086538
0 0.46514423 0.17307692 0.02403846 0.04086538
0 0.85576923 0.08413462 0.02764423 0.05168269
0 0.96153846 0.05769231 0.03125000 0.05889423
0 0.63581731 0.30889423 0.02043269 0.03605769
0 0.90264423 0.08413462 0.03245192 0.05528846
0 0.60096154 0.08052885 0.02163462 0.02764423
0 0.63341346 0.09615385 0.02043269 0.03605769
0 0.45673077 0.08894231 0.01682692 0.02764423
0 0.96153846 0.01802885 0.02524038 0.03605769
0 0.97836538 0.03245192 0.02644231 0.03846154
0 0.61899038 0.25600962 0.02644231 0.03245192
0 0.53846154 0.50961538 0.02764423 0.05168269
0 0.50000000 0.61298077 0.04687500 0.06850962
0 0.62620192 0.10817308 0.01923077 0.04206731
0 0.48677885 0.55769231 0.02764423 0.05889423
