0 0.47596154 0.10937500 0.01502404 0.04026442
0 0.30288462 0.43028846 0.04747596 0.06550481
0 0.10096154 0.30528846 0.03305288 0.05709135
0 0.05889423 0.39903846 0.04687500 0.06310096
0 0.32572115 0.47235577 0.02764423 0.04927885
0 0.36418269 0.54086538 0.03605769 0.03365385
0 0.30889423 0.23437500 0.02704327 0.05769231
0 0.43509615 0.33413462 0.01983173 0.04326923
0 0.43149038 0.37500000 0.02223558 0.03786058
0 0.45552885 0.11899038 0.02223558 0.03846154
0 0.51201923 0.22475962 0.03545673 0.04927885
0 0.43750000 0.21995192 0.01442308 0.02884615
0 0.38341346 0.10576923 0.02824519 0.03425481
0 0.45673077 0.29206731 0.02163462 0.04146635
0 0.35456731 0.22235577 0.02764423 0.04747596
0 0.03605769 0.09014423 0.02223558 0.03786058
0 0.03125000 0.04447115 0.01923077 0.03185096
0 0.49759615 0.01562500 0.01923077 0.03125000
0 0.46274038 0.02163462 0.02644231 0.04326923
0 0.31610577 0.09134615 0.02944712 0.03545673
0 0.37980769 0.29687500 0.02764423 0.04627404
0 0.39302885 0.39783654 0.02764423 0.04627404
0 0.42187500 0.44471154 0.02944712 0.04927885
0 0.50240385 0.04326923 0.02644231 0.03485577
0 0.19591346 0.12379808 0.02223558 0.05288462
0 0.23918269 0.15625000 0.02043269 0.02884615
0 0.28846154 0.18990385 0.02884615 0.04747596
0 0.78004808 0.08774038 0.02343750 0.03004808
0 0.65144231 0.16947115 0.03786058 0.05829327
0 0.60576923 0.25961538 0.03305288 0.04326923
0 0.71394231 0.35817308 0.01983173 0.04266827
0 0.76081731 0.41947115 0.01742788 0.03846154
0 0.72475962 0.25480769 0.03125000 0.05408654
0 0.75360577 0.15504808 0.04507212 0.06670673
0 0.78365385 0.05168269 0.04266827 0.05528846
0 0.84615385 0.23677885 0.04266827 0.05048077
0 0.86418269 0.27884615 0.04747596 0.05949519
0 0.84134615 0.21274038 0.03665865 0.05048077
0 0.86057692 0.06850962 0.02824519 0.04747596
0 0.91947115 0.06971154 0.02824519 0.03906250
0 0.96033654 0.05889423 0.04867788 0.05709135
0 0.85697115 0.11538462 0.03064904 0.03846154
0 0.94831731 0.10697115 0.02824519 0.03786058
0 0.10817308 0.56250000 0.02403846 0.00961538
0 0.09615385 0.58052885 0.01923077 0.04567308
0 0.08052885 0.57812500 0.02163462 0.04086538
0 0.04807692 0.62259615 0.03485577 0.04867788
0 0.20913462 0.61298077 0.02403846 0.04266827
0 0.12860577 0.65625000 0.02524038 0.02944712
0 0.13341346 0.86899038 0.02403846 0.03185096
0 0.02283654 0.94591346 0.04567308 0.06490385
0 0.14783654 0.82692308 0.03665865 0.04867788
0 0.19350962 0.97355769 0.03545673 0.05108173
0 0.20673077 0.82812500 0.03004808 0.05108173
0 0.26081731 0.82932692 0.02524038 0.03305288
0 0.30769231 0.82812500 0.04387019 0.05468750
0 0.19230769 0.88461538 0.03906250 0.04747596
0 0.29447115 0.86778846 0.03425481 0.04447115
0 0.48076923 0.71394231 0.04206731 0.04987981
0 0.11298077 0.92067308 0.04627404 0.07692308
