0 0.48557692 0.30889423 0.01562500 0.03725962
0 0.57932692 0.56850962 0.03485577 0.05288462
0 0.98317308 0.61298077 0.03004808 0.03605769
0 0.80769231 0.58052885 0.02764423 0.05048077
0 0.78485577 0.66826923 0.02764423 0.04086538
0 0.57451923 0.60817308 0.02403846 0.04807692
0 0.52403846 0.73317308 0.03846154 0.03846154
0 0.61658654 0.61538462 0.02403846 0.04086538
0 0.49399038 0.40384615 0.02163462 0.03125000
0 0.47956731 0.58173077 0.02644231 0.03605769
0 0.47235577 0.48798077 0.01682692 0.04206731
0 0.47596154 0.29086538 0.02163462 0.03846154
0 0.45432692 0.28004808 0.03485577 0.04807692
0 0.46394231 0.34254808 0.01562500 0.03125000
0 0.49278846 0.28605769 0.01682692 0.03846154
0 0.45432692 0.34495192 0.02163462 0.03485577
0 0.48317308 0.52163462 0.02163462 0.03605769
0 0.30408654 0.25360577 0.02524038 0.05528846
0 0.53245192 0.33293269 0.02043269 0.04206731
0 0.91826923 0.26442308 0.01682692 0.03605769
0 0.38581731 0.17548077 0.02403846 0.04086538
0 0.61538462 0.32932692 0.01682692 0.03846154
0 0.65985577 0.27764423 0.03004808 0.03605769
0 0.93269231 0.19711538 0.02163462 0.03605769
0 0.90384615 0.23798077 0.02163462 0.02764423
0 0.54927885 0.15144231 0.02043269 0.03725962
0 0.44350962 0.16105769 0.01562500 0.03846154
0 0.49038462 0.15625000 0.02163462 0.03605769
0 0.67067308 0.12860577 0.01682692 0.05048077
0 0.82211538 0.09855769 0.03004808 0.05649038
0 0.95673077 0.07211538 0.03245192 0.06250000
0 0.63341346 0.30288462 0.02043269 0.04086538
0 0.90264423 0.08533654 0.03245192 0.05528846
0 0.62139423 0.07451923 0.02163462 0.03004808
0 0.63942308 0.09975962 0.02163462 0.03725962
0 0.47836538 0.07932692 0.01923077 0.03004808
0 0.94471154 0.02163462 0.03245192 0.04326923
0 0.97836538 0.03245192 0.02644231 0.03846154
0 0.60336538 0.25480769 0.02163462 0.03004808
0 0.53966346 0.51322115 0.03485577 0.04687500
