0 0.44471154 0.35456731 0.00961538 0.04086538
0 0.34375000 0.56971154 0.03846154 0.05769231
0 0.43990385 0.42668269 0.01923077 0.04086538
0 0.39062500 0.51802885 0.04807692 0.07992788
0 0.44711538 0.53004808 0.00480769 0.03605769
0 0.40384615 0.32572115 0.02824519 0.05108173
0 0.32932692 0.31490385 0.01862981 0.04266827
0 0.28605769 0.24639423 0.03064904 0.03846154
0 0.39182692 0.15264423 0.02644231 0.04266827
0 0.42668269 0.12259615 0.02283654 0.03846154
0 0.24639423 0.11298077 0.04266827 0.06009615
0 0.14783654 0.09014423 0.03545673 0.05769231
0 0.31250000 0.27524038 0.02043269 0.04627404
0 0.01682692 0.05288462 0.03365385 0.06250000
0 0.32692308 0.03365385 0.02584135 0.03425481
0 0.30528846 0.07692308 0.02524038 0.03846154
0 0.44591346 0.05168269 0.00721154 0.03605769
0 0.33533654 0.27163462 0.02704327 0.03365385
0 0.39062500 0.84134615 0.05288462 0.04627404
0 0.24639423 0.94831731 0.02884615 0.05889423
0 0.40865385 0.88221154 0.02764423 0.04867788
0 0.38341346 0.98557692 0.01382212 0.02524038
0 0.32932692 0.83774038 0.03245192 0.03846154
0 0.30048077 0.94110577 0.02524038 0.04687500
0 0.06250000 0.65024038 0.02824519 0.05108173
0 0.44471154 0.73798077 0.00961538 0.04326923
0 0.41225962 0.74038462 0.03004808 0.04567308
0 0.25240385 0.62740385 0.03846154 0.05769231
0 0.38341346 0.66586538 0.02764423 0.03846154
0 0.25961538 0.82331731 0.02644231 0.03425481
0 0.21995192 0.66586538 0.04747596 0.05408654
0 0.43509615 0.78725962 0.02884615 0.03605769
0 0.19230769 0.71995192 0.02283654 0.03064904
0 0.12740385 0.86298077 0.02524038 0.04987981
0 0.16105769 0.89663462 0.03125000 0.03185096
0 0.20432692 0.88822115 0.03725962 0.05709135
0 0.85697115 0.90504808 0.05048077 0.07031250
0 0.66105769 0.74158654 0.03846154 0.06370192
0 0.60937500 0.85937500 0.05408654 0.07451923
0 0.87379808 0.95072115 0.02884615 0.04747596
0 0.92788462 0.98076923 0.03846154 0.03846154
0 0.87740385 0.64783654 0.03185096 0.06550481
0 0.99519231 0.85697115 0.00961538 0.03605769
0 0.93028846 0.63461538 0.02463942 0.04326923
0 0.94591346 0.75841346 0.03545673 0.05769231
0 0.96514423 0.86418269 0.03846154 0.04507212
0 0.99519231 0.89783654 0.00961538 0.04567308
0 0.78725962 0.61298077 0.03125000 0.02884615
0 0.81971154 0.60937500 0.03365385 0.02163462
