0 0.29927885 0.33653846 0.01442308 0.03966346
0 0.15144231 0.44471154 0.02884615 0.05348558
0 0.28846154 0.59855769 0.02283654 0.04387019
0 0.27644231 0.62259615 0.02403846 0.03365385
0 0.30769231 0.37379808 0.02524038 0.04567308
0 0.37379808 0.49879808 0.04507212 0.07992788
0 0.28485577 0.47355769 0.01502404 0.02524038
0 0.23317308 0.33533654 0.03004808 0.03725962
0 0.32211538 0.55288462 0.02524038 0.05829327
0 0.20192308 0.43750000 0.02463942 0.04687500
0 0.34855769 0.23798077 0.01802885 0.04266827
0 0.31250000 0.24158654 0.02403846 0.04507212
0 0.15865385 0.13100962 0.03786058 0.07031250
0 0.28605769 0.16947115 0.02584135 0.03725962
0 0.16586538 0.32451923 0.02403846 0.03305288
0 0.22115385 0.53966346 0.03485577 0.05709135
0 0.12620192 0.16826923 0.04567308 0.05288462
0 0.23437500 0.62620192 0.04086538 0.02644231
0 0.09735577 0.04206731 0.02524038 0.03605769
0 0.34014423 0.28485577 0.02463942 0.03305288
0 0.10096154 0.22115385 0.02283654 0.02884615
0 0.03846154 0.36177885 0.02283654 0.04627404
0 0.07091346 0.39182692 0.02944712 0.03125000
0 0.11538462 0.38822115 0.03786058 0.05288462
0 0.39783654 0.01923077 0.02403846 0.03786058
0 0.91586538 0.29326923 0.04807692 0.06610577
0 0.67548077 0.24038462 0.03545673 0.05889423
0 0.65024038 0.28245192 0.03966346 0.05528846
0 0.94350962 0.29927885 0.02403846 0.04627404
0 0.97355769 0.41947115 0.03786058 0.04086538
0 0.90504808 0.15384615 0.03786058 0.06610577
0 0.95793269 0.09495192 0.03004808 0.05949519
0 0.86899038 0.02043269 0.02163462 0.04086538
0 0.96514423 0.17067308 0.03125000 0.05108173
0 0.99038462 0.27043269 0.01923077 0.04567308
0 0.98677885 0.31850962 0.02644231 0.06971154
0 0.80048077 0.01322115 0.02884615 0.02644231
0 0.84495192 0.05168269 0.02283654 0.04687500
0 0.78725962 0.68389423 0.04266827 0.06189904
0 0.56850962 0.73677885 0.03485577 0.05588942
0 0.62740385 0.79447115 0.02824519 0.04086538
0 0.80288462 0.78004808 0.02644231 0.05468750
0 0.86177885 0.88100962 0.02524038 0.04747596
0 0.76923077 0.75841346 0.03004808 0.04627404
0 0.90264423 0.71153846 0.02884615 0.03966346
0 0.91947115 0.65745192 0.03125000 0.03605769
0 0.83533654 0.65504808 0.04567308 0.03125000
0 0.90024038 0.65625000 0.02644231 0.03365385
