0 0.50360577 0.34855769 0.01562500 0.04206731
0 0.59134615 0.56850962 0.03485577 0.05288462
0 0.97235577 0.59495192 0.02764423 0.03485577
0 0.98798077 0.60576923 0.02403846 0.05649038
0 0.81850962 0.59495192 0.03004808 0.05528846
0 0.77764423 0.66346154 0.02764423 0.04086538
0 0.59134615 0.62620192 0.02524038 0.05168269
0 0.52644231 0.74759615 0.01923077 0.04326923
0 0.62379808 0.62740385 0.02403846 0.04086538
0 0.50480769 0.41586538 0.02403846 0.03245192
0 0.48918269 0.57331731 0.02764423 0.03846154
0 0.47716346 0.50120192 0.02524038 0.04206731
0 0.47596154 0.34254808 0.02043269 0.03725962
0 0.46995192 0.28846154 0.03245192 0.04687500
0 0.46033654 0.36418269 0.01682692 0.03485577
0 0.49639423 0.33173077 0.01682692 0.03846154
0 0.45312500 0.34495192 0.02163462 0.03245192
0 0.55528846 0.50961538 0.04206731 0.07211538
0 0.49399038 0.51322115 0.02043269 0.03605769
0 0.28125000 0.31129808 0.02403846 0.04807692
0 0.53725962 0.33653846 0.02043269 0.04206731
0 0.93389423 0.25360577 0.01682692 0.03605769
0 0.43629808 0.23317308 0.02644231 0.04326923
0 0.61298077 0.32451923 0.01682692 0.04086538
0 0.65745192 0.26682692 0.02764423 0.03605769
0 0.94831731 0.19110577 0.02043269 0.03485577
0 0.92187500 0.23317308 0.02163462 0.02764423
0 0.55528846 0.17067308 0.02043269 0.03846154
0 0.45312500 0.16346154 0.01923077 0.04567308
0 0.50841346 0.14663462 0.02163462 0.03605769
0 0.69831731 0.13341346 0.03846154 0.06250000
0 0.79567308 0.11418269 0.02764423 0.05168269
0 0.94471154 0.08413462 0.03125000 0.05889423
0 0.63221154 0.29447115 0.02403846 0.04807692
0 0.90384615 0.08052885 0.03245192 0.05528846
0 0.61538462 0.05889423 0.02524038 0.03125000
0 0.63822115 0.09855769 0.02163462 0.03725962
0 0.49639423 0.08413462 0.01442308 0.03605769
0 0.94711538 0.02403846 0.03245192 0.04567308
0 0.97475962 0.02403846 0.02403846 0.03485577
0 0.60216346 0.28485577 0.02644231 0.03485577
