0 0.15264423 0.19471154 0.03966346 0.06069712
0 0.20072115 0.30528846 0.04567308 0.06370192
0 0.05288462 0.01923077 0.02403846 0.03846154
0 0.01442308 0.04567308 0.02103365 0.02944712
0 0.04326923 0.81250000 0.01742788 0.03305288
0 0.14663462 0.86658654 0.02944712 0.04627404
0 0.05048077 0.73197115 0.02043269 0.04507212
0 0.18028846 0.85576923 0.02103365 0.03846154
0 0.01201923 0.70192308 0.02403846 0.04326923
0 0.12500000 0.58052885 0.04387019 0.06610577
0 0.03365385 0.59134615 0.03305288 0.04987981
0 0.12620192 0.81971154 0.03185096 0.04266827
0 0.09134615 0.98677885 0.04807692 0.02644231
0 0.16105769 0.63942308 0.03365385 0.05889423
0 0.20432692 0.49639423 0.02584135 0.03485577
0 0.06129808 0.69711538 0.02704327 0.03786058
0 0.16225962 0.68629808 0.02163462 0.02884615
0 0.25600962 0.87259615 0.02163462 0.03846154
0 0.27163462 0.82091346 0.03545673 0.04627404
0 0.29687500 0.80889423 0.02283654 0.04086538
0 0.99399038 0.60937500 0.01201923 0.05048077
0 0.61538462 0.47235577 0.01562500 0.03365385
0 0.63341346 0.48317308 0.03605769 0.06730769
0 0.64783654 0.47235577 0.03665865 0.04146635
0 0.68269231 0.54326923 0.04507212 0.05949519
0 0.76081731 0.47115385 0.03605769 0.04326923
0 0.51201923 0.53245192 0.02704327 0.04266827
0 0.60216346 0.58173077 0.02824519 0.03485577
0 0.59254808 0.79687500 0.02283654 0.03064904
0 0.73076923 0.88100962 0.03545673 0.05709135
0 0.84014423 0.95432692 0.02403846 0.03966346
0 0.77644231 0.97596154 0.03846154 0.04807692
0 0.64783654 0.97235577 0.03605769 0.05528846
0 0.62139423 0.86899038 0.04747596 0.06971154
0 0.59014423 0.75961538 0.04146635 0.05709135
0 0.51802885 0.95673077 0.04146635 0.04927885
0 0.50000000 0.98317308 0.05288462 0.03365385
0 0.52644231 0.93509615 0.03966346 0.05528846
0 0.50600962 0.77644231 0.03064904 0.04987981
0 0.44471154 0.78004808 0.02944712 0.03846154
0 0.40144231 0.76802885 0.04747596 0.05769231
0 0.50961538 0.82572115 0.02944712 0.03665865
0 0.41225962 0.81850962 0.03125000 0.03966346
