0 0.39543269 0.03004808 0.02283654 0.03245192
0 0.38341346 0.14302885 0.01442308 0.03185096
0 0.40865385 0.25841346 0.03846154 0.06971154
0 0.40504808 0.20432692 0.03185096 0.05949519
0 0.77644231 0.22115385 0.01742788 0.04326923
0 0.93629808 0.54447115 0.04146635 0.05649038
0 0.91346154 0.56971154 0.02764423 0.04867788
0 0.93870192 0.38701923 0.03966346 0.06370192
0 0.82692308 0.43028846 0.03605769 0.05949519
0 0.81610577 0.47596154 0.02163462 0.03545673
0 0.80288462 0.23677885 0.02764423 0.04086538
0 0.74639423 0.34254808 0.03125000 0.04627404
0 0.81250000 0.32572115 0.01562500 0.03064904
0 0.86778846 0.23437500 0.03185096 0.03725962
0 0.79807692 0.39783654 0.03305288 0.05528846
0 0.89182692 0.35336538 0.03425481 0.05949519
0 0.75841346 0.14302885 0.01983173 0.04206731
0 0.79326923 0.15264423 0.02824519 0.04266827
0 0.93870192 0.03245192 0.03605769 0.06490385
0 0.80769231 0.06009615 0.02644231 0.03906250
0 0.93389423 0.22836538 0.02644231 0.03305288
0 0.87139423 0.41586538 0.02764423 0.04567308
0 0.96754808 0.05769231 0.03305288 0.03966346
0 0.85456731 0.50480769 0.02704327 0.04447115
0 0.84014423 0.57091346 0.04927885 0.07632212
0 0.74278846 0.16826923 0.02103365 0.02944712
0 0.99038462 0.09495192 0.01923077 0.03125000
0 0.99158654 0.29326923 0.01682692 0.03365385
0 0.96033654 0.31490385 0.02764423 0.03846154
0 0.15144231 0.79807692 0.01622596 0.03846154
0 0.17067308 0.91586538 0.02283654 0.03365385
0 0.16466346 0.79206731 0.02463942 0.03786058
0 0.10817308 0.82932692 0.04387019 0.06250000
0 0.15384615 0.86778846 0.01562500 0.02944712
0 0.18389423 0.81610577 0.01322115 0.03125000
0 0.14182692 0.87139423 0.02043269 0.03305288
0 0.02163462 0.68269231 0.03605769 0.06790865
0 0.21033654 0.87139423 0.02163462 0.03786058
0 0.06129808 0.67548077 0.02403846 0.03605769
0 0.30528846 0.87019231 0.02043269 0.04086538
0 0.34735577 0.84014423 0.03305288 0.02884615
0 0.27403846 0.67788462 0.02223558 0.03966346
0 0.13100962 0.70913462 0.01923077 0.04326923
0 0.15745192 0.70552885 0.02644231 0.04206731
0 0.32572115 0.84134615 0.02343750 0.03846154
0 0.30769231 0.78004808 0.02764423 0.03725962
0 0.31971154 0.65384615 0.02403846 0.02884615
0 0.78365385 0.68870192 0.03906250 0.03966346
0 0.82331731 0.66346154 0.02524038 0.03485577
