0 0.23076923 0.11177885 0.01923077 0.04086538
0 0.20072115 0.28125000 0.03605769 0.05288462
0 0.20192308 0.12259615 0.02764423 0.04567308
0 0.26322115 0.22235577 0.04747596 0.07331731
0 0.20432692 0.20673077 0.01923077 0.03725962
0 0.15745192 0.14543269 0.03185096 0.04026442
0 0.22596154 0.27043269 0.02884615 0.05108173
0 0.13100962 0.23437500 0.02884615 0.05408654
0 0.03365385 0.17427885 0.02283654 0.04026442
0 0.24879808 0.03846154 0.02043269 0.04026442
0 0.21875000 0.03846154 0.02463942 0.03966346
0 0.07091346 0.12860577 0.02223558 0.03125000
0 0.28605769 0.05048077 0.02163462 0.02884615
0 0.14783654 0.75961538 0.02283654 0.04867788
