0 0.39783654 0.35937500 0.01442308 0.03846154
0 0.56610577 0.67548077 0.03846154 0.05889423
0 0.75721154 0.54086538 0.03125000 0.05528846
0 0.80168269 0.64302885 0.04206731 0.05889423
0 0.54326923 0.72115385 0.02163462 0.04326923
0 0.49759615 0.78004808 0.03485577 0.03605769
0 0.55528846 0.47475962 0.02524038 0.05288462
0 0.43149038 0.58894231 0.02043269 0.04206731
0 0.43629808 0.62379808 0.02043269 0.03846154
0 0.40985577 0.37620192 0.02524038 0.04086538
0 0.35576923 0.47475962 0.03245192 0.04807692
0 0.43028846 0.47355769 0.01201923 0.02644231
0 0.47716346 0.36057692 0.02764423 0.03485577
0 0.41706731 0.53245192 0.01923077 0.04206731
0 0.51081731 0.46995192 0.02403846 0.04567308
0 0.82091346 0.34014423 0.01562500 0.03485577
0 0.82451923 0.29326923 0.01923077 0.03125000
0 0.90144231 0.34134615 0.02524038 0.03125000
0 0.70913462 0.18870192 0.02403846 0.04567308
0 0.36899038 0.26081731 0.01562500 0.04086538
0 0.40504808 0.27163462 0.02524038 0.04206731
0 0.91225962 0.08894231 0.02644231 0.04807692
0 0.94951923 0.11057692 0.03125000 0.04807692
0 0.89903846 0.15264423 0.03245192 0.05528846
0 0.55408654 0.15745192 0.03004808 0.05889423
0 0.42307692 0.19471154 0.02163462 0.03605769
0 0.96995192 0.07331731 0.02403846 0.02524038
0 0.97836538 0.09735577 0.03004808 0.04206731
0 0.54447115 0.34375000 0.02524038 0.03245192
0 0.48918269 0.54807692 0.02644231 0.05048077
0 0.58173077 0.18149038 0.03725962 0.04567308
0 0.48076923 0.64062500 0.02403846 0.04326923
0 0.44711538 0.69110577 0.02644231 0.05048077
0 0.60576923 0.07572115 0.02403846 0.03485577
0 0.37139423 0.29807692 0.02163462 0.03125000
0 0.60817308 0.23677885 0.02043269 0.02764423
0 0.66586538 0.37620192 0.02043269 0.04567308
0 0.62860577 0.40384615 0.01923077 0.02764423
0 0.57812500 0.42908654 0.03004808 0.04687500
0 0.31971154 0.05769231 0.02163462 0.03605769
