0 0.20793269 0.06129808 0.01802885 0.03786058
0 0.10937500 0.35336538 0.03605769 0.05408654
0 0.12500000 0.39543269 0.03125000 0.05588942
0 0.15745192 0.51802885 0.04086538 0.02163462
0 0.06850962 0.38341346 0.02764423 0.04627404
0 0.19951923 0.17307692 0.02463942 0.03305288
0 0.18990385 0.38461538 0.04627404 0.07872596
0 0.21394231 0.27043269 0.01682692 0.04086538
0 0.20552885 0.04687500 0.02584135 0.04206731
0 0.25360577 0.06610577 0.04146635 0.05709135
0 0.22115385 0.11298077 0.01442308 0.03305288
0 0.18990385 0.05048077 0.01622596 0.03305288
0 0.22956731 0.11418269 0.02463942 0.03665865
0 0.19711538 0.33052885 0.03004808 0.06370192
0 0.15504808 0.10817308 0.01983173 0.03906250
0 0.06129808 0.10817308 0.02103365 0.04387019
0 0.01562500 0.05649038 0.03125000 0.04086538
0 0.03966346 0.08052885 0.01983173 0.04026442
0 0.13942308 0.29086538 0.03064904 0.05348558
