0 0.45312500 0.25961538 0.01562500 0.03846154
0 0.56610577 0.56370192 0.03245192 0.05168269
0 0.79326923 0.55649038 0.03004808 0.05168269
0 0.81610577 0.65024038 0.03004808 0.04326923
0 0.53485577 0.59615385 0.02524038 0.05168269
0 0.52163462 0.73317308 0.02764423 0.03125000
0 0.59975962 0.54447115 0.03004808 0.05168269
0 0.47235577 0.38581731 0.02163462 0.03125000
0 0.46274038 0.49879808 0.01201923 0.03245192
0 0.48677885 0.26923077 0.02043269 0.03605769
0 0.40625000 0.32211538 0.02524038 0.04567308
0 0.46153846 0.33413462 0.01442308 0.03125000
0 0.49278846 0.28725962 0.01201923 0.03004808
0 0.45312500 0.34014423 0.01682692 0.03605769
0 0.35216346 0.13461538 0.03125000 0.03725962
0 0.52163462 0.34134615 0.01923077 0.03725962
0 0.89182692 0.24879808 0.01562500 0.03485577
0 0.37980769 0.15264423 0.02163462 0.03605769
0 0.61538462 0.33173077 0.01682692 0.03846154
0 0.65384615 0.31370192 0.02764423 0.02524038
0 0.88701923 0.20552885 0.01923077 0.03125000
0 0.90384615 0.23557692 0.02403846 0.03004808
0 0.59975962 0.14663462 0.02163462 0.04086538
0 0.43870192 0.18028846 0.01682692 0.04086538
0 0.45913462 0.18149038 0.02524038 0.04206731
0 0.86057692 0.07812500 0.02764423 0.05168269
0 0.96153846 0.05288462 0.03245192 0.06250000
0 0.63461538 0.30889423 0.02043269 0.03605769
0 0.90264423 0.08413462 0.03245192 0.05528846
0 0.59375000 0.08413462 0.02644231 0.05168269
0 0.63701923 0.08173077 0.02043269 0.03605769
0 0.45432692 0.09014423 0.01923077 0.03004808
0 0.96394231 0.01802885 0.02524038 0.03605769
0 0.97836538 0.03125000 0.02644231 0.03846154
0 0.61778846 0.28725962 0.02644231 0.03245192
0 0.53846154 0.49879808 0.02524038 0.04687500
0 0.62019231 0.11177885 0.01923077 0.04206731
0 0.48677885 0.55769231 0.02764423 0.05889423
0 0.49759615 0.61899038 0.03725962 0.07211538
