0 0.01562500 0.08052885 0.03125000 0.05528846
0 0.04086538 0.10456731 0.02944712 0.05228365
0 0.05528846 0.26081731 0.03305288 0.03605769
0 0.12019231 0.01442308 0.01442308 0.02884615
0 0.03245192 0.01322115 0.02644231 0.02644231
0 0.08533654 0.07331731 0.03665865 0.06670673
0 0.06610577 0.13221154 0.03966346 0.05889423
0 0.08052885 0.73798077 0.02704327 0.02824519
0 0.73317308 0.81129808 0.01502404 0.02283654
0 0.72115385 0.80528846 0.01802885 0.03064904
0 0.53485577 0.97235577 0.01201923 0.01682692
0 0.52764423 0.98317308 0.02283654 0.03004808
0 0.85096154 0.92908654 0.02223558 0.03485577
0 0.90504808 0.99278846 0.01682692 0.01442308
0 0.91466346 0.84975962 0.01983173 0.03004808
0 0.90745192 0.88100962 0.01862981 0.03185096
0 0.90024038 0.93149038 0.02283654 0.03846154
