0 0.06490385 0.63581731 0.04807692 0.02644231
0 0.26682692 0.49639423 0.04206731 0.06670673
0 0.31971154 0.61538462 0.05288462 0.06730769
0 0.04807692 0.41947115 0.03185096 0.05889423
0 0.00360577 0.41586538 0.00721154 0.05288462
0 0.33413462 0.28245192 0.01682692 0.03846154
0 0.34254808 0.23918269 0.02103365 0.03545673
0 0.22956731 0.11057692 0.02764423 0.04927885
0 0.04326923 0.08533654 0.04086538 0.07331731
0 0.03725962 0.29086538 0.03004808 0.03665865
0 0.07572115 0.12379808 0.04867788 0.05709135
0 0.10456731 0.00480769 0.03125000 0.00961538
0 0.10576923 0.18149038 0.02463942 0.03245192
0 0.16826923 0.33052885 0.02944712 0.05168269
0 0.13341346 0.36057692 0.03004808 0.03125000
0 0.08774038 0.35817308 0.03605769 0.05769231
0 0.62019231 0.31730769 0.01742788 0.03725962
0 0.78725962 0.63100962 0.04567308 0.03605769
0 0.96634615 0.45673077 0.03846154 0.06009615
0 0.99399038 0.60216346 0.01201923 0.06971154
0 0.73437500 0.32451923 0.03906250 0.05468750
0 0.54567308 0.62860577 0.03365385 0.04086538
0 0.61778846 0.64423077 0.01923077 0.00961538
0 0.54326923 0.46514423 0.03665865 0.05048077
0 0.50600962 0.52163462 0.03185096 0.06129808
0 0.57812500 0.55889423 0.01201923 0.02403846
0 0.63822115 0.22836538 0.03305288 0.04026442
0 0.54086538 0.58293269 0.03665865 0.04567308
0 0.72596154 0.37980769 0.02584135 0.04447115
0 0.97235577 0.25000000 0.01802885 0.03725962
0 0.96995192 0.22956731 0.01682692 0.02704327
0 0.50961538 0.23798077 0.01862981 0.03846154
0 0.59615385 0.17788462 0.02403846 0.04326923
0 0.71754808 0.05649038 0.04086538 0.06550481
0 0.62139423 0.08894231 0.03906250 0.05649038
0 0.71875000 0.28966346 0.03365385 0.04387019
0 0.68870192 0.48677885 0.04326923 0.08173077
0 0.75721154 0.11177885 0.03245192 0.06069712
0 0.65504808 0.60817308 0.04086538 0.04567308
0 0.62019231 0.22475962 0.03185096 0.04086538
0 0.76322115 0.16346154 0.02764423 0.03545673
0 0.84615385 0.35697115 0.01923077 0.03665865
0 0.86418269 0.30168269 0.03125000 0.04507212
0 0.89302885 0.29927885 0.02463942 0.04326923
0 0.19591346 0.66706731 0.03605769 0.03605769
0 0.22235577 0.65384615 0.04086538 0.00961538
0 0.65024038 0.92427885 0.04627404 0.06550481
0 0.84615385 0.75360577 0.04567308 0.06911058
0 0.89543269 0.87620192 0.04206731 0.06670673
0 0.63461538 0.97956731 0.02403846 0.04086538
0 0.55889423 0.98918269 0.03605769 0.02163462
0 0.62139423 0.66346154 0.03605769 0.02884615
0 0.44951923 0.86298077 0.01802885 0.03906250
0 0.49158654 0.89783654 0.02043269 0.03305288
0 0.45072115 0.66105769 0.04086538 0.02403846
0 0.39663462 0.75000000 0.01442308 0.07211538
0 0.47355769 0.74759615 0.01081731 0.02824519
0 0.43629808 0.81490385 0.04146635 0.07872596
0 0.55769231 0.77403846 0.03605769 0.05889423
0 0.53605769 0.88341346 0.04086538 0.04567308
0 0.49278846 0.93870192 0.03064904 0.05228365
