0 0.42668269 0.16225962 0.01682692 0.04146635
0 0.30528846 0.47836538 0.03365385 0.01923077
0 0.04206731 0.46875000 0.03125000 0.03846154
0 0.26442308 0.45913462 0.03365385 0.05769231
0 0.40384615 0.31971154 0.02944712 0.04026442
0 0.41346154 0.42668269 0.01502404 0.03605769
0 0.40625000 0.15865385 0.02884615 0.04326923
0 0.47836538 0.25600962 0.03125000 0.05228365
0 0.41225962 0.25480769 0.01862981 0.03485577
0 0.37379808 0.18750000 0.01502404 0.03305288
0 0.43389423 0.27163462 0.02283654 0.04387019
0 0.51923077 0.01802885 0.03846154 0.03605769
0 0.34134615 0.26201923 0.02223558 0.04086538
0 0.24278846 0.24158654 0.02163462 0.04266827
0 0.20072115 0.21875000 0.03185096 0.02884615
0 0.24759615 0.04326923 0.02704327 0.04927885
0 0.44711538 0.08293269 0.02163462 0.04266827
0 0.42187500 0.08173077 0.03365385 0.05108173
0 0.21754808 0.21634615 0.02403846 0.05288462
0 0.25360577 0.19591346 0.02584135 0.03365385
0 0.32572115 0.41947115 0.02824519 0.05108173
0 0.24399038 0.01201923 0.02163462 0.02403846
0 0.37860577 0.47235577 0.03605769 0.03125000
0 0.49759615 0.05528846 0.01983173 0.02884615
0 0.97716346 0.21875000 0.04026442 0.06189904
0 0.73557692 0.26081731 0.03365385 0.06009615
0 0.78485577 0.33413462 0.03485577 0.04627404
0 0.98197115 0.30168269 0.02944712 0.05709135
0 0.94951923 0.29447115 0.02944712 0.04687500
0 0.53004808 0.73677885 0.02403846 0.06009615
0 0.33293269 0.90745192 0.02584135 0.04146635
0 0.48918269 0.61538462 0.03305288 0.06310096
0 0.32692308 0.73317308 0.02824519 0.04507212
0 0.24879808 0.93629808 0.02584135 0.05709135
0 0.27403846 0.76562500 0.03125000 0.05408654
0 0.63701923 0.88461538 0.03245192 0.06250000
0 0.47836538 0.89783654 0.03245192 0.04146635
0 0.65865385 0.58052885 0.01923077 0.04146635
0 0.28605769 0.66346154 0.02824519 0.04387019
0 0.55889423 0.71514423 0.03064904 0.05228365
0 0.63221154 0.69711538 0.02944712 0.04987981
0 0.67668269 0.63942308 0.02403846 0.03305288
0 0.66947115 0.59855769 0.02043269 0.04687500
0 0.66466346 0.95072115 0.02403846 0.03605769
0 0.59615385 0.96634615 0.02043269 0.03245192
0 0.50000000 0.74639423 0.02824519 0.03725962
0 0.40024038 0.75000000 0.02283654 0.03906250
0 0.38581731 0.74278846 0.02043269 0.03485577
0 0.30048077 0.62500000 0.02103365 0.02403846
0 0.80889423 0.92187500 0.01923077 0.06009615
