0 0.47475962 0.28605769 0.01562500 0.03846154
0 0.56971154 0.56370192 0.03485577 0.05288462
0 0.79807692 0.56850962 0.02764423 0.05048077
0 0.79567308 0.66346154 0.02764423 0.04086538
0 0.55288462 0.60576923 0.02524038 0.05168269
0 0.52403846 0.73317308 0.04086538 0.04206731
0 0.60817308 0.58894231 0.02403846 0.04206731
0 0.48317308 0.39182692 0.02163462 0.03125000
0 0.46995192 0.48677885 0.01562500 0.03846154
0 0.47596154 0.27163462 0.02163462 0.03846154
0 0.43149038 0.28966346 0.03605769 0.05168269
0 0.46514423 0.33413462 0.01442308 0.03125000
0 0.49278846 0.27884615 0.01201923 0.03125000
0 0.45673077 0.33653846 0.02163462 0.03485577
0 0.48557692 0.54447115 0.02403846 0.05889423
0 0.31610577 0.19110577 0.03004808 0.06250000
0 0.52644231 0.33173077 0.01682692 0.03605769
0 0.90745192 0.26081731 0.01562500 0.03485577
0 0.37500000 0.14903846 0.02043269 0.03485577
0 0.61538462 0.33293269 0.01682692 0.03846154
0 0.66105769 0.28485577 0.03125000 0.03846154
0 0.91346154 0.19831731 0.02163462 0.03605769
0 0.90745192 0.24278846 0.02043269 0.02644231
0 0.56850962 0.13701923 0.02043269 0.03846154
0 0.44230769 0.16225962 0.01562500 0.03846154
0 0.47836538 0.16346154 0.02163462 0.03725962
0 0.65264423 0.11418269 0.01562500 0.04326923
0 0.84014423 0.08894231 0.03004808 0.05649038
0 0.95913462 0.06850962 0.03245192 0.06250000
0 0.63461538 0.30649038 0.01682692 0.03725962
0 0.90504808 0.08774038 0.03245192 0.05528846
0 0.61418269 0.08653846 0.02163462 0.03004808
0 0.63822115 0.09495192 0.02163462 0.03725962
0 0.46274038 0.07932692 0.01682692 0.02764423
0 0.95312500 0.02403846 0.03605769 0.04807692
0 0.97836538 0.03125000 0.02644231 0.03846154
0 0.60937500 0.21153846 0.02524038 0.03245192
0 0.54086538 0.50600962 0.02764423 0.05168269
0 0.48918269 0.60336538 0.04687500 0.06730769
