0 0.44591346 0.14663462 0.01802885 0.04387019
0 0.42067308 0.31610577 0.02884615 0.02644231
0 0.42548077 0.15144231 0.02524038 0.04086538
0 0.49759615 0.25240385 0.03305288 0.05649038
0 0.42908654 0.25841346 0.01802885 0.03365385
0 0.38581731 0.18028846 0.01502404 0.03365385
0 0.44951923 0.28485577 0.02884615 0.07992788
0 0.53004808 0.01682692 0.02644231 0.03365385
0 0.35336538 0.26802885 0.02163462 0.04627404
0 0.25600962 0.22596154 0.01923077 0.03846154
0 0.21514423 0.20913462 0.03185096 0.03004808
0 0.24759615 0.03365385 0.02704327 0.04747596
0 0.46634615 0.07812500 0.01562500 0.04146635
0 0.43990385 0.07331731 0.02884615 0.04627404
0 0.23076923 0.21394231 0.01983173 0.04927885
0 0.27884615 0.18269231 0.02884615 0.03605769
0 0.51562500 0.06730769 0.02103365 0.02524038
0 0.78365385 0.08653846 0.03305288 0.04627404
0 0.74519231 0.30048077 0.03365385 0.05769231
0 0.76322115 0.20793269 0.04086538 0.06430288
0 0.79687500 0.10697115 0.03485577 0.06850962
0 0.87139423 0.26081731 0.02524038 0.03485577
0 0.90625000 0.31850962 0.03365385 0.02163462
0 0.89903846 0.26562500 0.02704327 0.03786058
0 0.90264423 0.10937500 0.02704327 0.04627404
0 0.95432692 0.13461538 0.02764423 0.03725962
0 0.91706731 0.16466346 0.03485577 0.07451923
0 0.99158654 0.13942308 0.01682692 0.03846154
0 0.60697115 0.86899038 0.01382212 0.03605769
0 0.62379808 0.92908654 0.01262019 0.02403846
0 0.72115385 0.88100962 0.01442308 0.03125000
0 0.72596154 0.81009615 0.00480769 0.03365385
0 0.72596154 0.68269231 0.00480769 0.02403846
