0 0.05649038 0.24278846 0.01983173 0.04326923
0 0.06129808 0.31129808 0.02584135 0.03665865
0 0.02764423 0.25721154 0.02524038 0.04326923
0 0.02524038 0.18389423 0.03425481 0.04627404
0 0.01081731 0.26562500 0.01862981 0.03665865
0 0.04807692 0.23197115 0.02103365 0.04026442
0 0.00721154 0.23677885 0.01442308 0.03605769
0 0.09975962 0.21274038 0.02403846 0.04627404
0 0.16586538 0.16706731 0.02343750 0.03665865
0 0.01442308 0.13822115 0.02824519 0.04507212
0 0.17067308 0.21153846 0.01983173 0.05709135
0 0.21153846 0.14302885 0.03365385 0.05769231
0 0.11177885 0.04927885 0.02463942 0.04146635
0 0.01562500 0.03846154 0.02103365 0.04387019
0 0.07812500 0.01923077 0.02163462 0.03846154
0 0.24759615 0.02043269 0.04326923 0.04086538
0 0.33894231 0.00841346 0.03365385 0.01682692
0 0.18629808 0.16346154 0.02463942 0.04507212
0 0.75120192 0.26442308 0.03786058 0.05468750
0 0.98197115 0.25961538 0.03125000 0.05348558
0 0.99278846 0.34975962 0.01442308 0.03605769
0 0.71995192 0.29807692 0.02704327 0.05288462
0 0.78605769 0.25240385 0.02944712 0.05288462
0 0.65745192 0.08173077 0.02764423 0.03605769
0 0.64543269 0.19591346 0.01382212 0.03365385
0 0.58653846 0.01802885 0.02884615 0.03605769
0 0.64543269 0.02644231 0.01562500 0.02944712
0 0.63341346 0.03485577 0.01983173 0.03545673
0 0.70312500 0.03725962 0.02043269 0.03846154
0 0.80048077 0.02764423 0.01862981 0.04026442
0 0.84014423 0.01081731 0.03605769 0.02163462
0 0.81971154 0.01201923 0.02403846 0.02403846
0 0.72235577 0.20312500 0.03185096 0.05228365
0 0.66947115 0.25961538 0.03485577 0.06310096
0 0.67668269 0.31971154 0.04447115 0.07512019
0 0.79447115 0.76682692 0.02043269 0.03786058
