0 0.40504808 0.31971154 0.01562500 0.03846154
0 0.55769231 0.63942308 0.03605769 0.05649038
0 0.77403846 0.56850962 0.03125000 0.05528846
0 0.80528846 0.61899038 0.03605769 0.05168269
0 0.53125000 0.65504808 0.02403846 0.04687500
0 0.49759615 0.75360577 0.03605769 0.03846154
0 0.56490385 0.49278846 0.03725962 0.06610577
0 0.44711538 0.51081731 0.03245192 0.06250000
0 0.43870192 0.56971154 0.02043269 0.03605769
0 0.43389423 0.33052885 0.02403846 0.03846154
0 0.37139423 0.43990385 0.03245192 0.04807692
0 0.43629808 0.41586538 0.01562500 0.03245192
0 0.49038462 0.33653846 0.02764423 0.03605769
0 0.42307692 0.48557692 0.02764423 0.05288462
0 0.51442308 0.45072115 0.02644231 0.05288462
0 0.84375000 0.30889423 0.01682692 0.03605769
0 0.59254808 0.38461538 0.02043269 0.03725962
0 0.85216346 0.27403846 0.02043269 0.03125000
0 0.91586538 0.31009615 0.02524038 0.03125000
0 0.67668269 0.18870192 0.02403846 0.04326923
0 0.38822115 0.24158654 0.01562500 0.04086538
0 0.42067308 0.24879808 0.02163462 0.03846154
0 0.89783654 0.08173077 0.02644231 0.04807692
0 0.95673077 0.09975962 0.03245192 0.05168269
0 0.90024038 0.13100962 0.03245192 0.05528846
0 0.56370192 0.13581731 0.03245192 0.06610577
0 0.43149038 0.15985577 0.02163462 0.03605769
0 0.96514423 0.04086538 0.02524038 0.02644231
0 0.98076923 0.07451923 0.03004808 0.04206731
0 0.56129808 0.32692308 0.02403846 0.03125000
0 0.50360577 0.51562500 0.02524038 0.04687500
0 0.59254808 0.15504808 0.03485577 0.04086538
0 0.48317308 0.60697115 0.02403846 0.04326923
0 0.46995192 0.66346154 0.04086538 0.06730769
0 0.61658654 0.05889423 0.02644231 0.03605769
0 0.36899038 0.25721154 0.02043269 0.02764423
0 0.61538462 0.19350962 0.02524038 0.03485577
0 0.32932692 0.09014423 0.02403846 0.04687500
0 0.66586538 0.34975962 0.02403846 0.05528846
0 0.62139423 0.39903846 0.02043269 0.03245192
