0 0.43990385 0.26682692 0.01562500 0.04086538
0 0.55528846 0.58052885 0.03004808 0.04687500
0 0.79927885 0.56610577 0.03004808 0.05168269
0 0.82331731 0.62379808 0.03004808 0.04326923
0 0.53125000 0.59615385 0.02043269 0.04206731
0 0.51682692 0.74158654 0.02764423 0.03125000
0 0.58653846 0.53125000 0.03004808 0.05168269
0 0.46153846 0.42548077 0.02524038 0.04687500
0 0.45432692 0.52163462 0.02043269 0.03605769
0 0.45432692 0.26802885 0.02163462 0.03725962
0 0.39423077 0.36778846 0.03125000 0.05528846
0 0.45432692 0.36899038 0.01562500 0.03125000
0 0.49399038 0.29687500 0.01201923 0.03004808
0 0.44471154 0.39302885 0.02524038 0.06971154
0 0.35576923 0.13221154 0.02403846 0.04086538
0 0.52163462 0.38221154 0.02403846 0.04567308
0 0.87620192 0.25961538 0.01562500 0.03485577
0 0.61778846 0.33533654 0.01562500 0.03485577
0 0.65384615 0.32211538 0.03004808 0.02644231
0 0.87379808 0.22475962 0.02043269 0.03245192
0 0.91225962 0.25721154 0.02524038 0.03125000
0 0.62860577 0.15985577 0.02403846 0.04326923
0 0.41947115 0.20673077 0.01562500 0.03725962
0 0.44471154 0.20072115 0.02644231 0.04326923
0 0.87980769 0.07692308 0.02764423 0.05168269
0 0.96153846 0.06610577 0.03245192 0.05168269
0 0.63701923 0.33173077 0.01923077 0.04687500
0 0.90264423 0.09855769 0.03245192 0.05528846
0 0.58653846 0.10096154 0.03125000 0.06250000
0 0.44711538 0.10697115 0.01682692 0.02764423
0 0.95793269 0.01923077 0.02644231 0.02403846
0 0.98437500 0.04086538 0.03004808 0.04206731
0 0.59014423 0.29567308 0.02524038 0.03125000
0 0.52524038 0.49879808 0.02524038 0.04567308
0 0.61298077 0.10697115 0.01923077 0.03846154
0 0.49278846 0.57331731 0.02163462 0.03846154
0 0.50120192 0.62019231 0.03245192 0.05528846
0 0.63100962 0.03365385 0.02644231 0.03605769
0 0.37620192 0.19591346 0.01923077 0.02524038
0 0.64423077 0.10456731 0.02524038 0.03485577
