0 0.41826923 0.42187500 0.01562500 0.03605769
0 0.57812500 0.72115385 0.04086538 0.05769231
0 0.73557692 0.55649038 0.02764423 0.05168269
0 0.77644231 0.68629808 0.03485577 0.05889423
0 0.57572115 0.83173077 0.02403846 0.04687500
0 0.43509615 0.82932692 0.03605769 0.05168269
0 0.52524038 0.43629808 0.03004808 0.04567308
0 0.35817308 0.70312500 0.03245192 0.05649038
0 0.41346154 0.72836538 0.01682692 0.03004808
0 0.35697115 0.53846154 0.02764423 0.04206731
0 0.31971154 0.61418269 0.02764423 0.05288462
0 0.37860577 0.64182692 0.01081731 0.02403846
0 0.44110577 0.34735577 0.03004808 0.03605769
0 0.35937500 0.64182692 0.03485577 0.04206731
0 0.50360577 0.47596154 0.02043269 0.04206731
0 0.75600962 0.37139423 0.01562500 0.03245192
0 0.75360577 0.35096154 0.01562500 0.02524038
0 0.88942308 0.40144231 0.02644231 0.03485577
0 0.78245192 0.18149038 0.02524038 0.04807692
0 0.32932692 0.35336538 0.01442308 0.03245192
0 0.39903846 0.30168269 0.02403846 0.03846154
0 0.94350962 0.07091346 0.02764423 0.05168269
0 0.94471154 0.15144231 0.03125000 0.04807692
0 0.89423077 0.19471154 0.03245192 0.05528846
0 0.51322115 0.19110577 0.03605769 0.06129808
0 0.42307692 0.23076923 0.03125000 0.05048077
0 0.96394231 0.10336538 0.02524038 0.02644231
0 0.97115385 0.12860577 0.02403846 0.03485577
0 0.51201923 0.40144231 0.02764423 0.03725962
0 0.48557692 0.58653846 0.03245192 0.06850962
0 0.54807692 0.24278846 0.02644231 0.05288462
0 0.45432692 0.68870192 0.03245192 0.03605769
0 0.39903846 0.77764423 0.02043269 0.03846154
0 0.58413462 0.11538462 0.02403846 0.03245192
0 0.41586538 0.36298077 0.02524038 0.03605769
0 0.55048077 0.28725962 0.02163462 0.03004808
0 0.63341346 0.45673077 0.02644231 0.02764423
0 0.27043269 0.12620192 0.03245192 0.05649038
0 0.64062500 0.42187500 0.03125000 0.04326923
0 0.66225962 0.41947115 0.01923077 0.03485577
