0 0.47115385 0.40264423 0.01442308 0.03125000
0 0.63341346 0.72836538 0.04326923 0.05528846
0 0.78485577 0.53365385 0.03245192 0.05889423
0 0.82932692 0.69230769 0.04086538 0.06971154
0 0.65144231 0.86298077 0.02403846 0.04687500
0 0.46274038 0.85336538 0.03125000 0.05288462
0 0.55769231 0.42427885 0.03004808 0.04567308
0 0.39423077 0.73317308 0.03245192 0.05288462
0 0.47355769 0.74038462 0.01682692 0.03004808
0 0.39302885 0.60817308 0.02524038 0.03846154
0 0.37740385 0.55649038 0.02644231 0.05168269
0 0.43389423 0.65625000 0.01081731 0.02524038
0 0.48076923 0.34615385 0.01923077 0.03846154
0 0.38942308 0.69110577 0.02403846 0.02644231
0 0.58774038 0.47596154 0.01923077 0.03605769
0 0.73677885 0.34975962 0.01562500 0.03485577
0 0.74639423 0.30649038 0.01562500 0.03846154
0 0.94471154 0.39062500 0.02644231 0.03485577
0 0.88461538 0.15745192 0.03004808 0.05649038
0 0.36418269 0.35817308 0.01201923 0.03125000
0 0.45192308 0.31730769 0.02644231 0.04326923
0 0.94711538 0.19831731 0.03245192 0.05528846
0 0.55528846 0.20312500 0.03485577 0.05769231
0 0.47235577 0.20913462 0.02764423 0.04567308
0 0.62259615 0.43028846 0.03125000 0.04086538
0 0.52403846 0.59134615 0.03605769 0.05168269
0 0.58894231 0.26081731 0.03245192 0.03725962
0 0.50000000 0.71153846 0.03485577 0.03846154
0 0.42307692 0.80889423 0.01923077 0.03725962
0 0.63100962 0.12139423 0.02403846 0.03125000
0 0.49519231 0.32451923 0.02644231 0.03725962
0 0.58774038 0.29447115 0.02043269 0.02644231
0 0.68028846 0.46995192 0.01682692 0.03245192
0 0.31490385 0.20552885 0.03004808 0.04687500
0 0.69591346 0.41826923 0.03485577 0.04807692
0 0.70432692 0.41826923 0.02403846 0.04206731
