0 0.21394231 0.28125000 0.01802885 0.03485577
0 0.53846154 0.41225962 0.01923077 0.05528846
0 0.32572115 0.28365385 0.03665865 0.05108173
0 0.14663462 0.55769231 0.03846154 0.02403846
0 0.14543269 0.40264423 0.03485577 0.04807692
0 0.10697115 0.48317308 0.03665865 0.06490385
0 0.17307692 0.50841346 0.01322115 0.02584135
0 0.23437500 0.19471154 0.03125000 0.03846154
0 0.14903846 0.51442308 0.03786058 0.04567308
0 0.31009615 0.33533654 0.02283654 0.04086538
0 0.11538462 0.20432692 0.01562500 0.03425481
0 0.19110577 0.14783654 0.02704327 0.04206731
0 0.30889423 0.03125000 0.04086538 0.06250000
0 0.21514423 0.06850962 0.03305288 0.05288462
0 0.31129808 0.25240385 0.03485577 0.04447115
0 0.28004808 0.44350962 0.03725962 0.07512019
0 0.34855769 0.08533654 0.02944712 0.05588942
0 0.24759615 0.55288462 0.03846154 0.03365385
0 0.21153846 0.20312500 0.03185096 0.04146635
0 0.35216346 0.13461538 0.02944712 0.03545673
0 0.43870192 0.31250000 0.02824519 0.03064904
0 0.44591346 0.26923077 0.03425481 0.04807692
0 0.47235577 0.27043269 0.02463942 0.04086538
0 0.80649038 0.26081731 0.01802885 0.04086538
0 0.96394231 0.37139423 0.03245192 0.05829327
0 0.83052885 0.51322115 0.02043269 0.04326923
0 0.83894231 0.54567308 0.02283654 0.03846154
0 0.80769231 0.28846154 0.02884615 0.04567308
0 0.73918269 0.41466346 0.04687500 0.07752404
0 0.83052885 0.38942308 0.01502404 0.02524038
0 0.88341346 0.25600962 0.03064904 0.03605769
0 0.79687500 0.46754808 0.03064904 0.05889423
0 0.91105769 0.37139423 0.02584135 0.04807692
0 0.76802885 0.15625000 0.01983173 0.04687500
0 0.80168269 0.16346154 0.02884615 0.04507212
0 0.96153846 0.05048077 0.03786058 0.06850962
0 0.82812500 0.09014423 0.02223558 0.03605769
0 0.95192308 0.24399038 0.02704327 0.03305288
0 0.89543269 0.45913462 0.03064904 0.05348558
0 0.98437500 0.08413462 0.03125000 0.05288462
0 0.87980769 0.55288462 0.04326923 0.03365385
0 0.77043269 0.19831731 0.02463942 0.03245192
0 0.98557692 0.32932692 0.02884615 0.05769231
0 0.30408654 0.65144231 0.02043269 0.04447115
0 0.42307692 0.98076923 0.03846154 0.03846154
0 0.39663462 0.99278846 0.02884615 0.01442308
0 0.46153846 0.95072115 0.03725962 0.05709135
0 0.33052885 0.82331731 0.02764423 0.04987981
0 0.31610577 0.92067308 0.02163462 0.03545673
0 0.32572115 0.65985577 0.02584135 0.04146635
0 0.25721154 0.75360577 0.03185096 0.05108173
0 0.31971154 0.75841346 0.01682692 0.03245192
0 0.35937500 0.68870192 0.01262019 0.03125000
0 0.29807692 0.77644231 0.03064904 0.07271635
0 0.39302885 0.76923077 0.02524038 0.04086538
0 0.48557692 0.73677885 0.01983173 0.04086538
0 0.52644231 0.71634615 0.03245192 0.03064904
0 0.28485577 0.58653846 0.01682692 0.03365385
0 0.30889423 0.58774038 0.02644231 0.03605769
0 0.50961538 0.72115385 0.02403846 0.05228365
0 0.47115385 0.69471154 0.02463942 0.03305288
0 0.40264423 0.91225962 0.02884615 0.04927885
0 0.35456731 0.97956731 0.02644231 0.04086538
0 0.23677885 0.57572115 0.02163462 0.01201923
0 0.93509615 0.63822115 0.03485577 0.05228365
0 0.90625000 0.65865385 0.02584135 0.04867788
0 0.89182692 0.81250000 0.03185096 0.03425481
0 0.96754808 0.59495192 0.03605769 0.05048077
0 0.82331731 0.58052885 0.02163462 0.02163462
0 0.86418269 0.63341346 0.02463942 0.04086538
0 0.87860577 0.68149038 0.04026442 0.06009615
