0 0.06009615 0.03846154 0.03245192 0.04927885
0 0.25000000 0.18509615 0.03004808 0.04326923
0 0.26322115 0.15745192 0.02824519 0.05468750
0 0.20552885 0.24639423 0.01322115 0.02403846
0 0.24759615 0.27163462 0.02944712 0.03425481
0 0.02644231 0.03846154 0.02163462 0.03906250
0 0.07572115 0.00841346 0.03125000 0.01682692
0 0.10937500 0.17427885 0.04507212 0.05829327
0 0.13822115 0.28725962 0.03605769 0.02163462
0 0.39182692 0.47355769 0.02043269 0.04086538
0 0.24519231 0.80528846 0.03725962 0.05769231
0 0.01081731 0.75841346 0.02163462 0.06009615
0 0.27524038 0.81370192 0.02163462 0.04507212
0 0.30168269 0.94230769 0.03786058 0.04326923
0 0.22956731 0.68509615 0.03906250 0.06069712
0 0.35697115 0.65144231 0.03545673 0.06430288
0 0.36658654 0.74278846 0.02283654 0.03966346
0 0.36057692 0.48317308 0.03004808 0.04807692
0 0.42067308 0.58653846 0.04146635 0.07271635
0 0.36298077 0.56971154 0.02043269 0.03846154
0 0.31730769 0.50480769 0.03305288 0.03906250
0 0.38581731 0.63341346 0.02704327 0.05048077
0 0.28725962 0.59254808 0.03004808 0.05408654
0 0.19951923 0.53125000 0.02043269 0.03906250
0 0.14182692 0.35216346 0.02884615 0.04687500
0 0.40985577 0.40144231 0.02043269 0.04026442
0 0.37740385 0.39903846 0.02704327 0.04326923
0 0.23197115 0.31009615 0.03605769 0.02403846
0 0.36778846 0.31009615 0.02403846 0.02403846
0 0.22956731 0.49038462 0.02463942 0.03365385
0 0.28605769 0.69230769 0.02644231 0.04567308
0 0.19711538 0.31129808 0.02403846 0.02644231
0 0.32091346 0.78725962 0.02764423 0.04567308
0 0.32451923 0.82451923 0.04026442 0.06430288
0 0.44350962 0.41105769 0.02343750 0.03004808
0 0.16947115 0.32331731 0.03425481 0.04266827
0 0.13341346 0.51322115 0.02764423 0.05649038
0 0.17187500 0.56850962 0.02043269 0.04567308
0 0.80769231 0.95552885 0.02223558 0.03966346
