0 0.40865385 0.29206731 0.01622596 0.03605769
0 0.51562500 0.29447115 0.03305288 0.04687500
0 0.34375000 0.40985577 0.02944712 0.04507212
0 0.30649038 0.48557692 0.03185096 0.05709135
0 0.36778846 0.50600962 0.00961538 0.02644231
0 0.43028846 0.20673077 0.03064904 0.03605769
0 0.34735577 0.50600962 0.03605769 0.02644231
0 0.49879808 0.34495192 0.02043269 0.03846154
0 0.31610577 0.21634615 0.01682692 0.03425481
0 0.38701923 0.16346154 0.02524038 0.04026442
0 0.50240385 0.05168269 0.03605769 0.06069712
0 0.41105769 0.09134615 0.03725962 0.05408654
0 0.50360577 0.26682692 0.03185096 0.04026442
0 0.47355769 0.44831731 0.03365385 0.06911058
0 0.53846154 0.10336538 0.03245192 0.05588942
0 0.40625000 0.21995192 0.02524038 0.03846154
0 0.54206731 0.14783654 0.02403846 0.03125000
0 0.62500000 0.32091346 0.02884615 0.03004808
0 0.63100962 0.28245192 0.03485577 0.04747596
0 0.65625000 0.28245192 0.02343750 0.03966346
0 0.40625000 0.80769231 0.01562500 0.03004808
0 0.49759615 0.82692308 0.03485577 0.04867788
0 0.32211538 0.96875000 0.02944712 0.04387019
0 0.30048077 0.97596154 0.02884615 0.04807692
0 0.41466346 0.71875000 0.02283654 0.04387019
0 0.51442308 0.86778846 0.02103365 0.03906250
0 0.29206731 0.73798077 0.01682692 0.03425481
0 0.37740385 0.68870192 0.02403846 0.03725962
0 0.48677885 0.57572115 0.03725962 0.06069712
0 0.39903846 0.59975962 0.03846154 0.05709135
0 0.48557692 0.80048077 0.03004808 0.03966346
0 0.45673077 0.97475962 0.03846154 0.05048077
0 0.52283654 0.62860577 0.03125000 0.05588942
0 0.40625000 0.69711538 0.02283654 0.03004808
0 0.52644231 0.67908654 0.01983173 0.03064904
0 0.60576923 0.84735577 0.01923077 0.03245192
0 0.25480769 0.53605769 0.02884615 0.03365385
0 0.62139423 0.79807692 0.03004808 0.04026442
0 0.64903846 0.79326923 0.02343750 0.03846154
0 0.83774038 0.82692308 0.03245192 0.05348558
0 0.87980769 0.95793269 0.03786058 0.06129808
0 0.85456731 0.64062500 0.01983173 0.03485577
0 0.85336538 0.62019231 0.01502404 0.02463942
0 0.98918269 0.66947115 0.02163462 0.03605769
0 0.73437500 0.72596154 0.02764423 0.03004808
0 0.74038462 0.69110577 0.03605769 0.04747596
0 0.76322115 0.68990385 0.02343750 0.03605769
