0 0.42067308 0.42908654 0.01442308 0.03245192
0 0.57692308 0.72355769 0.03846154 0.05769231
0 0.73317308 0.55048077 0.02764423 0.05288462
0 0.77403846 0.68870192 0.03485577 0.05889423
0 0.58413462 0.84735577 0.02403846 0.04807692
0 0.42067308 0.84014423 0.03125000 0.05288462
0 0.52283654 0.43389423 0.03125000 0.04687500
0 0.35216346 0.72235577 0.03125000 0.05288462
0 0.41466346 0.73677885 0.01562500 0.02764423
0 0.34975962 0.56610577 0.03004808 0.04567308
0 0.31850962 0.60817308 0.02764423 0.05288462
0 0.38461538 0.65024038 0.01081731 0.02403846
0 0.43149038 0.34735577 0.03125000 0.03725962
0 0.35096154 0.66706731 0.03245192 0.03846154
0 0.51923077 0.48918269 0.02043269 0.03846154
0 0.73677885 0.36899038 0.01442308 0.03125000
0 0.73317308 0.34495192 0.01562500 0.02524038
0 0.88701923 0.40504808 0.02644231 0.03485577
0 0.79326923 0.16947115 0.02524038 0.04807692
0 0.31971154 0.35817308 0.01442308 0.03485577
0 0.39903846 0.30408654 0.02163462 0.03846154
0 0.94711538 0.06490385 0.02524038 0.04567308
0 0.94471154 0.15985577 0.03125000 0.04807692
0 0.89302885 0.19711538 0.03245192 0.05528846
0 0.50841346 0.19471154 0.03605769 0.06129808
0 0.41947115 0.22596154 0.03125000 0.05048077
0 0.96274038 0.10576923 0.02163462 0.02524038
0 0.96995192 0.13100962 0.02403846 0.03485577
0 0.50961538 0.40504808 0.02764423 0.03725962
0 0.48076923 0.58173077 0.03605769 0.07451923
0 0.54447115 0.24399038 0.02644231 0.05288462
0 0.44951923 0.69471154 0.03485577 0.03846154
0 0.38701923 0.78725962 0.02403846 0.04567308
0 0.58052885 0.11899038 0.02403846 0.03125000
0 0.42307692 0.34254808 0.02524038 0.03485577
0 0.54807692 0.29206731 0.02403846 0.03125000
0 0.62379808 0.46514423 0.01562500 0.03125000
0 0.27524038 0.13461538 0.02524038 0.04086538
0 0.64062500 0.41586538 0.02764423 0.04086538
0 0.66706731 0.41346154 0.02043269 0.03846154
