0 0.45913462 0.36418269 0.04687500 0.03846154
0 0.57211538 0.70552885 0.04086538 0.05649038
0 0.74399038 0.55528846 0.03605769 0.06610577
0 0.78725962 0.66826923 0.03485577 0.05889423
0 0.55889423 0.77163462 0.02403846 0.04687500
0 0.46274038 0.79086538 0.03245192 0.04807692
0 0.54326923 0.44951923 0.03125000 0.06610577
0 0.38461538 0.65625000 0.01682692 0.03846154
0 0.42307692 0.69110577 0.01562500 0.02764423
0 0.38221154 0.47115385 0.03605769 0.05889423
0 0.32812500 0.56370192 0.03846154 0.06971154
0 0.40024038 0.56971154 0.01081731 0.02524038
0 0.45552885 0.35817308 0.02644231 0.03125000
0 0.37379808 0.62379808 0.03125000 0.06730769
0 0.50360577 0.41826923 0.02043269 0.03846154
0 0.78846154 0.34375000 0.01562500 0.03245192
0 0.79086538 0.33173077 0.01923077 0.03004808
0 0.89423077 0.36899038 0.02644231 0.03485577
0 0.74879808 0.17668269 0.02403846 0.04567308
0 0.34735577 0.30889423 0.01562500 0.03725962
0 0.39903846 0.28846154 0.02403846 0.04206731
0 0.93149038 0.06610577 0.02644231 0.04807692
0 0.95072115 0.12980769 0.03125000 0.05048077
0 0.89663462 0.17668269 0.03245192 0.05288462
0 0.52764423 0.17788462 0.03605769 0.07211538
0 0.42548077 0.21754808 0.02403846 0.03725962
0 0.96634615 0.08774038 0.02163462 0.02524038
0 0.97596154 0.11899038 0.02403846 0.03485577
0 0.52524038 0.36538462 0.02403846 0.03125000
0 0.48437500 0.57572115 0.02764423 0.05168269
0 0.56490385 0.22475962 0.04086538 0.04807692
0 0.46514423 0.67067308 0.03605769 0.04086538
0 0.42307692 0.72596154 0.02644231 0.05048077
0 0.59254808 0.09735577 0.02644231 0.03605769
0 0.39423077 0.35096154 0.03004808 0.04206731
0 0.57211538 0.27644231 0.02043269 0.03004808
0 0.65745192 0.40024038 0.02043269 0.04807692
0 0.63461538 0.43750000 0.02524038 0.02644231
0 0.63100962 0.41826923 0.02403846 0.03725962
0 0.29807692 0.06971154 0.02163462 0.03605769
