0 0.56370192 0.10456731 0.01802885 0.03846154
0 0.40504808 0.42908654 0.05048077 0.02163462
0 0.22596154 0.27764423 0.04507212 0.06790865
0 0.18149038 0.40504808 0.04567308 0.06971154
0 0.45312500 0.14783654 0.03185096 0.04807692
0 0.57331731 0.43509615 0.01682692 0.00961538
0 0.54326923 0.05168269 0.03185096 0.03665865
0 0.48557692 0.17067308 0.02944712 0.04927885
0 0.19711538 0.07211538 0.02163462 0.03545673
0 0.19591346 0.04687500 0.01682692 0.02644231
0 0.06009615 0.09975962 0.03125000 0.03906250
0 0.58173077 0.00841346 0.01442308 0.01682692
0 0.46033654 0.09975962 0.03245192 0.04086538
0 0.49639423 0.29927885 0.04266827 0.07932692
0 0.53004808 0.41105769 0.03846154 0.04326923
0 0.57331731 0.07572115 0.03125000 0.04567308
0 0.33774038 0.16346154 0.03064904 0.03365385
0 0.31009615 0.12259615 0.02524038 0.03966346
0 0.33653846 0.12740385 0.03185096 0.04447115
0 0.85817308 0.33533654 0.01622596 0.03545673
0 0.75360577 0.35576923 0.03365385 0.04927885
0 0.84735577 0.24158654 0.02403846 0.04447115
0 0.74759615 0.40144231 0.02524038 0.04387019
0 0.97596154 0.26442308 0.01502404 0.03786058
0 0.88701923 0.20793269 0.02524038 0.03846154
0 0.76923077 0.08894231 0.04447115 0.06610577
0 0.86418269 0.11658654 0.03485577 0.05468750
0 0.77043269 0.31850962 0.03425481 0.04326923
0 0.73437500 0.14423077 0.03365385 0.05829327
0 0.69110577 0.01201923 0.02644231 0.02403846
0 0.86177885 0.22956731 0.02644231 0.03485577
0 0.72836538 0.19591346 0.02163462 0.03305288
0 0.64423077 0.37740385 0.01562500 0.03365385
0 0.62860577 0.32572115 0.03305288 0.04266827
0 0.59975962 0.32091346 0.02163462 0.04086538
0 0.28966346 0.54567308 0.02884615 0.03846154
0 0.20192308 0.60576923 0.01923077 0.03004808
0 0.17788462 0.73197115 0.03846154 0.02584135
0 0.16346154 0.78846154 0.02043269 0.03545673
0 0.37019231 0.77043269 0.01802885 0.03605769
0 0.34975962 0.73677885 0.01742788 0.04086538
0 0.46514423 0.98918269 0.01682692 0.02163462
0 0.95432692 0.86298077 0.04326923 0.06370192
0 0.73677885 0.74759615 0.03966346 0.06069712
0 0.69471154 0.83173077 0.05168269 0.06670673
0 0.97836538 0.89783654 0.02524038 0.04627404
0 0.95673077 0.67187500 0.02764423 0.05588942
0 0.99399038 0.65024038 0.01201923 0.06490385
0 0.66586538 0.50120192 0.02223558 0.03966346
0 0.65745192 0.45913462 0.02103365 0.03365385
0 0.59254808 0.50000000 0.00721154 0.03846154
0 0.96274038 0.51562500 0.03125000 0.03786058
0 0.84254808 0.54326923 0.02824519 0.05829327
0 0.88701923 0.56971154 0.02103365 0.03064904
0 0.93269231 0.61298077 0.03185096 0.04927885
