0 0.15625000 0.02163462 0.01983173 0.03906250
0 0.01322115 0.34735577 0.02644231 0.06490385
0 0.05408654 0.06971154 0.04266827 0.07812500
0 0.21153846 0.31490385 0.01622596 0.03786058
0 0.17067308 0.35336538 0.01622596 0.02884615
0 0.22115385 0.13701923 0.04747596 0.07451923
0 0.26802885 0.23557692 0.02704327 0.05288462
0 0.20793269 0.26201923 0.01382212 0.02463942
0 0.22716346 0.27043269 0.03605769 0.04266827
0 0.08653846 0.08413462 0.01983173 0.04326923
0 0.06129808 0.01562500 0.03125000 0.03125000
0 0.09855769 0.21875000 0.03365385 0.05528846
0 0.12379808 0.31129808 0.03906250 0.04387019
0 0.17187500 0.38461538 0.02163462 0.02884615
0 0.17668269 0.01442308 0.03125000 0.02884615
0 0.16706731 0.80649038 0.02824519 0.05649038
0 0.13942308 0.78485577 0.02163462 0.03725962
