0 0.00480769 0.17788462 0.00961538 0.03846154
0 0.01442308 0.01682692 0.02884615 0.03365385
0 0.05528846 0.09615385 0.03125000 0.05468750
0 0.01442308 0.13100962 0.02884615 0.04086538
0 0.71875000 0.42067308 0.02403846 0.03846154
0 0.51201923 0.61538462 0.03906250 0.05588942
0 0.51201923 0.67307692 0.02944712 0.05408654
0 0.57932692 0.79927885 0.02283654 0.04627404
0 0.47956731 0.67548077 0.02644231 0.04387019
0 0.60216346 0.45673077 0.02403846 0.03365385
0 0.61778846 0.62019231 0.03004808 0.04026442
0 0.62980769 0.54447115 0.02584135 0.04326923
0 0.54927885 0.55408654 0.04807692 0.07692308
0 0.61177885 0.55769231 0.02223558 0.03786058
