0 0.42427885 0.42427885 0.01442308 0.03245192
0 0.57211538 0.72836538 0.04567308 0.05769231
0 0.73317308 0.54807692 0.02764423 0.05288462
0 0.77403846 0.68629808 0.03485577 0.05889423
0 0.58653846 0.85096154 0.02403846 0.04687500
0 0.41826923 0.84495192 0.03485577 0.05889423
0 0.52163462 0.43870192 0.03125000 0.04687500
0 0.34735577 0.72836538 0.03245192 0.05288462
0 0.41586538 0.73798077 0.01562500 0.02764423
0 0.34735577 0.57692308 0.03004808 0.04326923
0 0.31971154 0.59975962 0.02764423 0.05288462
0 0.38461538 0.64903846 0.01081731 0.02403846
0 0.43870192 0.33653846 0.02043269 0.04086538
0 0.34975962 0.66586538 0.03245192 0.04086538
0 0.52644231 0.48798077 0.02043269 0.03846154
0 0.73076923 0.36778846 0.01442308 0.03125000
0 0.72716346 0.33894231 0.01562500 0.02524038
0 0.88701923 0.40264423 0.02644231 0.03485577
0 0.79807692 0.16826923 0.02524038 0.04807692
0 0.31730769 0.35817308 0.01442308 0.03485577
0 0.39903846 0.30528846 0.02163462 0.03605769
0 0.94591346 0.06370192 0.02403846 0.04326923
0 0.94711538 0.15865385 0.03125000 0.04807692
0 0.89302885 0.19591346 0.03245192 0.05288462
0 0.50721154 0.19471154 0.03605769 0.06129808
0 0.41947115 0.22235577 0.03125000 0.05048077
0 0.96274038 0.10576923 0.02163462 0.02524038
0 0.96995192 0.13100962 0.02403846 0.03485577
0 0.50721154 0.40745192 0.02764423 0.03725962
0 0.47836538 0.57692308 0.03725962 0.07932692
0 0.54086538 0.24639423 0.02644231 0.05288462
0 0.44951923 0.69831731 0.03245192 0.03605769
0 0.38461538 0.79326923 0.02403846 0.04567308
0 0.58052885 0.11778846 0.02403846 0.03125000
0 0.42307692 0.32692308 0.02163462 0.03125000
0 0.54567308 0.29326923 0.02043269 0.03004808
0 0.62379808 0.46394231 0.01562500 0.03125000
0 0.27524038 0.14302885 0.02524038 0.04086538
0 0.63942308 0.41586538 0.02764423 0.04086538
0 0.66586538 0.41105769 0.02043269 0.03846154
