0 0.34615385 0.29326923 0.01923077 0.03786058
0 0.27764423 0.42307692 0.04927885 0.08233173
0 0.35937500 0.23076923 0.01682692 0.04326923
0 0.24879808 0.22475962 0.01622596 0.03665865
0 0.32211538 0.17548077 0.02824519 0.04387019
0 0.34975962 0.09735577 0.03305288 0.05288462
0 0.34134615 0.25000000 0.03365385 0.04387019
0 0.30168269 0.67307692 0.02584135 0.05408654
0 0.31971154 0.74158654 0.03305288 0.06550481
0 0.29687500 0.91826923 0.03485577 0.04627404
0 0.29567308 0.84615385 0.03004808 0.04867788
0 0.27163462 0.71514423 0.02463942 0.04807692
0 0.26201923 0.60937500 0.03906250 0.05408654
0 0.23317308 0.70312500 0.02223558 0.04086538
0 0.29206731 0.66947115 0.01923077 0.04086538
0 0.23317308 0.67427885 0.03846154 0.05829327
0 0.35096154 0.80649038 0.03365385 0.08413462
0 0.28846154 0.82572115 0.02463942 0.04146635
0 0.01682692 0.58052885 0.03365385 0.06490385
0 0.35576923 0.59014423 0.02403846 0.04927885
0 0.26201923 0.52644231 0.03786058 0.05528846
0 0.80288462 0.52764423 0.04507212 0.06250000
0 0.62860577 0.51562500 0.02944712 0.04627404
0 0.71995192 0.56490385 0.02824519 0.03485577
0 0.71153846 0.78365385 0.02043269 0.03245192
0 0.84855769 0.86899038 0.03485577 0.06009615
0 0.96153846 0.93990385 0.02403846 0.04026442
0 0.89663462 0.96634615 0.03605769 0.04567308
0 0.77043269 0.96033654 0.03485577 0.05709135
0 0.73918269 0.85456731 0.04507212 0.07031250
0 0.70673077 0.74399038 0.04507212 0.05829327
0 0.64062500 0.94230769 0.04387019 0.05468750
0 0.62019231 0.97596154 0.05288462 0.04807692
0 0.64543269 0.91586538 0.03725962 0.05468750
0 0.62500000 0.76201923 0.02944712 0.04867788
0 0.56129808 0.76322115 0.02704327 0.04026442
0 0.51802885 0.75120192 0.04927885 0.05889423
0 0.62860577 0.81250000 0.03185096 0.04206731
0 0.53125000 0.80288462 0.02884615 0.03906250
