0 0.41947115 0.43028846 0.01562500 0.03485577
0 0.57812500 0.72235577 0.04086538 0.05769231
0 0.73557692 0.55528846 0.02764423 0.05168269
0 0.77524038 0.68750000 0.03485577 0.05889423
0 0.58052885 0.83653846 0.02403846 0.04807692
0 0.44110577 0.82932692 0.04206731 0.05889423
0 0.52524038 0.43149038 0.03125000 0.04687500
0 0.35697115 0.70913462 0.03245192 0.05649038
0 0.41346154 0.73317308 0.01682692 0.03004808
0 0.35456731 0.54567308 0.03004808 0.04326923
0 0.31850962 0.62139423 0.03125000 0.05889423
0 0.38100962 0.64543269 0.01081731 0.02403846
0 0.43870192 0.34855769 0.03004808 0.03605769
0 0.35817308 0.65024038 0.03245192 0.04086538
0 0.51081731 0.48076923 0.02043269 0.03846154
0 0.74759615 0.37379808 0.01562500 0.03245192
0 0.74399038 0.35096154 0.01562500 0.02524038
0 0.88942308 0.40384615 0.02644231 0.03485577
0 0.78725962 0.17307692 0.02524038 0.04807692
0 0.32692308 0.35697115 0.01442308 0.03245192
0 0.39903846 0.30408654 0.02403846 0.03846154
0 0.94591346 0.06971154 0.02644231 0.04807692
0 0.94350962 0.15625000 0.03125000 0.05048077
0 0.89302885 0.19591346 0.03245192 0.05288462
0 0.51081731 0.19350962 0.03485577 0.05769231
0 0.42067308 0.22836538 0.03125000 0.05048077
0 0.96394231 0.10697115 0.02524038 0.02644231
0 0.96995192 0.12860577 0.02403846 0.03485577
0 0.51201923 0.40264423 0.03004808 0.03846154
0 0.48317308 0.58413462 0.03485577 0.07211538
0 0.54687500 0.24399038 0.02644231 0.05288462
0 0.45312500 0.69110577 0.03245192 0.03605769
0 0.39423077 0.78725962 0.02163462 0.04086538
0 0.58173077 0.11778846 0.02403846 0.03125000
0 0.41706731 0.35576923 0.02644231 0.03725962
0 0.55048077 0.29086538 0.02403846 0.03125000
0 0.63221154 0.45913462 0.02644231 0.02764423
0 0.27283654 0.11538462 0.02163462 0.03725962
0 0.63942308 0.41826923 0.03125000 0.04326923
0 0.66346154 0.41947115 0.02163462 0.03846154
