0 0.45552885 0.36778846 0.04687500 0.03846154
0 0.57331731 0.70432692 0.03846154 0.05528846
0 0.74399038 0.55528846 0.03605769 0.06610577
0 0.78725962 0.66826923 0.03485577 0.05889423
0 0.55889423 0.77764423 0.02403846 0.04687500
0 0.45673077 0.80048077 0.03485577 0.05048077
0 0.54086538 0.44951923 0.03125000 0.06610577
0 0.38461538 0.65865385 0.01682692 0.03846154
0 0.42187500 0.69110577 0.01562500 0.02764423
0 0.38100962 0.47475962 0.03725962 0.06370192
0 0.32692308 0.56730769 0.03846154 0.06971154
0 0.39783654 0.57692308 0.01081731 0.02524038
0 0.45673077 0.36177885 0.02524038 0.03125000
0 0.37379808 0.62620192 0.03125000 0.06730769
0 0.50360577 0.41947115 0.01923077 0.03725962
0 0.78725962 0.34495192 0.01442308 0.03125000
0 0.78966346 0.33413462 0.01923077 0.03004808
0 0.89543269 0.37139423 0.02644231 0.03485577
0 0.75240385 0.17548077 0.02403846 0.04567308
0 0.34855769 0.31129808 0.01562500 0.03725962
0 0.40024038 0.28966346 0.02403846 0.04206731
0 0.93389423 0.06850962 0.02644231 0.04807692
0 0.95072115 0.13100962 0.03125000 0.05048077
0 0.89663462 0.17788462 0.03245192 0.05528846
0 0.52764423 0.17908654 0.03605769 0.07211538
0 0.42548077 0.21754808 0.02403846 0.03725962
0 0.96514423 0.09014423 0.02403846 0.02524038
0 0.97596154 0.11899038 0.02403846 0.03485577
0 0.52403846 0.36538462 0.02403846 0.03125000
0 0.48557692 0.57451923 0.02764423 0.05168269
0 0.56370192 0.22596154 0.04086538 0.04807692
0 0.46514423 0.67067308 0.03485577 0.03846154
0 0.42307692 0.73076923 0.02644231 0.05048077
0 0.59254808 0.09615385 0.02644231 0.03605769
0 0.39663462 0.35697115 0.03004808 0.04086538
0 0.57211538 0.27644231 0.02043269 0.03004808
0 0.65745192 0.40625000 0.02163462 0.05168269
0 0.63461538 0.43870192 0.02524038 0.02644231
0 0.63461538 0.42307692 0.02403846 0.03485577
0 0.29567308 0.07692308 0.02163462 0.03605769
