0 0.24519231 0.02524038 0.01562500 0.03185096
0 0.40024038 0.34975962 0.04507212 0.05588942
0 0.41586538 0.48798077 0.02704327 0.04507212
0 0.22355769 0.47115385 0.03545673 0.06189904
0 0.34254808 0.07572115 0.03425481 0.04867788
0 0.15625000 0.35937500 0.04387019 0.06310096
0 0.23557692 0.37139423 0.01742788 0.02884615
0 0.15625000 0.21875000 0.02704327 0.04026442
0 0.14302885 0.19230769 0.02944712 0.05408654
0 0.19951923 0.28004808 0.01262019 0.02403846
0 0.15745192 0.30408654 0.03245192 0.03605769
0 0.37379808 0.07572115 0.02163462 0.03786058
0 0.32572115 0.03485577 0.03064904 0.04026442
0 0.29326923 0.20913462 0.04206731 0.05528846
0 0.26322115 0.32932692 0.03605769 0.03906250
0 0.18750000 0.42548077 0.02704327 0.04387019
0 0.44831731 0.08413462 0.01742788 0.03305288
0 0.46274038 0.03485577 0.03125000 0.04146635
0 0.48798077 0.02403846 0.02103365 0.03786058
0 0.70673077 0.29326923 0.03305288 0.04867788
0 0.95673077 0.27403846 0.03125000 0.05348558
0 0.97836538 0.34855769 0.03185096 0.04507212
0 0.68028846 0.31250000 0.02764423 0.04927885
0 0.66706731 0.46274038 0.02884615 0.03185096
0 0.74038462 0.25600962 0.03425481 0.05528846
0 0.61177885 0.13461538 0.03064904 0.04927885
0 0.60216346 0.22716346 0.02163462 0.03485577
0 0.54567308 0.06850962 0.03064904 0.04927885
0 0.60336538 0.07692308 0.01682692 0.03064904
0 0.64182692 0.00721154 0.01442308 0.01442308
0 0.58293269 0.09134615 0.03125000 0.07211538
0 0.67427885 0.08052885 0.02103365 0.04026442
0 0.76442308 0.04447115 0.01742788 0.04026442
0 0.80528846 0.02764423 0.02944712 0.02704327
0 0.79086538 0.03125000 0.02043269 0.04807692
0 0.74879808 0.01081731 0.02644231 0.02163462
0 0.68149038 0.21514423 0.02704327 0.04627404
0 0.63942308 0.28605769 0.02463942 0.04026442
0 0.65384615 0.33653846 0.03305288 0.05288462
0 0.14062500 0.85336538 0.03545673 0.05348558
0 0.37620192 0.86538462 0.03245192 0.05348558
0 0.35817308 0.96153846 0.03245192 0.04387019
0 0.13100962 0.89423077 0.02704327 0.05288462
0 0.18028846 0.89663462 0.02764423 0.04387019
0 0.05408654 0.68269231 0.02463942 0.03425481
0 0.04326923 0.86658654 0.03786058 0.07091346
0 0.03004808 0.77043269 0.01983173 0.04326923
0 0.02403846 0.62379808 0.01923077 0.03125000
0 0.01081731 0.62379808 0.02163462 0.03125000
0 0.04447115 0.81129808 0.02343750 0.05949519
0 0.09014423 0.62139423 0.02163462 0.02644231
0 0.17788462 0.61899038 0.01923077 0.02163462
0 0.10456731 0.79447115 0.03786058 0.05228365
