0 0.42668269 0.37139423 0.04807692 0.04206731
0 0.56730769 0.69591346 0.04687500 0.06610577
0 0.74879808 0.54567308 0.03245192 0.05769231
0 0.79567308 0.65504808 0.04687500 0.06730769
0 0.55168269 0.73918269 0.02163462 0.04326923
0 0.50000000 0.77524038 0.03485577 0.05048077
0 0.54807692 0.45913462 0.02764423 0.05889423
0 0.40504808 0.63100962 0.01682692 0.03846154
0 0.43149038 0.65264423 0.01923077 0.03245192
0 0.39543269 0.42307692 0.02764423 0.04687500
0 0.33413462 0.53245192 0.04206731 0.07692308
0 0.42187500 0.51682692 0.01201923 0.02524038
0 0.46754808 0.37379808 0.02524038 0.03125000
0 0.38581731 0.57091346 0.03004808 0.06610577
0 0.49879808 0.44711538 0.01923077 0.03725962
0 0.80288462 0.34495192 0.01562500 0.03485577
0 0.80889423 0.30889423 0.01923077 0.03125000
0 0.89182692 0.35576923 0.02524038 0.03245192
0 0.72836538 0.18629808 0.02403846 0.04567308
0 0.36057692 0.28125000 0.01562500 0.03725962
0 0.39903846 0.27524038 0.02524038 0.04206731
0 0.91826923 0.07451923 0.02644231 0.04807692
0 0.95192308 0.11899038 0.03125000 0.04807692
0 0.89783654 0.16826923 0.03245192 0.05528846
0 0.53966346 0.17187500 0.03245192 0.06610577
0 0.42548077 0.20793269 0.02163462 0.03245192
0 0.97235577 0.08653846 0.02403846 0.02524038
0 0.97716346 0.11418269 0.02524038 0.03725962
0 0.52884615 0.35096154 0.02043269 0.02764423
0 0.48437500 0.56129808 0.02764423 0.05168269
0 0.57211538 0.21033654 0.04086538 0.04807692
0 0.46754808 0.65865385 0.03605769 0.04086538
0 0.43028846 0.69110577 0.02403846 0.04326923
0 0.59855769 0.08774038 0.02644231 0.03605769
0 0.37860577 0.31971154 0.02524038 0.03485577
0 0.59495192 0.25600962 0.02043269 0.02764423
0 0.65985577 0.38701923 0.02043269 0.04567308
0 0.63100962 0.42548077 0.02644231 0.02764423
0 0.59975962 0.41105769 0.02764423 0.04567308
0 0.31250000 0.06250000 0.02644231 0.04567308
