0 0.26802885 0.25000000 0.01742788 0.03966346
0 0.37259615 0.29206731 0.03365385 0.07451923
0 0.21274038 0.53966346 0.02163462 0.01682692
0 0.20552885 0.36658654 0.04747596 0.07632212
0 0.15745192 0.46514423 0.03064904 0.05528846
0 0.21754808 0.48918269 0.01442308 0.02644231
0 0.28605769 0.20072115 0.02944712 0.03605769
0 0.20192308 0.50240385 0.03425481 0.04326923
0 0.34134615 0.31250000 0.02704327 0.04807692
0 0.17187500 0.18629808 0.01442308 0.03545673
0 0.23918269 0.14543269 0.02403846 0.04086538
0 0.36538462 0.03004808 0.03846154 0.06009615
0 0.26562500 0.06610577 0.03425481 0.05048077
0 0.36778846 0.24038462 0.03064904 0.03846154
0 0.32812500 0.45192308 0.03425481 0.05588942
0 0.29927885 0.53365385 0.04086538 0.02884615
0 0.25240385 0.22836538 0.03365385 0.04627404
0 0.97836538 0.33533654 0.01562500 0.03605769
0 0.96394231 0.37139423 0.02403846 0.02524038
0 0.91466346 0.33293269 0.02884615 0.04266827
0 0.94110577 0.06250000 0.01862981 0.03245192
0 0.92307692 0.04807692 0.02343750 0.04387019
0 0.88942308 0.09615385 0.02163462 0.04807692
0 0.89663462 0.15144231 0.04326923 0.05288462
0 0.69831731 0.06250000 0.02343750 0.03786058
0 0.64182692 0.04807692 0.03846154 0.08713942
0 0.55889423 0.02403846 0.03605769 0.04807692
0 0.45913462 0.16466346 0.01923077 0.03064904
0 0.55889423 0.19110577 0.02103365 0.03665865
0 0.51923077 0.14663462 0.02163462 0.04687500
0 0.56850962 0.14543269 0.02283654 0.03665865
0 0.57692308 0.16947115 0.02764423 0.04927885
0 0.61538462 0.15625000 0.02043269 0.04927885
0 0.61778846 0.13100962 0.03906250 0.06189904
0 0.61658654 0.25480769 0.03665865 0.06911058
0 0.70072115 0.22115385 0.02644231 0.03485577
0 0.45072115 0.26081731 0.02644231 0.04206731
0 0.54086538 0.34375000 0.02403846 0.03305288
0 0.59134615 0.48197115 0.02764423 0.03665865
0 0.53966346 0.51322115 0.03605769 0.06971154
0 0.43269231 0.49879808 0.03786058 0.06009615
0 0.39663462 0.52764423 0.01442308 0.03605769
0 0.40144231 0.53245192 0.02403846 0.03125000
0 0.02764423 0.89423077 0.04567308 0.06490385
0 0.22956731 0.75721154 0.03545673 0.05889423
0 0.27524038 0.85937500 0.04867788 0.06670673
0 0.00721154 0.93870192 0.01442308 0.04567308
0 0.01682692 0.69110577 0.02644231 0.05528846
0 0.29687500 0.55528846 0.02163462 0.01442308
0 0.37740385 0.55288462 0.02403846 0.00961538
0 0.00961538 0.55528846 0.01923077 0.01442308
0 0.13341346 0.57932692 0.02524038 0.04987981
0 0.09254808 0.60817308 0.01923077 0.02944712
0 0.04086538 0.63942308 0.03605769 0.05108173
