0 0.39903846 0.40985577 0.04807692 0.01682692
0 0.21514423 0.27043269 0.04447115 0.07271635
0 0.16586538 0.38822115 0.03846154 0.06009615
0 0.42067308 0.15504808 0.01442308 0.06971154
0 0.16586538 0.04206731 0.01923077 0.03605769
0 0.16346154 0.02884615 0.02343750 0.03425481
0 0.05168269 0.06850962 0.03125000 0.03906250
0 0.30889423 0.10336538 0.02644231 0.05408654
0 0.33293269 0.14302885 0.02764423 0.02884615
0 0.33653846 0.12139423 0.02704327 0.04206731
0 0.49639423 0.14783654 0.01923077 0.04146635
0 0.65865385 0.67548077 0.03485577 0.05288462
0 0.68750000 0.70673077 0.03125000 0.05528846
0 0.70192308 0.85817308 0.02944712 0.03365385
0 0.61778846 0.64543269 0.03305288 0.05528846
0 0.75721154 0.49519231 0.02463942 0.03485577
0 0.76442308 0.60697115 0.01622596 0.03605769
0 0.82812500 0.43629808 0.03125000 0.03605769
0 0.76322115 0.43269231 0.01682692 0.02884615
0 0.78004808 0.44110577 0.02343750 0.04086538
0 0.69831731 0.43870192 0.02103365 0.04086538
0 0.59735577 0.43028846 0.02163462 0.02403846
0 0.68028846 0.60216346 0.02463942 0.04987981
0 0.73677885 0.67067308 0.03665865 0.06550481
0 0.71875000 0.73076923 0.03485577 0.05528846
