0 0.31730769 0.27644231 0.01502404 0.03365385
0 0.40384615 0.33052885 0.00961538 0.05528846
0 0.22235577 0.61298077 0.03605769 0.03365385
0 0.30649038 0.62620192 0.01682692 0.00721154
0 0.22596154 0.47596154 0.02884615 0.04387019
0 0.21033654 0.45793269 0.03125000 0.05649038
0 0.27043269 0.54326923 0.01442308 0.02463942
0 0.32211538 0.19230769 0.02043269 0.04326923
0 0.22596154 0.56490385 0.03425481 0.03906250
0 0.19230769 0.21995192 0.01622596 0.03365385
0 0.28725962 0.17307692 0.02944712 0.04387019
0 0.39302885 0.04807692 0.03125000 0.06250000
0 0.31250000 0.06250000 0.03425481 0.05228365
0 0.39543269 0.28605769 0.02644231 0.04326923
0 0.36778846 0.47115385 0.04807692 0.05769231
0 0.33653846 0.59855769 0.03485577 0.03846154
0 0.33052885 0.16826923 0.02824519 0.03485577
0 0.15024038 0.02163462 0.03125000 0.04326923
0 0.67668269 0.40384615 0.02163462 0.02824519
0 0.39423077 0.72235577 0.02524038 0.03485577
0 0.39182692 0.93389423 0.03365385 0.07932692
0 0.37740385 0.81971154 0.01923077 0.04266827
0 0.37139423 0.65865385 0.01622596 0.03365385
0 0.36177885 0.66105769 0.02403846 0.03425481
0 0.39423077 0.87740385 0.02884615 0.06250000
