0 0.40384615 0.14663462 0.01622596 0.03365385
0 0.56850962 0.45072115 0.05048077 0.01682692
0 0.50841346 0.17187500 0.03725962 0.05348558
0 0.31490385 0.31730769 0.03425481 0.04807692
0 0.28966346 0.33533654 0.03485577 0.05889423
0 0.36057692 0.39182692 0.01322115 0.02463942
0 0.41346154 0.05408654 0.02524038 0.04807692
0 0.31610577 0.41466346 0.03305288 0.04146635
0 0.51923077 0.21274038 0.02163462 0.04146635
0 0.28245192 0.07331731 0.01622596 0.03605769
0 0.37379808 0.01923077 0.02644231 0.03846154
0 0.49278846 0.13581731 0.03605769 0.04326923
0 0.45793269 0.32932692 0.04086538 0.05709135
0 0.43028846 0.44350962 0.03365385 0.03125000
0 0.40024038 0.03605769 0.02764423 0.03605769
0 0.53245192 0.01081731 0.02163462 0.02163462
0 0.65985577 0.00721154 0.02644231 0.01442308
0 0.19951923 0.70552885 0.01682692 0.04507212
0 0.35817308 0.98798077 0.03365385 0.02403846
0 0.22475962 0.86538462 0.02824519 0.03906250
0 0.21153846 0.97235577 0.01622596 0.03605769
0 0.22355769 0.70312500 0.02524038 0.04086538
0 0.14903846 0.80528846 0.03125000 0.05348558
0 0.21514423 0.79927885 0.01862981 0.03305288
0 0.25480769 0.73197115 0.01382212 0.03185096
0 0.19350962 0.82812500 0.02524038 0.04807692
0 0.10817308 0.55889423 0.04026442 0.04627404
0 0.28725962 0.80889423 0.02524038 0.04266827
0 0.38461538 0.78365385 0.01923077 0.04266827
0 0.42668269 0.76201923 0.03185096 0.02884615
0 0.38461538 0.58894231 0.02944712 0.04927885
0 0.17908654 0.62379808 0.02043269 0.04266827
0 0.20432692 0.62379808 0.03125000 0.04927885
0 0.40985577 0.76322115 0.02644231 0.05408654
0 0.35216346 0.52163462 0.03185096 0.06370192
0 0.40264423 0.50480769 0.02764423 0.04086538
0 0.20913462 0.52644231 0.01923077 0.03245192
0 0.37259615 0.74038462 0.02824519 0.03605769
0 0.30168269 0.96394231 0.02704327 0.04807692
0 0.39302885 0.52163462 0.02283654 0.04326923
0 0.40745192 0.46033654 0.02163462 0.00240385
0 0.12860577 0.60456731 0.02163462 0.02824519
