0 0.22836538 0.20793269 0.01622596 0.03365385
0 0.04927885 0.55889423 0.05048077 0.06009615
0 0.13461538 0.23437500 0.03545673 0.04927885
0 0.31009615 0.56009615 0.03365385 0.05769231
0 0.22956731 0.57211538 0.02163462 0.03365385
0 0.31009615 0.43269231 0.02764423 0.04266827
0 0.32812500 0.37139423 0.03004808 0.05228365
0 0.28125000 0.47115385 0.01201923 0.02463942
0 0.22475962 0.15745192 0.02343750 0.04206731
0 0.31009615 0.51923077 0.02704327 0.03064904
0 0.09975962 0.29086538 0.02223558 0.03966346
0 0.36538462 0.14903846 0.01622596 0.03305288
0 0.24519231 0.11538462 0.03245192 0.04867788
0 0.13461538 0.01442308 0.04326923 0.02884615
0 0.22475962 0.01201923 0.03125000 0.02403846
0 0.05649038 0.23557692 0.03906250 0.04987981
0 0.16826923 0.41346154 0.03846154 0.05408654
0 0.09975962 0.05769231 0.03665865 0.04326923
0 0.19711538 0.54206731 0.03786058 0.04146635
0 0.20552885 0.13701923 0.03245192 0.04206731
0 0.10576923 0.08774038 0.02524038 0.03185096
0 0.00480769 0.28125000 0.00961538 0.03365385
0 0.39423077 0.01322115 0.03365385 0.02644231
0 0.67307692 0.11298077 0.00961538 0.04326923
0 0.68750000 0.57331731 0.03365385 0.03125000
0 0.68028846 0.51081731 0.02403846 0.04086538
0 0.68509615 0.37019231 0.02764423 0.04387019
0 0.73317308 0.38942308 0.02403846 0.03485577
0 0.79807692 0.35456731 0.04206731 0.04987981
0 0.70552885 0.42187500 0.03245192 0.07091346
0 0.78725962 0.40024038 0.03004808 0.04206731
0 0.96274038 0.16947115 0.04567308 0.09014423
0 0.28365385 0.76322115 0.01682692 0.04146635
0 0.26322115 0.89062500 0.02403846 0.03365385
0 0.27524038 0.99639423 0.01682692 0.00721154
0 0.26442308 0.75600962 0.02283654 0.04086538
0 0.33774038 0.80889423 0.03245192 0.05168269
0 0.27884615 0.83894231 0.01742788 0.03305288
0 0.24759615 0.78365385 0.01502404 0.03365385
0 0.29086538 0.84375000 0.02103365 0.03545673
0 0.41586538 0.63581731 0.03725962 0.07151442
0 0.21875000 0.84495192 0.02223558 0.04086538
0 0.37740385 0.63221154 0.02524038 0.03846154
0 0.11538462 0.84014423 0.02223558 0.04266827
0 0.07091346 0.81009615 0.03305288 0.03125000
0 0.14663462 0.63221154 0.02403846 0.04387019
0 0.30288462 0.66947115 0.01983173 0.04326923
0 0.27644231 0.66586538 0.02704327 0.04447115
0 0.09375000 0.81250000 0.02163462 0.03846154
0 0.09375000 0.59495192 0.02403846 0.01201923
0 0.11418269 0.75360577 0.03004808 0.03966346
0 0.09975962 0.60216346 0.02163462 0.02644231
