0 0.43509615 0.18629808 0.05228365 0.06850962
0 0.62740385 0.02524038 0.03846154 0.05048077
0 0.67427885 0.13822115 0.03125000 0.06490385
0 0.41947115 0.24519231 0.02764423 0.04927885
0 0.34615385 0.26682692 0.03906250 0.05108173
0 0.23557692 0.12500000 0.02043269 0.04026442
0 0.27644231 0.15985577 0.02163462 0.03305288
0 0.17067308 0.02524038 0.03846154 0.05048077
0 0.25841346 0.01081731 0.01201923 0.02163462
0 0.22235577 0.07692308 0.04026442 0.07752404
0 0.34254808 0.03725962 0.03605769 0.05829327
0 0.32091346 0.14543269 0.04026442 0.04567308
0 0.27764423 0.20072115 0.02944712 0.05228365
0 0.84375000 0.19471154 0.04146635 0.06911058
0 0.88822115 0.32451923 0.04146635 0.06911058
0 0.72956731 0.07812500 0.03245192 0.03305288
0 0.75360577 0.03245192 0.02223558 0.04026442
0 0.73197115 0.05048077 0.03485577 0.04627404
0 0.34615385 0.48557692 0.01802885 0.04326923
0 0.44711538 0.74158654 0.04266827 0.06189904
0 0.68509615 0.75480769 0.00961538 0.06250000
0 0.65865385 0.84134615 0.03365385 0.04387019
0 0.44951923 0.79086538 0.03185096 0.05829327
0 0.38341346 0.93149038 0.04687500 0.04687500
0 0.48677885 0.79927885 0.02824519 0.04627404
0 0.35216346 0.56971154 0.02644231 0.03545673
0 0.33413462 0.73557692 0.03245192 0.04146635
0 0.32692308 0.65745192 0.03185096 0.04867788
0 0.32211538 0.47115385 0.02884615 0.04326923
0 0.30649038 0.50480769 0.02283654 0.03906250
0 0.34375000 0.48076923 0.02163462 0.04326923
0 0.30288462 0.49399038 0.02764423 0.03725962
0 0.40985577 0.67548077 0.04987981 0.07932692
0 0.34254808 0.67548077 0.02343750 0.03786058
0 0.11778846 0.45913462 0.02884615 0.01923077
0 0.39062500 0.48076923 0.02704327 0.04507212
0 0.47596154 0.47115385 0.02403846 0.04326923
0 0.49639423 0.45793269 0.02644231 0.01682692
