0 0.46754808 0.49158654 0.04507212 0.06730769
0 0.46514423 0.37860577 0.03185096 0.04567308
0 0.44110577 0.26923077 0.03365385 0.05949519
0 0.49399038 0.41346154 0.01201923 0.04326923
0 0.45552885 0.45192308 0.03004808 0.03545673
0 0.43149038 0.07932692 0.02223558 0.04326923
0 0.49038462 0.56730769 0.01923077 0.05769231
0 0.60697115 0.29687500 0.03365385 0.07031250
0 0.69471154 0.12379808 0.02944712 0.05288462
0 0.77644231 0.24399038 0.02884615 0.05649038
0 0.75841346 0.42427885 0.02043269 0.04206731
0 0.50360577 0.51802885 0.00721154 0.03125000
0 0.54567308 0.29807692 0.02343750 0.03725962
0 0.68870192 0.35937500 0.02944712 0.05108173
0 0.61538462 0.37740385 0.03545673 0.04026442
0 0.68990385 0.22596154 0.01802885 0.03725962
0 0.52524038 0.50360577 0.02403846 0.03665865
0 0.51322115 0.39423077 0.02644231 0.03365385
0 0.74639423 0.36057692 0.03125000 0.04447115
0 0.50480769 0.12019231 0.00961538 0.04326923
0 0.61177885 0.28125000 0.01622596 0.02824519
