0 0.41947115 0.36778846 0.04687500 0.04086538
0 0.56850962 0.68870192 0.04326923 0.06250000
0 0.74879808 0.54086538 0.03245192 0.05769231
0 0.79927885 0.64903846 0.04687500 0.06730769
0 0.55288462 0.73197115 0.02163462 0.04326923
0 0.49399038 0.77764423 0.03245192 0.04807692
0 0.55048077 0.46274038 0.02644231 0.05649038
0 0.41225962 0.62379808 0.01923077 0.03846154
0 0.43149038 0.64543269 0.01923077 0.03485577
0 0.40024038 0.40745192 0.02644231 0.04567308
0 0.34014423 0.51923077 0.04326923 0.07932692
0 0.42307692 0.50600962 0.01201923 0.02524038
0 0.47475962 0.36418269 0.02644231 0.03125000
0 0.38942308 0.56610577 0.03004808 0.06610577
0 0.49879808 0.45913462 0.02043269 0.03846154
0 0.80889423 0.34134615 0.01562500 0.03485577
0 0.81490385 0.30769231 0.01923077 0.03125000
0 0.89423077 0.35096154 0.02524038 0.03245192
0 0.72475962 0.18629808 0.02403846 0.04567308
0 0.36298077 0.27403846 0.01562500 0.04086538
0 0.39903846 0.27403846 0.02524038 0.04206731
0 0.91706731 0.08173077 0.02644231 0.04807692
0 0.95312500 0.10576923 0.03125000 0.05048077
0 0.89903846 0.16466346 0.03245192 0.05288462
0 0.54567308 0.16586538 0.03245192 0.06610577
0 0.42427885 0.20432692 0.02163462 0.03245192
0 0.97355769 0.08173077 0.02403846 0.02524038
0 0.97836538 0.10937500 0.02524038 0.03725962
0 0.53725962 0.35336538 0.02043269 0.02764423
0 0.48677885 0.55649038 0.02764423 0.05168269
0 0.57451923 0.20552885 0.03846154 0.04807692
0 0.46875000 0.65625000 0.03725962 0.04326923
0 0.42908654 0.68629808 0.02644231 0.05048077
0 0.60336538 0.08293269 0.02524038 0.03485577
0 0.37620192 0.31850962 0.02403846 0.03485577
0 0.59975962 0.25600962 0.02043269 0.02764423
0 0.66105769 0.38581731 0.02043269 0.04567308
0 0.63100962 0.41826923 0.02644231 0.02764423
0 0.59134615 0.40745192 0.03004808 0.04687500
0 0.31490385 0.05649038 0.02403846 0.04206731
