0 0.42548077 0.42427885 0.01442308 0.03125000
0 0.57812500 0.72475962 0.04567308 0.05769231
0 0.73197115 0.54687500 0.02764423 0.05288462
0 0.77403846 0.68870192 0.03605769 0.06250000
0 0.59014423 0.85216346 0.02403846 0.04687500
0 0.41706731 0.84495192 0.03485577 0.05889423
0 0.51682692 0.44350962 0.03125000 0.04687500
0 0.34495192 0.73197115 0.03125000 0.05288462
0 0.41586538 0.74038462 0.01562500 0.02764423
0 0.34254808 0.58293269 0.03004808 0.04326923
0 0.32331731 0.59254808 0.02644231 0.05168269
0 0.38461538 0.65024038 0.01081731 0.02403846
0 0.43389423 0.33653846 0.02163462 0.04326923
0 0.34615385 0.66826923 0.03125000 0.03846154
0 0.53365385 0.48317308 0.02043269 0.03846154
0 0.72235577 0.36418269 0.01201923 0.03004808
0 0.71995192 0.33413462 0.01562500 0.02524038
0 0.88461538 0.39903846 0.02644231 0.03485577
0 0.80408654 0.16586538 0.02524038 0.04807692
0 0.31370192 0.35576923 0.01442308 0.03485577
0 0.39783654 0.30649038 0.02163462 0.03605769
0 0.94471154 0.06370192 0.02403846 0.04206731
0 0.94711538 0.15985577 0.03125000 0.04807692
0 0.89182692 0.19591346 0.03245192 0.05288462
0 0.50600962 0.19471154 0.03605769 0.06129808
0 0.41947115 0.21875000 0.03245192 0.05288462
0 0.96274038 0.10817308 0.02163462 0.02524038
0 0.96875000 0.13100962 0.02403846 0.03485577
0 0.50480769 0.41706731 0.02764423 0.03725962
0 0.47596154 0.59014423 0.03725962 0.05168269
0 0.54086538 0.24639423 0.02644231 0.05288462
0 0.44831731 0.70552885 0.03004808 0.03485577
0 0.38100962 0.79807692 0.02163462 0.04326923
0 0.57932692 0.11778846 0.02403846 0.03125000
0 0.42548077 0.31490385 0.02163462 0.03125000
0 0.54447115 0.29807692 0.02043269 0.03004808
0 0.62379808 0.46274038 0.01682692 0.03125000
0 0.27764423 0.15264423 0.02644231 0.04086538
0 0.63942308 0.41346154 0.02644231 0.03846154
0 0.66586538 0.40985577 0.02043269 0.03605769
