0 0.42548077 0.42427885 0.01442308 0.03125000
0 0.57812500 0.72475962 0.04567308 0.05769231
0 0.73317308 0.54687500 0.02764423 0.05288462
0 0.77283654 0.68629808 0.03485577 0.05889423
0 0.58894231 0.85096154 0.02403846 0.04687500
0 0.41706731 0.84375000 0.03485577 0.05889423
0 0.52163462 0.44711538 0.03125000 0.04687500
0 0.34735577 0.72836538 0.03125000 0.05288462
0 0.41586538 0.74038462 0.01562500 0.02764423
0 0.34495192 0.58052885 0.03004808 0.04326923
0 0.32091346 0.59615385 0.02764423 0.05288462
0 0.38581731 0.64783654 0.01081731 0.02403846
0 0.43389423 0.33894231 0.02163462 0.04326923
0 0.34495192 0.66826923 0.03004808 0.03605769
0 0.53245192 0.48437500 0.02043269 0.03846154
0 0.72596154 0.36538462 0.01442308 0.03125000
0 0.72355769 0.33413462 0.01562500 0.02524038
0 0.88461538 0.40144231 0.02644231 0.03485577
0 0.80288462 0.16466346 0.02524038 0.04807692
0 0.31490385 0.35697115 0.01442308 0.03245192
0 0.39903846 0.30528846 0.02163462 0.03605769
0 0.94471154 0.06370192 0.02403846 0.04206731
0 0.94591346 0.15985577 0.03125000 0.04807692
0 0.89302885 0.19711538 0.03245192 0.05528846
0 0.50721154 0.19471154 0.03605769 0.06129808
0 0.41947115 0.22115385 0.03245192 0.05288462
0 0.96274038 0.10576923 0.02163462 0.02524038
0 0.96875000 0.13100962 0.02403846 0.03485577
0 0.50721154 0.41346154 0.02764423 0.03725962
0 0.47596154 0.59014423 0.03725962 0.05168269
0 0.54086538 0.24639423 0.02644231 0.05288462
0 0.44951923 0.70072115 0.03125000 0.03605769
0 0.38581731 0.79326923 0.02403846 0.04567308
0 0.58052885 0.11658654 0.02403846 0.03125000
0 0.42307692 0.32211538 0.02163462 0.03125000
0 0.54567308 0.29567308 0.02043269 0.03004808
0 0.62379808 0.46394231 0.01682692 0.03125000
0 0.27764423 0.15024038 0.02644231 0.04086538
0 0.63942308 0.41586538 0.02644231 0.03846154
0 0.66586538 0.40985577 0.02043269 0.03725962
