0 0.26081731 0.30649038 0.04507212 0.06550481
0 0.09134615 0.11778846 0.03245192 0.05889423
0 0.04687500 0.26923077 0.03786058 0.06370192
0 0.32091346 0.00841346 0.03605769 0.01682692
0 0.49879808 0.30408654 0.02163462 0.06009615
0 0.43870192 0.32091346 0.01802885 0.03125000
0 0.50000000 0.13341346 0.01923077 0.05048077
0 0.47115385 0.22596154 0.01081731 0.02463942
0 0.49879808 0.24399038 0.02163462 0.04567308
0 0.32572115 0.05048077 0.02403846 0.04387019
0 0.36658654 0.15144231 0.04026442 0.08173077
0 0.40144231 0.27524038 0.03786058 0.04146635
0 0.46995192 0.37620192 0.03185096 0.05228365
0 0.21033654 0.02524038 0.01682692 0.03365385
0 0.52163462 0.18629808 0.02403846 0.05108173
0 0.58052885 0.04206731 0.03846154 0.05048077
0 0.58894231 0.01201923 0.04326923 0.02403846
0 0.60817308 0.07692308 0.04627404 0.06430288
0 0.24759615 0.42067308 0.03365385 0.02403846
0 0.41826923 0.41466346 0.02884615 0.01201923
0 0.32932692 0.47355769 0.02704327 0.03846154
0 0.29687500 0.62860577 0.02944712 0.04146635
0 0.14903846 0.73918269 0.02884615 0.04807692
0 0.09014423 0.82451923 0.02403846 0.04086538
0 0.12740385 0.83052885 0.04026442 0.05709135
0 0.25600962 0.96274038 0.02463942 0.04146635
0 0.28004808 0.84495192 0.03245192 0.05709135
0 0.29086538 0.75961538 0.02644231 0.05709135
0 0.32932692 0.65384615 0.03245192 0.06911058
0 0.40504808 0.80649038 0.02403846 0.03365385
0 0.44350962 0.86899038 0.03425481 0.03786058
0 0.43389423 0.80048077 0.02584135 0.03906250
0 0.43870192 0.65504808 0.02704327 0.04627404
0 0.48798077 0.67788462 0.02043269 0.03365385
0 0.45793269 0.70793269 0.03786058 0.07451923
