0 0.43028846 0.40745192 0.01442308 0.03125000
0 0.57932692 0.72475962 0.04326923 0.05528846
0 0.73557692 0.53846154 0.03245192 0.05889423
0 0.77644231 0.69350962 0.04206731 0.07331731
0 0.59495192 0.85817308 0.02163462 0.04326923
0 0.40985577 0.84014423 0.03485577 0.05889423
0 0.52403846 0.45913462 0.03125000 0.04687500
0 0.34254808 0.73557692 0.03245192 0.05649038
0 0.41947115 0.74399038 0.01562500 0.02764423
0 0.34495192 0.59254808 0.02524038 0.03846154
0 0.32932692 0.57692308 0.02644231 0.05168269
0 0.38461538 0.65504808 0.01081731 0.02403846
0 0.43389423 0.32932692 0.02043269 0.04086538
0 0.34495192 0.67668269 0.03004808 0.03485577
0 0.55168269 0.46274038 0.01923077 0.03605769
0 0.70793269 0.35576923 0.01442308 0.03125000
0 0.70913462 0.32572115 0.01562500 0.02524038
0 0.89182692 0.39062500 0.02644231 0.03485577
0 0.81610577 0.15865385 0.02524038 0.04807692
0 0.31370192 0.35456731 0.01442308 0.03125000
0 0.40144231 0.31129808 0.02403846 0.03846154
0 0.94831731 0.06370192 0.02163462 0.04086538
0 0.94951923 0.16346154 0.03125000 0.05048077
0 0.89423077 0.19591346 0.03245192 0.05288462
0 0.50721154 0.19591346 0.03485577 0.05649038
0 0.42548077 0.20913462 0.03004808 0.04807692
0 0.96754808 0.11057692 0.02403846 0.02524038
0 0.97235577 0.12980769 0.02524038 0.03725962
0 0.50721154 0.41706731 0.03125000 0.04086538
0 0.47596154 0.58774038 0.03725962 0.05168269
0 0.53966346 0.25120192 0.02644231 0.05288462
0 0.44711538 0.70793269 0.03125000 0.03605769
0 0.37500000 0.80048077 0.02043269 0.03846154
0 0.57932692 0.11899038 0.02403846 0.03125000
0 0.44110577 0.30649038 0.02403846 0.03125000
0 0.54326923 0.29807692 0.02043269 0.02764423
0 0.62740385 0.46514423 0.01682692 0.03125000
0 0.27524038 0.16947115 0.02644231 0.04206731
0 0.64182692 0.41706731 0.02764423 0.04086538
0 0.66706731 0.40745192 0.02043269 0.03605769
