0 0.33894231 0.18389423 0.05348558 0.04447115
0 0.02043269 0.38341346 0.04086538 0.07451923
0 0.24639423 0.26201923 0.04206731 0.07872596
0 0.41586538 0.49759615 0.02403846 0.04326923
0 0.42067308 0.30048077 0.04567308 0.07391827
0 0.48076923 0.40144231 0.05048077 0.08052885
0 0.40504808 0.41225962 0.01442308 0.02584135
0 0.33653846 0.18028846 0.03064904 0.03665865
0 0.42548077 0.46754808 0.03786058 0.07512019
0 0.28485577 0.23918269 0.02103365 0.04086538
0 0.45673077 0.11778846 0.01862981 0.03906250
0 0.40024038 0.09254808 0.02944712 0.04747596
0 0.37019231 0.01682692 0.02884615 0.03365385
0 0.26201923 0.17548077 0.02584135 0.03425481
0 0.30528846 0.40504808 0.03004808 0.05588942
0 0.21875000 0.02403846 0.04807692 0.04807692
0 0.32572115 0.50000000 0.04086538 0.03846154
0 0.40024038 0.17067308 0.03545673 0.04627404
0 0.21274038 0.07932692 0.02463942 0.03425481
0 0.11298077 0.22836538 0.02463942 0.05829327
0 0.14062500 0.25841346 0.02704327 0.02884615
0 0.14062500 0.24278846 0.02343750 0.03786058
0 0.68509615 0.13221154 0.02223558 0.03425481
0 0.69350962 0.22596154 0.02704327 0.04447115
0 0.71153846 0.48076923 0.02463942 0.04807692
0 0.76322115 0.50360577 0.02644231 0.03125000
0 0.82932692 0.47355769 0.04687500 0.05588942
0 0.72475962 0.50961538 0.03605769 0.01923077
0 0.80769231 0.50600962 0.02884615 0.02644231
0 0.98918269 0.29447115 0.02163462 0.08413462
