0 0.40264423 0.31730769 0.01562500 0.03425481
0 0.50480769 0.33293269 0.03786058 0.05228365
0 0.32331731 0.47716346 0.03245192 0.04567308
0 0.29447115 0.50120192 0.02884615 0.05528846
0 0.36177885 0.55288462 0.01322115 0.02403846
0 0.41826923 0.22596154 0.02163462 0.04266827
0 0.32451923 0.56850962 0.03846154 0.04086538
0 0.50961538 0.38461538 0.02163462 0.04206731
0 0.29086538 0.24879808 0.01442308 0.03605769
0 0.37620192 0.19230769 0.02584135 0.03906250
0 0.49038462 0.07812500 0.03906250 0.06430288
0 0.39783654 0.10697115 0.03425481 0.05408654
0 0.48918269 0.29927885 0.03004808 0.04146635
0 0.45913462 0.47596154 0.04387019 0.08353365
0 0.52524038 0.13100962 0.03185096 0.05649038
0 0.56610577 0.00600962 0.02644231 0.01201923
0 0.40144231 0.21514423 0.02343750 0.03185096
0 0.53004808 0.18028846 0.02283654 0.03125000
0 0.24759615 0.02283654 0.02884615 0.04266827
0 0.69951923 0.06610577 0.02163462 0.05048077
0 0.81971154 0.24399038 0.05168269 0.06490385
0 0.95673077 0.35096154 0.04567308 0.06009615
0 0.79927885 0.36538462 0.03185096 0.05769231
0 0.73677885 0.44471154 0.02403846 0.04747596
0 0.82331731 0.32091346 0.02644231 0.04627404
0 0.71634615 0.13221154 0.02884615 0.06129808
0 0.69471154 0.30048077 0.02884615 0.04266827
0 0.69350962 0.23197115 0.02824519 0.04747596
0 0.67067308 0.10576923 0.02524038 0.04687500
0 0.66105769 0.01442308 0.03846154 0.02884615
0 0.63461538 0.09495192 0.02043269 0.04026442
0 0.68990385 0.06250000 0.01923077 0.03906250
0 0.63461538 0.06610577 0.03665865 0.05588942
0 0.75961538 0.19471154 0.05769231 0.08112981
0 0.68750000 0.21153846 0.02403846 0.03966346
0 0.75120192 0.00480769 0.02644231 0.00961538
0 0.80769231 0.01442308 0.02403846 0.02884615
0 0.50480769 0.71634615 0.03725962 0.05649038
0 0.47596154 0.72716346 0.02283654 0.04507212
0 0.45192308 0.86057692 0.03665865 0.03966346
0 0.52283654 0.61538462 0.04086538 0.05288462
0 0.38701923 0.65745192 0.02644231 0.04627404
0 0.46875000 0.61778846 0.02764423 0.04507212
0 0.43269231 0.70552885 0.02764423 0.04687500
0 0.42788462 0.75240385 0.03786058 0.06009615
