0 0.21754808 0.27163462 0.05649038 0.07512019
0 0.02043269 0.10817308 0.03605769 0.06250000
0 0.23437500 0.31850962 0.02764423 0.04747596
0 0.28966346 0.35817308 0.04146635 0.05588942
0 0.23677885 0.02403846 0.03605769 0.04807692
0 0.39302885 0.20192308 0.02403846 0.04387019
0 0.36418269 0.22475962 0.02103365 0.03605769
0 0.46995192 0.09495192 0.05288462 0.08593750
0 0.37500000 0.07812500 0.01502404 0.02704327
0 0.41346154 0.13581731 0.03425481 0.07031250
0 0.29086538 0.01081731 0.02403846 0.02163462
0 0.30769231 0.12500000 0.03185096 0.05829327
0 0.32572115 0.23076923 0.04326923 0.04747596
0 0.36538462 0.26562500 0.02463942 0.04627404
0 0.61298077 0.29086538 0.03725962 0.05108173
0 0.71995192 0.15264423 0.02283654 0.04266827
0 0.68028846 0.18750000 0.01923077 0.03305288
0 0.78245192 0.04326923 0.04266827 0.07091346
0 0.69831731 0.04326923 0.01322115 0.02463942
0 0.73317308 0.10937500 0.03485577 0.07391827
0 0.61177885 0.06129808 0.03485577 0.05709135
0 0.63581731 0.17548077 0.03665865 0.04266827
0 0.67788462 0.22596154 0.02824519 0.04927885
0 0.10697115 0.97475962 0.02223558 0.04026442
0 0.60216346 0.46394231 0.02824519 0.04387019
0 0.60336538 0.88581731 0.02584135 0.03605769
0 0.61899038 0.93509615 0.04927885 0.07391827
0 0.59134615 0.86418269 0.02403846 0.05048077
0 0.61418269 0.71394231 0.03185096 0.04987981
0 0.66706731 0.71394231 0.02403846 0.03365385
0 0.72355769 0.70312500 0.04507212 0.05528846
0 0.62259615 0.77524038 0.04086538 0.07692308
0 0.70913462 0.75360577 0.03185096 0.03906250
0 0.90384615 0.54927885 0.04086538 0.05048077
