0 0.42668269 0.42307692 0.01442308 0.03004808
0 0.57572115 0.72475962 0.04567308 0.05769231
0 0.73317308 0.54567308 0.03125000 0.05649038
0 0.77403846 0.69110577 0.03846154 0.06610577
0 0.59134615 0.85576923 0.02163462 0.04326923
0 0.41225962 0.84375000 0.03485577 0.05889423
0 0.51322115 0.44110577 0.03245192 0.05048077
0 0.34254808 0.73317308 0.03125000 0.05288462
0 0.41706731 0.74399038 0.01682692 0.03004808
0 0.34134615 0.58293269 0.02764423 0.04206731
0 0.32692308 0.58894231 0.02644231 0.05168269
0 0.38221154 0.64903846 0.01081731 0.02403846
0 0.43750000 0.33894231 0.02163462 0.04567308
0 0.34254808 0.67427885 0.03004808 0.03605769
0 0.54086538 0.47475962 0.01923077 0.03725962
0 0.71394231 0.36057692 0.01201923 0.03004808
0 0.71514423 0.33052885 0.01562500 0.02524038
0 0.88461538 0.39663462 0.02644231 0.03485577
0 0.80889423 0.16105769 0.02524038 0.04807692
0 0.31129808 0.35817308 0.01442308 0.03485577
0 0.39903846 0.30889423 0.02163462 0.03605769
0 0.94471154 0.06370192 0.02163462 0.03846154
0 0.94591346 0.16346154 0.03125000 0.04807692
0 0.89182692 0.19591346 0.03245192 0.05288462
0 0.50600962 0.19591346 0.03605769 0.06129808
0 0.42067308 0.21394231 0.03245192 0.05288462
0 0.96274038 0.10937500 0.02163462 0.02524038
0 0.96875000 0.13100962 0.02524038 0.03725962
0 0.50600962 0.42427885 0.03004808 0.03846154
0 0.47475962 0.58774038 0.03725962 0.05168269
0 0.53846154 0.24759615 0.02644231 0.05288462
0 0.44711538 0.70913462 0.03245192 0.03605769
0 0.37620192 0.79927885 0.02163462 0.04086538
0 0.57812500 0.11899038 0.02403846 0.03125000
0 0.43389423 0.31610577 0.02403846 0.03125000
0 0.54206731 0.30048077 0.02043269 0.02764423
0 0.62379808 0.46514423 0.01682692 0.03125000
0 0.27644231 0.15985577 0.02644231 0.04206731
0 0.63822115 0.41586538 0.02764423 0.03846154
0 0.66346154 0.40985577 0.02043269 0.03605769
