0 0.14423077 0.27644231 0.05108173 0.06971154
0 0.33653846 0.11538462 0.03786058 0.06370192
0 0.37139423 0.23076923 0.01682692 0.07211538
0 0.12620192 0.32091346 0.02403846 0.04627404
0 0.06370192 0.37139423 0.03786058 0.05168269
0 0.12259615 0.02884615 0.03365385 0.05769231
0 0.00360577 0.22836538 0.00721154 0.03365385
0 0.07091346 0.02283654 0.02524038 0.04266827
0 0.05408654 0.13100962 0.03545673 0.05769231
0 0.03846154 0.23918269 0.04687500 0.04987981
0 0.00600962 0.26923077 0.01201923 0.05288462
0 0.53245192 0.34735577 0.02163462 0.04987981
0 0.53605769 0.31129808 0.02223558 0.04266827
0 0.48918269 0.11057692 0.02163462 0.04326923
0 0.20913462 0.57211538 0.05228365 0.04567308
0 0.35216346 0.91826923 0.05528846 0.07211538
0 0.33533654 0.96394231 0.02403846 0.04747596
0 0.27884615 0.98798077 0.03846154 0.02403846
0 0.33052885 0.66105769 0.03425481 0.06430288
0 0.17427885 0.84495192 0.01862981 0.04146635
0 0.20552885 0.87740385 0.02223558 0.03425481
0 0.16586538 0.62860577 0.03425481 0.05288462
0 0.10096154 0.74399038 0.04867788 0.08473558
0 0.19591346 0.72956731 0.01442308 0.02584135
0 0.24879808 0.56250000 0.02644231 0.03305288
0 0.15504808 0.78846154 0.03545673 0.07271635
0 0.27764423 0.64783654 0.02463942 0.04206731
0 0.12860577 0.47836538 0.02163462 0.03846154
0 0.17067308 0.47475962 0.02884615 0.03125000
0 0.31250000 0.54687500 0.02163462 0.03185096
0 0.26442308 0.77403846 0.03425481 0.05649038
0 0.24639423 0.87980769 0.04026442 0.04627404
0 0.20673077 0.91586538 0.02463942 0.04747596
0 0.15144231 0.51562500 0.02524038 0.03846154
0 0.70552885 0.71153846 0.04026442 0.05829327
0 0.94711538 0.72836538 0.03305288 0.05468750
0 0.91586538 0.81730769 0.03305288 0.04447115
0 0.69951923 0.75961538 0.02764423 0.05408654
0 0.63942308 0.89423077 0.04507212 0.04507212
0 0.74038462 0.76923077 0.02704327 0.04447115
0 0.60937500 0.53966346 0.02704327 0.03665865
0 0.59134615 0.71394231 0.03185096 0.04387019
0 0.58533654 0.62620192 0.02223558 0.04687500
0 0.57091346 0.47596154 0.02163462 0.03365385
0 0.56610577 0.47475962 0.02644231 0.03125000
0 0.59855769 0.65384615 0.02403846 0.03846154
0 0.65144231 0.46995192 0.02403846 0.02163462
0 0.73798077 0.46875000 0.01923077 0.01923077
0 0.66706731 0.65384615 0.04627404 0.06250000
