0 0.23437500 0.24399038 0.02163462 0.01201923
0 0.27163462 0.22956731 0.02884615 0.04086538
0 0.15865385 0.11177885 0.04266827 0.06250000
0 0.25000000 0.11778846 0.03425481 0.05048077
0 0.12379808 0.17427885 0.03906250 0.04447115
0 0.07932692 0.02524038 0.02584135 0.03365385
0 0.22596154 0.22836538 0.02884615 0.04326923
0 0.12500000 0.21033654 0.02163462 0.02884615
0 0.41706731 0.10697115 0.03305288 0.04927885
0 0.33894231 0.51923077 0.03425481 0.03004808
0 0.53605769 0.40384615 0.01442308 0.04807692
0 0.53966346 0.35817308 0.02163462 0.05769231
0 0.54086538 0.26802885 0.02403846 0.03605769
0 0.62740385 0.25480769 0.03365385 0.00961538
0 0.55649038 0.43990385 0.04326923 0.05949519
