0 0.50240385 0.39663462 0.01201923 0.03125000
0 0.66225962 0.73317308 0.04567308 0.05769231
0 0.81850962 0.53485577 0.03245192 0.05889423
0 0.85456731 0.69471154 0.03846154 0.06610577
0 0.67788462 0.86298077 0.02403846 0.04687500
0 0.49038462 0.85336538 0.03125000 0.05288462
0 0.59495192 0.41346154 0.03004808 0.04567308
0 0.41826923 0.73317308 0.03245192 0.05288462
0 0.50360577 0.74519231 0.01682692 0.03125000
0 0.41947115 0.61538462 0.02524038 0.03846154
0 0.40264423 0.55649038 0.02524038 0.04567308
0 0.46274038 0.65745192 0.01923077 0.03725962
0 0.52163462 0.33653846 0.01923077 0.03846154
0 0.42067308 0.69350962 0.02403846 0.02764423
0 0.61778846 0.48197115 0.01923077 0.03725962
0 0.75360577 0.33894231 0.01562500 0.03485577
0 0.77043269 0.30528846 0.01442308 0.03725962
0 0.97235577 0.38942308 0.02764423 0.03605769
0 0.91706731 0.15745192 0.03245192 0.06129808
0 0.35576923 0.34375000 0.01201923 0.03125000
0 0.48076923 0.31850962 0.02644231 0.04326923
0 0.97596154 0.19951923 0.03485577 0.05649038
0 0.58173077 0.20432692 0.03485577 0.05769231
0 0.49879808 0.21033654 0.02764423 0.04567308
0 0.65985577 0.42548077 0.03245192 0.04326923
0 0.55168269 0.59375000 0.03605769 0.05168269
0 0.61778846 0.26201923 0.03245192 0.03725962
0 0.52403846 0.71634615 0.03245192 0.03605769
0 0.44951923 0.81129808 0.01923077 0.03725962
0 0.65865385 0.12379808 0.02403846 0.03125000
0 0.54086538 0.31129808 0.02644231 0.03725962
0 0.60817308 0.28846154 0.02043269 0.02764423
0 0.70673077 0.46995192 0.01682692 0.03245192
0 0.34134615 0.21514423 0.03004808 0.04687500
0 0.72235577 0.41826923 0.02644231 0.04807692
0 0.74639423 0.40745192 0.02043269 0.04206731
