0 0.21274038 0.09855769 0.05228365 0.04447115
0 0.06971154 0.45913462 0.04807692 0.05769231
0 0.11778846 0.17307692 0.03786058 0.07812500
0 0.28966346 0.41466346 0.02223558 0.04567308
0 0.24759615 0.45673077 0.01802885 0.03245192
0 0.29567308 0.21875000 0.05048077 0.07932692
0 0.35096154 0.32692308 0.03485577 0.05949519
0 0.27884615 0.34134615 0.01562500 0.02824519
0 0.21153846 0.09615385 0.03064904 0.03545673
0 0.31250000 0.36899038 0.03545673 0.04326923
0 0.15865385 0.15504808 0.02343750 0.04326923
0 0.33413462 0.03125000 0.01862981 0.03906250
0 0.26802885 0.01322115 0.03125000 0.02644231
0 0.13461538 0.08533654 0.03185096 0.03786058
0 0.17307692 0.31850962 0.03605769 0.06009615
0 0.19591346 0.42187500 0.04507212 0.05048077
0 0.24519231 0.47956731 0.02403846 0.01682692
0 0.26562500 0.09014423 0.03185096 0.04567308
0 0.08774038 0.00360577 0.02644231 0.00721154
0 0.01081731 0.17187500 0.02163462 0.03125000
0 0.01081731 0.14302885 0.02163462 0.04567308
0 0.50000000 0.26923077 0.02103365 0.04206731
0 0.99759615 0.02043269 0.00480769 0.02644231
0 0.54206731 0.29206731 0.03725962 0.04687500
0 0.74519231 0.99399038 0.02403846 0.01201923
