0 0.44951923 0.37860577 0.04807692 0.04206731
0 0.57932692 0.70673077 0.03846154 0.05528846
0 0.74278846 0.55528846 0.03605769 0.06250000
0 0.77884615 0.67307692 0.03605769 0.06250000
0 0.56370192 0.79326923 0.02403846 0.04687500
0 0.44471154 0.79927885 0.03605769 0.05288462
0 0.53245192 0.43629808 0.03125000 0.06850962
0 0.37980769 0.66466346 0.01923077 0.03846154
0 0.41826923 0.69951923 0.01562500 0.02764423
0 0.37259615 0.49278846 0.04086538 0.06971154
0 0.32451923 0.58774038 0.02764423 0.05288462
0 0.38701923 0.60937500 0.01201923 0.02524038
0 0.44831731 0.37259615 0.02644231 0.03125000
0 0.36057692 0.62139423 0.03125000 0.03846154
0 0.49879808 0.43389423 0.02043269 0.03846154
0 0.77884615 0.35817308 0.01562500 0.03245192
0 0.77884615 0.33413462 0.01682692 0.02524038
0 0.89423077 0.37620192 0.02644231 0.03485577
0 0.76442308 0.18028846 0.02403846 0.04567308
0 0.33774038 0.32451923 0.01442308 0.03485577
0 0.39903846 0.29206731 0.02403846 0.03846154
0 0.93990385 0.06730769 0.02644231 0.04807692
0 0.94951923 0.13461538 0.03125000 0.05048077
0 0.89663462 0.18389423 0.03245192 0.05288462
0 0.52403846 0.18028846 0.03605769 0.06129808
0 0.42427885 0.21514423 0.02644231 0.04086538
0 0.96634615 0.09254808 0.02403846 0.02524038
0 0.97235577 0.12019231 0.02403846 0.03485577
0 0.52163462 0.37019231 0.02524038 0.03125000
0 0.48798077 0.57451923 0.02764423 0.05168269
0 0.56009615 0.23076923 0.04086538 0.04807692
0 0.46514423 0.66826923 0.03605769 0.04086538
0 0.41706731 0.74158654 0.02163462 0.04326923
0 0.59014423 0.10096154 0.02403846 0.03125000
0 0.40504808 0.37500000 0.03004808 0.04206731
0 0.55889423 0.27163462 0.02163462 0.03004808
0 0.63581731 0.44591346 0.02524038 0.02644231
0 0.28485577 0.08894231 0.02644231 0.04567308
0 0.65865385 0.40504808 0.02043269 0.03485577
0 0.63461538 0.41947115 0.02644231 0.03846154
