0 0.20072115 0.26322115 0.05588942 0.06790865
0 0.03245192 0.06850962 0.03605769 0.06009615
0 0.37500000 0.37019231 0.04326923 0.01923077
0 0.45432692 0.27163462 0.03365385 0.05769231
0 0.37740385 0.28004808 0.01802885 0.03245192
0 0.45673077 0.10817308 0.03786058 0.05048077
0 0.47836538 0.11899038 0.03004808 0.05588942
0 0.41225962 0.18269231 0.01201923 0.02463942
0 0.45432692 0.20192308 0.03365385 0.04266827
0 0.24759615 0.01081731 0.02403846 0.02163462
0 0.31250000 0.11658654 0.04567308 0.05949519
0 0.34254808 0.24278846 0.03185096 0.03786058
0 0.41586538 0.34254808 0.02764423 0.04927885
0 0.12740385 0.42668269 0.03605769 0.06189904
0 0.66225962 0.52644231 0.00721154 0.04807692
0 0.66826923 0.43509615 0.01923077 0.05288462
0 0.68269231 0.53245192 0.02463942 0.04206731
0 0.68269231 0.50841346 0.03846154 0.05829327
0 0.89783654 0.40985577 0.03605769 0.06009615
