0 0.43509615 0.01802885 0.05288462 0.03605769
0 0.31129808 0.38942308 0.05108173 0.06550481
0 0.12259615 0.22475962 0.04026442 0.07211538
0 0.07451923 0.34855769 0.04026442 0.06730769
0 0.32572115 0.46274038 0.02944712 0.05228365
0 0.43028846 0.48437500 0.03725962 0.05288462
0 0.34375000 0.10937500 0.04146635 0.07451923
0 0.43870192 0.01322115 0.03125000 0.02644231
0 0.38581731 0.07451923 0.02223558 0.04326923
0 0.07211538 0.00480769 0.01923077 0.00961538
0 0.36177885 0.01682692 0.02644231 0.03365385
0 0.40745192 0.24759615 0.03725962 0.05949519
0 0.42788462 0.35216346 0.04266827 0.04747596
0 0.46394231 0.41225962 0.00961538 0.05528846
0 0.21754808 0.05528846 0.02223558 0.05288462
0 0.24278846 0.09495192 0.02824519 0.02884615
0 0.24639423 0.07331731 0.02824519 0.04206731
0 0.77524038 0.04206731 0.02524038 0.03665865
0 0.50240385 0.17788462 0.01923077 0.03786058
0 0.12259615 0.74399038 0.03485577 0.06129808
0 0.93990385 0.77043269 0.05528846 0.04867788
0 0.60336538 0.95673077 0.03725962 0.06310096
0 0.82331731 0.85456731 0.03846154 0.07151442
0 0.98798077 0.83533654 0.02403846 0.05528846
0 0.96394231 0.93870192 0.01201923 0.02403846
0 0.91346154 0.75841346 0.02584135 0.03245192
0 0.87740385 0.82812500 0.01983173 0.04026442
0 0.54567308 0.73437500 0.02043269 0.03786058
0 0.54326923 0.70432692 0.02343750 0.03545673
0 0.98557692 0.66706731 0.02884615 0.04567308
0 0.84254808 0.74639423 0.02463942 0.03245192
0 0.89062500 0.97355769 0.04086538 0.05288462
0 0.99519231 0.71995192 0.00961538 0.04086538
0 0.77764423 0.64423077 0.02463942 0.03125000
0 0.69951923 0.78725962 0.02343750 0.04987981
0 0.73076923 0.83173077 0.02884615 0.03004808
0 0.75240385 0.80889423 0.03365385 0.05108173
