0 0.29687500 0.09134615 0.03906250 0.06430288
0 0.34375000 0.20432692 0.04326923 0.04807692
0 0.07812500 0.00961538 0.03125000 0.01923077
0 0.01802885 0.11177885 0.03125000 0.05588942
0 0.74158654 0.12379808 0.02884615 0.07331731
0 0.78365385 0.08052885 0.03846154 0.05288462
0 0.82211538 0.09495192 0.05228365 0.09975962
0 0.52043269 0.06490385 0.01862981 0.02644231
0 0.53966346 0.07572115 0.01382212 0.03365385
0 0.57211538 0.08653846 0.01983173 0.03064904
0 0.13822115 0.76201923 0.02343750 0.04026442
0 0.76442308 0.55528846 0.01502404 0.03365385
0 0.93990385 0.90745192 0.05228365 0.06310096
0 0.85817308 0.57812500 0.03425481 0.04987981
0 0.68149038 0.91225962 0.04206731 0.06009615
0 0.76682692 0.91947115 0.01862981 0.03185096
0 0.68028846 0.77644231 0.03125000 0.04507212
0 0.66346154 0.72235577 0.03365385 0.05769231
0 0.72475962 0.82932692 0.01322115 0.02764423
0 0.77524038 0.49399038 0.02463942 0.04266827
0 0.67668269 0.86778846 0.02584135 0.02884615
0 0.89062500 0.63461538 0.02223558 0.03846154
0 0.64903846 0.50600962 0.01502404 0.03365385
0 0.74399038 0.46274038 0.03004808 0.04627404
0 0.85576923 0.33894231 0.03786058 0.06250000
0 0.76562500 0.34495192 0.03545673 0.05228365
0 0.92788462 0.58533654 0.03725962 0.04747596
0 0.82211538 0.75961538 0.04447115 0.05769231
0 0.89182692 0.40144231 0.03846154 0.04086538
0 0.79567308 0.88942308 0.04026442 0.04507212
0 0.71033654 0.98677885 0.02163462 0.02644231
0 0.93629808 0.25120192 0.02944712 0.03605769
0 0.79086538 0.47115385 0.03125000 0.04326923
0 0.89062500 0.43870192 0.02283654 0.03004808
0 0.98918269 0.62620192 0.02163462 0.03605769
0 0.59495192 0.34134615 0.03185096 0.05168269
0 0.99278846 0.57091346 0.01442308 0.05528846
