0 0.30889423 0.13581731 0.01382212 0.03185096
0 0.21875000 0.16225962 0.03365385 0.04747596
0 0.39302885 0.37139423 0.03125000 0.04447115
0 0.40865385 0.28846154 0.02884615 0.04927885
0 0.35697115 0.40024038 0.02163462 0.01682692
0 0.29326923 0.09375000 0.02403846 0.04326923
0 0.18269231 0.24158654 0.02043269 0.03665865
0 0.05408654 0.06971154 0.01923077 0.03605769
0 0.04567308 0.05168269 0.01682692 0.03846154
0 0.42307692 0.10216346 0.02403846 0.04206731
0 0.14302885 0.16105769 0.03605769 0.04567308
0 0.25841346 0.34375000 0.04206731 0.05408654
0 0.18870192 0.01081731 0.03605769 0.02163462
0 0.25480769 0.05649038 0.03004808 0.04266827
0 0.19711538 0.02764423 0.02163462 0.02884615
0 0.10817308 0.21394231 0.01862981 0.03365385
0 0.07692308 0.17427885 0.02403846 0.05468750
0 0.05408654 0.15144231 0.02283654 0.04326923
0 0.33173077 0.05408654 0.01923077 0.04086538
0 0.60697115 0.35096154 0.02163462 0.03786058
0 0.70072115 0.32331731 0.01382212 0.02884615
0 0.73317308 0.30769231 0.01682692 0.03004808
0 0.67668269 0.26081731 0.01382212 0.04086538
0 0.75240385 0.19350962 0.01983173 0.03185096
0 0.78125000 0.36538462 0.01442308 0.04206731
0 0.74879808 0.39182692 0.02163462 0.03365385
0 0.79567308 0.07812500 0.01802885 0.04326923
0 0.70312500 0.39423077 0.02163462 0.02884615
0 0.36057692 0.69230769 0.03245192 0.04807692
0 0.15745192 0.43389423 0.02524038 0.03725962
0 0.40985577 0.44471154 0.01923077 0.04326923
0 0.39783654 0.68389423 0.02764423 0.05468750
0 0.32932692 0.92187500 0.03004808 0.04987981
0 0.23798077 0.64543269 0.02524038 0.03305288
0 0.48677885 0.42788462 0.02644231 0.03846154
0 0.27043269 0.72115385 0.02463942 0.04387019
0 0.22956731 0.79927885 0.02163462 0.03365385
0 0.15745192 0.72716346 0.04567308 0.05829327
0 0.30889423 0.70673077 0.03245192 0.04026442
0 0.33533654 0.71875000 0.03125000 0.04567308
0 0.33293269 0.83894231 0.01862981 0.03846154
0 0.21875000 0.66105769 0.02644231 0.03966346
0 0.20432692 0.42668269 0.03365385 0.03605769
0 0.76923077 0.68750000 0.02644231 0.04447115
0 0.67427885 0.82451923 0.02283654 0.03906250
0 0.72355769 0.83653846 0.02644231 0.04387019
0 0.86899038 0.69831731 0.02223558 0.03665865
0 0.55288462 0.71634615 0.02884615 0.04687500
0 0.51081731 0.53004808 0.02163462 0.05528846
0 0.63701923 0.85096154 0.02884615 0.04987981
0 0.69831731 0.77644231 0.02704327 0.04447115
0 0.58774038 0.71514423 0.03064904 0.04206731
0 0.61177885 0.89423077 0.02644231 0.04447115
0 0.66105769 0.80769231 0.02644231 0.05048077
0 0.59254808 0.84254808 0.02283654 0.03365385
0 0.66225962 0.91105769 0.02163462 0.03425481
