0 0.23437500 0.24519231 0.04807692 0.06430288
0 0.06490385 0.06490385 0.03305288 0.05468750
0 0.02163462 0.20432692 0.04206731 0.06490385
0 0.22355769 0.37019231 0.02824519 0.05348558
0 0.29447115 0.00600962 0.02163462 0.01201923
0 0.31370192 0.09254808 0.01201923 0.07932692
0 0.71274038 0.04567308 0.06009615 0.09134615
0 0.02403846 0.48437500 0.01923077 0.03125000
0 0.01081731 0.50240385 0.02163462 0.06730769
0 0.00600962 0.49399038 0.01201923 0.03605769
0 0.12620192 0.54687500 0.02584135 0.04326923
0 0.03605769 0.59014423 0.02704327 0.03665865
0 0.04567308 0.80889423 0.02163462 0.03064904
0 0.02283654 0.86899038 0.04387019 0.06370192
0 0.05528846 0.76682692 0.03846154 0.05288462
0 0.11057692 0.96033654 0.04447115 0.05228365
0 0.13221154 0.98317308 0.05288462 0.03365385
0 0.10697115 0.94230769 0.03605769 0.05709135
0 0.12860577 0.77644231 0.02704327 0.04447115
0 0.18870192 0.78245192 0.02584135 0.03545673
0 0.23317308 0.77283654 0.04867788 0.05829327
0 0.12019231 0.83052885 0.03485577 0.04206731
0 0.21995192 0.82091346 0.03185096 0.04206731
0 0.70913462 0.75240385 0.01682692 0.03004808
0 0.38581731 0.88221154 0.03665865 0.06370192
0 0.61418269 0.78365385 0.03665865 0.05108173
0 0.80048077 0.93629808 0.02764423 0.04086538
0 0.81370192 0.92548077 0.03064904 0.05468750
0 0.75480769 0.99278846 0.01442308 0.01442308
0 0.70432692 0.65745192 0.02463942 0.04567308
0 0.58413462 0.80288462 0.01923077 0.03846154
0 0.41225962 0.68750000 0.01442308 0.03305288
0 0.41105769 0.65504808 0.01923077 0.02644231
0 0.83173077 0.68750000 0.01802885 0.03545673
0 0.73918269 0.63581731 0.02223558 0.04086538
0 0.62740385 0.51682692 0.03846154 0.06610577
0 0.71634615 0.53245192 0.03485577 0.05228365
0 0.62620192 0.75000000 0.03425481 0.04447115
0 0.65985577 0.93269231 0.04146635 0.05468750
0 0.59254808 0.57331731 0.03185096 0.05709135
0 0.69831731 0.63221154 0.02824519 0.03425481
0 0.58894231 0.62620192 0.02163462 0.03185096
0 0.50120192 0.80048077 0.01983173 0.03425481
0 0.86899038 0.48798077 0.03125000 0.03846154
0 0.48557692 0.75000000 0.03064904 0.04447115
0 0.45793269 0.74158654 0.02403846 0.03966346
