0 0.75360577 0.45913462 0.03004808 0.05348558
0 0.75480769 0.26923077 0.02644231 0.03425481
0 0.74879808 0.24158654 0.01201923 0.02704327
0 0.80889423 0.18509615 0.02223558 0.04326923
0 0.78966346 0.15865385 0.02343750 0.03125000
0 0.69591346 0.04927885 0.03485577 0.03906250
0 0.75721154 0.06850962 0.03425481 0.04747596
0 0.71634615 0.03485577 0.03725962 0.03786058
0 0.73557692 0.01081731 0.01923077 0.02163462
0 0.85576923 0.01562500 0.02403846 0.03125000
0 0.82932692 0.01682692 0.02403846 0.03365385
0 0.81850962 0.06610577 0.01562500 0.03125000
0 0.83894231 0.09975962 0.02043269 0.04086538
0 0.92307692 0.10937500 0.02163462 0.03485577
0 0.89062500 0.12740385 0.03004808 0.03846154
0 0.96153846 0.18389423 0.01682692 0.03725962
0 0.94951923 0.01201923 0.01923077 0.02403846
0 0.97596154 0.08173077 0.02163462 0.03485577
0 0.99038462 0.16706731 0.01923077 0.03125000
0 0.94831731 0.09735577 0.02524038 0.02524038
0 0.95552885 0.28485577 0.02043269 0.03004808
0 0.95192308 0.32331731 0.02524038 0.03605769
0 0.78365385 0.58533654 0.02163462 0.03245192
0 0.72716346 0.62259615 0.02163462 0.03365385
0 0.27644231 0.99519231 0.02403846 0.00961538
0 0.47956731 0.99639423 0.01682692 0.00721154
0 0.47596154 0.98798077 0.01923077 0.02403846
0 0.53966346 0.98557692 0.01682692 0.02884615
0 0.44951923 0.93750000 0.03485577 0.03485577
0 0.46634615 0.88221154 0.02163462 0.05168269
0 0.51802885 0.67067308 0.02163462 0.03846154
