0 0.28125000 0.99399038 0.02403846 0.01201923
0 0.40504808 0.95432692 0.03004808 0.04206731
0 0.34495192 0.95432692 0.02223558 0.04687500
0 0.39182692 0.92427885 0.02343750 0.03064904
0 0.36538462 0.88581731 0.02163462 0.03725962
0 0.20432692 0.88221154 0.02283654 0.03966346
0 0.23197115 0.91586538 0.01682692 0.02644231
0 0.26682692 0.98076923 0.01923077 0.03846154
0 0.24038462 0.95793269 0.01322115 0.02764423
0 0.20793269 0.97355769 0.02524038 0.03966346
0 0.15745192 0.87980769 0.01802885 0.02524038
0 0.15504808 0.87019231 0.02163462 0.03004808
0 0.09014423 0.88341346 0.02283654 0.05408654
0 0.18750000 0.81370192 0.03245192 0.04447115
0 0.05288462 0.86298077 0.03125000 0.03605769
0 0.16706731 0.75480769 0.02163462 0.05168269
0 0.13461538 0.57932692 0.02283654 0.04086538
0 0.91105769 0.37980769 0.04326923 0.02403846
0 0.83774038 0.44471154 0.02524038 0.03245192
0 0.89423077 0.57572115 0.02764423 0.04086538
0 0.91105769 0.89663462 0.01923077 0.04086538
0 0.87379808 0.96394231 0.01802885 0.03966346
0 0.88822115 0.77644231 0.04567308 0.05408654
0 0.87620192 0.71033654 0.02163462 0.05288462
0 0.84014423 0.61057692 0.03125000 0.07451923
0 0.75841346 0.74278846 0.02283654 0.03245192
0 0.73317308 0.78485577 0.03004808 0.03485577
0 0.73197115 0.74278846 0.02283654 0.03485577
0 0.73197115 0.59014423 0.03125000 0.05649038
0 0.69471154 0.62259615 0.02524038 0.03605769
0 0.69471154 0.65024038 0.02524038 0.05769231
