0 0.49399038 0.53605769 0.01201923 0.03365385
0 0.51802885 0.56971154 0.02163462 0.04326923
0 0.60576923 0.58894231 0.02524038 0.03966346
0 0.59375000 0.55769231 0.03004808 0.03966346
0 0.69471154 0.69471154 0.01923077 0.04086538
0 0.71274038 0.58894231 0.02283654 0.03605769
0 0.70432692 0.63221154 0.01923077 0.03125000
0 0.68028846 0.58653846 0.02644231 0.02644231
0 0.93028846 0.51081731 0.01442308 0.02163462
0 0.91586538 0.52403846 0.02524038 0.03846154
0 0.89182692 0.55048077 0.01802885 0.03966346
0 0.64543269 0.66706731 0.02163462 0.03245192
0 0.64783654 0.71514423 0.02283654 0.03245192
