0 0.69951923 0.01442308 0.01923077 0.02884615
0 0.60096154 0.05528846 0.02163462 0.03725962
0 0.63341346 0.01562500 0.02163462 0.03125000
0 0.59014423 0.00961538 0.02163462 0.01923077
0 0.57932692 0.03485577 0.02884615 0.05649038
0 0.53485577 0.01802885 0.01682692 0.03605769
0 0.53485577 0.00961538 0.03605769 0.01923077
0 0.54687500 0.12980769 0.04086538 0.08413462
0 0.44711538 0.10817308 0.02524038 0.03485577
0 0.71634615 0.13341346 0.02524038 0.04326923
0 0.62259615 0.25360577 0.02524038 0.03605769
0 0.55889423 0.37500000 0.02884615 0.04326923
0 0.57692308 0.49759615 0.02043269 0.05288462
0 0.61538462 0.41466346 0.03245192 0.08052885
0 0.70072115 0.53846154 0.02163462 0.01923077
0 0.73076923 0.53725962 0.02403846 0.02163462
0 0.73437500 0.38942308 0.03245192 0.05889423
0 0.75120192 0.41947115 0.02524038 0.03966346
0 0.99158654 0.15504808 0.01682692 0.10336538
0 0.86057692 0.36899038 0.02283654 0.04326923
0 0.78725962 0.43990385 0.02524038 0.05649038
0 0.85216346 0.43990385 0.02524038 0.03485577
0 0.20072115 0.89423077 0.02584135 0.04206731
0 0.24158654 0.91466346 0.03185096 0.06129808
