0 0.71995192 0.04326923 0.02043269 0.03485577
0 0.06129808 0.24639423 0.03004808 0.03485577
0 0.01081731 0.33413462 0.02163462 0.04687500
0 0.08293269 0.20913462 0.01442308 0.02764423
0 0.08774038 0.18750000 0.01562500 0.02644231
0 0.10576923 0.15504808 0.01923077 0.02524038
0 0.10576923 0.09134615 0.02163462 0.03245192
0 0.08653846 0.07812500 0.02043269 0.02644231
0 0.06971154 0.05889423 0.02163462 0.02764423
0 0.06009615 0.06370192 0.01923077 0.02403846
0 0.08894231 0.00961538 0.01923077 0.01923077
0 0.02884615 0.09495192 0.02403846 0.03125000
0 0.03725962 0.13341346 0.02403846 0.03485577
0 0.06730769 0.16826923 0.02163462 0.03004808
0 0.04807692 0.19350962 0.01682692 0.02163462
0 0.03725962 0.17788462 0.01923077 0.02764423
0 0.01201923 0.15264423 0.02403846 0.03485577
