0 0.16105769 0.34134615 0.02403846 0.04266827
0 0.01923077 0.49278846 0.02403846 0.05228365
0 0.22956731 0.45432692 0.05168269 0.04206731
0 0.28125000 0.45432692 0.04086538 0.05649038
0 0.33774038 0.41346154 0.03125000 0.02884615
0 0.44711538 0.55528846 0.02163462 0.03245192
0 0.35456731 0.57572115 0.01802885 0.03365385
0 0.39302885 0.52884615 0.01923077 0.04326923
0 0.33774038 0.52884615 0.02163462 0.03846154
0 0.33413462 0.57331731 0.02403846 0.07331731
0 0.30168269 0.56490385 0.03605769 0.04086538
0 0.29567308 0.51923077 0.03365385 0.05889423
0 0.29206731 0.64543269 0.02764423 0.06370192
0 0.21634615 0.59014423 0.02764423 0.03725962
0 0.45192308 0.63942308 0.02403846 0.04086538
0 0.36298077 0.70072115 0.02283654 0.03125000
0 0.36658654 0.86298077 0.03125000 0.04567308
0 0.21153846 0.96394231 0.02764423 0.04927885
0 0.33774038 0.96995192 0.04086538 0.06009615
0 0.36658654 0.87139423 0.02884615 0.06850962
0 0.46875000 0.87860577 0.02403846 0.04567308
0 0.52163462 0.89543269 0.02283654 0.03365385
0 0.57451923 0.86899038 0.04206731 0.05048077
0 0.47956731 0.93990385 0.03245192 0.07091346
0 0.56129808 0.91466346 0.02764423 0.03725962
