0 0.58413462 0.07451923 0.03185096 0.05949519
0 0.62019231 0.18750000 0.02043269 0.04687500
0 0.54807692 0.22355769 0.02524038 0.05048077
0 0.19350962 0.56009615 0.03605769 0.04206731
0 0.18028846 0.61057692 0.01562500 0.03245192
0 0.16466346 0.61057692 0.02163462 0.04086538
0 0.14903846 0.61298077 0.01682692 0.05288462
0 0.13341346 0.62259615 0.02403846 0.04447115
0 0.44951923 0.94711538 0.01923077 0.04326923
0 0.62620192 0.95913462 0.02403846 0.04567308
0 0.58774038 0.98317308 0.02163462 0.03365385
0 0.66706731 0.93990385 0.01802885 0.02524038
0 0.66947115 0.93389423 0.02043269 0.03004808
0 0.73437500 0.94230769 0.02524038 0.06250000
0 0.63701923 0.87500000 0.03605769 0.04567308
0 0.73076923 0.90745192 0.03365385 0.03846154
0 0.97235577 0.90144231 0.04086538 0.06250000
0 0.65745192 0.81490385 0.02163462 0.04927885
0 0.85096154 0.88341346 0.01682692 0.03365385
0 0.68629808 0.67307692 0.02524038 0.04567308
0 0.81610577 0.94591346 0.00841346 0.02884615
0 0.82812500 0.93389423 0.01322115 0.02644231
0 0.84495192 0.92548077 0.02403846 0.02524038
0 0.86778846 0.90745192 0.01682692 0.03365385
