0 0.53245192 0.22115385 0.02884615 0.03846154
0 0.72115385 0.44110577 0.03245192 0.04747596
0 0.54206731 0.99158654 0.03605769 0.01682692
0 0.62379808 0.62620192 0.02163462 0.01682692
0 0.71754808 0.64182692 0.01802885 0.03485577
0 0.73798077 0.64783654 0.02403846 0.06009615
0 0.77043269 0.63461538 0.03605769 0.03365385
0 0.78125000 0.70913462 0.02764423 0.06370192
0 0.85697115 0.65264423 0.02764423 0.03725962
0 0.61899038 0.70312500 0.02163462 0.04086538
0 0.70793269 0.76442308 0.02163462 0.03125000
0 0.69471154 0.94591346 0.01923077 0.02764423
0 0.71274038 0.92307692 0.03725962 0.05288462
0 0.61177885 0.94591346 0.00721154 0.04567308
