0 0.18028846 0.32692308 0.02463942 0.03485577
0 0.05889423 0.62500000 0.01262019 0.03245192
0 0.07211538 0.63461538 0.01923077 0.02283654
0 0.47716346 0.64302885 0.02644231 0.03605769
0 0.41947115 0.74519231 0.02644231 0.03966346
0 0.27163462 0.82932692 0.02403846 0.04086538
0 0.10697115 0.87500000 0.02043269 0.02403846
0 0.09495192 0.89302885 0.01923077 0.03605769
0 0.26682692 0.91706731 0.01923077 0.03485577
0 0.29326923 0.90264423 0.02644231 0.04927885
0 0.43028846 0.93149038 0.04687500 0.04927885
0 0.43870192 0.86177885 0.01923077 0.04927885
0 0.47235577 0.78846154 0.02644231 0.07451923
0 0.55408654 0.90264423 0.02043269 0.02884615
0 0.57692308 0.93750000 0.03004808 0.03485577
0 0.58173077 0.90384615 0.02043269 0.03125000
0 0.58173077 0.75480769 0.03966346 0.06610577
0 0.59375000 0.79206731 0.02403846 0.03485577
0 0.63701923 0.80168269 0.02403846 0.05168269
0 0.76081731 0.95072115 0.03004808 0.03485577
0 0.90144231 0.86418269 0.02884615 0.04447115
0 0.83894231 0.82572115 0.02524038 0.03966346
0 0.74519231 0.79086538 0.01923077 0.03485577
0 0.81129808 0.85216346 0.02644231 0.03605769
0 0.79326923 0.85937500 0.02403846 0.03966346
