0 0.65865385 0.47596154 0.03605769 0.06971154
0 0.68389423 0.28846154 0.01562500 0.02764423
0 0.66826923 0.30649038 0.01442308 0.03004808
0 0.66466346 0.30649038 0.01201923 0.03245192
0 0.63461538 0.24038462 0.02043269 0.03125000
0 0.68028846 0.13581731 0.01562500 0.03485577
0 0.70552885 0.12379808 0.02524038 0.03605769
0 0.69230769 0.10096154 0.01682692 0.03004808
0 0.66706731 0.04807692 0.01923077 0.03485577
0 0.59735577 0.03245192 0.01682692 0.03125000
0 0.58894231 0.06129808 0.01923077 0.03125000
0 0.59254808 0.08293269 0.01562500 0.03485577
0 0.61658654 0.13100962 0.01562500 0.03245192
0 0.59855769 0.15745192 0.01923077 0.03846154
0 0.50961538 0.18629808 0.02163462 0.03485577
0 0.51923077 0.14903846 0.02403846 0.03125000
0 0.42067308 0.28485577 0.01682692 0.03485577
0 0.49399038 0.07812500 0.01923077 0.02644231
0 0.49639423 0.04326923 0.02043269 0.03004808
0 0.39783654 0.20432692 0.02403846 0.03605769
0 0.41346154 0.20673077 0.02043269 0.03125000
0 0.42067308 0.17788462 0.02524038 0.02524038
0 0.21875000 0.05288462 0.02403846 0.04206731
0 0.19471154 0.08774038 0.01923077 0.03485577
0 0.20793269 0.10937500 0.02043269 0.03846154
0 0.22475962 0.14062500 0.01682692 0.03725962
0 0.47475962 0.23197115 0.02163462 0.03485577
0 0.47475962 0.27524038 0.01562500 0.03125000
0 0.62019231 0.48677885 0.02043269 0.03125000
0 0.73437500 0.43149038 0.01923077 0.03605769
