0 0.85216346 0.17668269 0.04146635 0.06250000
0 0.84134615 0.04927885 0.02824519 0.04086538
0 0.84495192 0.01201923 0.01682692 0.02403846
0 0.85336538 0.02043269 0.02884615 0.04086538
0 0.91706731 0.01322115 0.04086538 0.02644231
0 0.96995192 0.02283654 0.02644231 0.04567308
0 0.98317308 0.02524038 0.03125000 0.03906250
0 0.94951923 0.07572115 0.02524038 0.03305288
0 0.97115385 0.27884615 0.02463942 0.03725962
0 0.96033654 0.31730769 0.02163462 0.02403846
0 0.52163462 0.93149038 0.02343750 0.04026442
0 0.96274038 0.38942308 0.05168269 0.09375000
0 0.87379808 0.35216346 0.02403846 0.03185096
0 0.97956731 0.61418269 0.02824519 0.04206731
0 0.84735577 0.70913462 0.02764423 0.04387019
0 0.81009615 0.79447115 0.02043269 0.03605769
0 0.84134615 0.79687500 0.04206731 0.05528846
0 0.96153846 0.93149038 0.02283654 0.04206731
0 0.99639423 0.98798077 0.00721154 0.02403846
0 0.97956731 0.81250000 0.04086538 0.05769231
0 0.99278846 0.74759615 0.01442308 0.05288462
