0 0.98798077 0.07211538 0.02403846 0.05288462
0 0.92067308 0.61538462 0.01742788 0.03365385
0 0.90264423 0.63942308 0.02103365 0.02403846
0 0.84975962 0.59134615 0.02824519 0.04387019
0 0.53966346 0.52764423 0.05048077 0.07932692
0 0.63341346 0.49639423 0.02644231 0.01682692
0 0.37379808 0.52524038 0.02944712 0.04387019
0 0.46634615 0.62139423 0.02584135 0.03485577
0 0.52403846 0.75600962 0.03004808 0.04266827
0 0.66225962 0.85576923 0.02824519 0.04507212
0 0.87259615 0.90625000 0.02524038 0.02704327
0 0.88341346 0.92668269 0.02103365 0.04086538
0 0.69711538 0.94350962 0.02343750 0.03786058
0 0.66586538 0.94350962 0.04326923 0.05829327
0 0.51802885 0.96274038 0.05108173 0.05949519
0 0.50600962 0.89543269 0.02283654 0.05468750
0 0.46875000 0.79326923 0.04026442 0.07872596
0 0.38461538 0.92788462 0.02403846 0.03365385
0 0.35937500 0.97115385 0.03305288 0.03846154
0 0.35817308 0.92788462 0.02644231 0.03846154
0 0.35697115 0.77163462 0.03425481 0.05889423
0 0.31971154 0.80408654 0.02403846 0.03605769
0 0.31971154 0.83173077 0.02403846 0.05769231
