0 0.14423077 0.38461538 0.05108173 0.07692308
0 0.14423077 0.20673077 0.01502404 0.03365385
0 0.13341346 0.20913462 0.01983173 0.03425481
0 0.11418269 0.18750000 0.01742788 0.04266827
0 0.17067308 0.13701923 0.01802885 0.03786058
0 0.11899038 0.03725962 0.01983173 0.04086538
0 0.09495192 0.01562500 0.02644231 0.03125000
0 0.20432692 0.04687500 0.01983173 0.03605769
0 0.18750000 0.01923077 0.02403846 0.03846154
0 0.28966346 0.04687500 0.02944712 0.04206731
0 0.29447115 0.08173077 0.02764423 0.03365385
0 0.39783654 0.18149038 0.02524038 0.04266827
0 0.42427885 0.12980769 0.02824519 0.03485577
0 0.40865385 0.09735577 0.02103365 0.02764423
0 0.40625000 0.07331731 0.02584135 0.02584135
0 0.33774038 0.11538462 0.02103365 0.03305288
0 0.34014423 0.16346154 0.01862981 0.03786058
0 0.18990385 0.38221154 0.02223558 0.03906250
0 0.06129808 0.30408654 0.02343750 0.03725962
0 0.40384615 0.91225962 0.02884615 0.05528846
0 0.13341346 0.98918269 0.05048077 0.02163462
0 0.07932692 0.66225962 0.02403846 0.00721154
