0 0.32932692 0.39062500 0.03846154 0.08413462
0 0.32932692 0.23918269 0.01923077 0.03545673
0 0.34014423 0.24278846 0.01682692 0.02884615
0 0.30769231 0.17788462 0.01622596 0.03305288
0 0.26802885 0.02283654 0.01862981 0.03305288
0 0.29567308 0.06370192 0.01923077 0.03185096
0 0.28004808 0.09134615 0.02163462 0.03846154
0 0.19951923 0.09014423 0.02764423 0.03786058
0 0.19711538 0.12980769 0.02644231 0.03245192
0 0.09735577 0.20552885 0.02463942 0.04146635
0 0.17548077 0.02043269 0.01983173 0.02884615
0 0.06850962 0.18509615 0.02884615 0.03545673
0 0.08894231 0.14182692 0.01923077 0.02403846
0 0.08653846 0.11298077 0.02283654 0.04206731
0 0.15745192 0.15264423 0.02343750 0.03245192
0 0.15745192 0.19591346 0.02283654 0.03125000
0 0.29086538 0.38942308 0.01802885 0.03305288
0 0.93629808 0.12860577 0.02704327 0.03545673
0 0.41225962 0.52043269 0.02163462 0.02163462
0 0.37139423 0.53485577 0.02283654 0.03125000
0 0.39783654 0.55889423 0.02283654 0.03245192
0 0.38221154 0.58413462 0.02524038 0.03786058
0 0.36899038 0.62620192 0.02704327 0.04146635
0 0.35456731 0.58293269 0.01201923 0.03125000
0 0.35096154 0.56009615 0.00480769 0.02884615
0 0.35216346 0.52163462 0.00721154 0.02403846
