0 0.67307692 0.47235577 0.03605769 0.06971154
0 0.70192308 0.28245192 0.01562500 0.02764423
0 0.68028846 0.30528846 0.01442308 0.03004808
0 0.68990385 0.29326923 0.01201923 0.03245192
0 0.65384615 0.23437500 0.02163462 0.03245192
0 0.72836538 0.11057692 0.01562500 0.03485577
0 0.69711538 0.12379808 0.02524038 0.03605769
0 0.70913462 0.09495192 0.01682692 0.03004808
0 0.68629808 0.04326923 0.02043269 0.03605769
0 0.61418269 0.03004808 0.01682692 0.03245192
0 0.60456731 0.05649038 0.01923077 0.03245192
0 0.61177885 0.06971154 0.01682692 0.03485577
0 0.63461538 0.12620192 0.01682692 0.03245192
0 0.61418269 0.15264423 0.01923077 0.03846154
0 0.53245192 0.17548077 0.02163462 0.03485577
0 0.53725962 0.14182692 0.02644231 0.03245192
0 0.43870192 0.27764423 0.01682692 0.03485577
0 0.50961538 0.07091346 0.01923077 0.02644231
0 0.51442308 0.03365385 0.02043269 0.03125000
0 0.41586538 0.19110577 0.02403846 0.03605769
0 0.43389423 0.19951923 0.02043269 0.03125000
0 0.43629808 0.17307692 0.02644231 0.02524038
0 0.23557692 0.04687500 0.02403846 0.04206731
0 0.21274038 0.08173077 0.01562500 0.02644231
0 0.22716346 0.10576923 0.02163462 0.03725962
0 0.24519231 0.12860577 0.02043269 0.03605769
0 0.49278846 0.22596154 0.01923077 0.03725962
0 0.49278846 0.27163462 0.01923077 0.03245192
0 0.63942308 0.48197115 0.02043269 0.03245192
0 0.75240385 0.43028846 0.02043269 0.03125000
