0 0.39062500 0.30649038 0.04086538 0.07932692
0 0.39903846 0.12860577 0.01923077 0.03305288
0 0.40625000 0.11658654 0.01622596 0.03185096
0 0.40745192 0.08653846 0.01802885 0.03425481
0 0.37259615 0.03725962 0.02584135 0.03665865
0 0.13701923 0.07812500 0.01983173 0.04146635
0 0.12620192 0.01682692 0.02283654 0.03365385
0 0.18509615 0.05769231 0.02764423 0.03906250
0 0.18509615 0.09855769 0.02223558 0.04807692
0 0.35216346 0.35096154 0.02163462 0.04266827
0 0.46514423 0.33774038 0.02644231 0.04567308
0 0.78966346 0.59975962 0.04026442 0.06490385
0 0.80649038 0.51682692 0.02884615 0.04266827
0 0.79687500 0.46634615 0.03485577 0.06370192
0 0.80168269 0.41346154 0.02343750 0.04387019
0 0.92908654 0.33894231 0.02884615 0.04387019
0 0.86418269 0.35817308 0.02824519 0.04927885
0 0.90865385 0.32091346 0.02584135 0.03185096
0 0.88461538 0.27524038 0.02403846 0.03846154
0 0.71875000 0.29206731 0.02103365 0.03545673
0 0.74399038 0.32331731 0.02103365 0.03365385
0 0.78245192 0.38942308 0.02584135 0.05528846
0 0.75480769 0.35937500 0.01502404 0.02644231
0 0.71634615 0.38100962 0.02824519 0.03966346
0 0.74399038 0.44711538 0.04747596 0.07872596
0 0.68629808 0.46153846 0.02884615 0.10156250
0 0.67187500 0.27524038 0.01742788 0.02644231
0 0.66947115 0.25721154 0.02163462 0.03305288
0 0.66947115 0.43389423 0.02163462 0.05048077
0 0.68149038 0.48918269 0.03425481 0.04747596
0 0.70913462 0.52764423 0.02403846 0.03185096
0 0.59975962 0.25240385 0.02343750 0.03485577
0 0.70192308 0.20312500 0.03906250 0.03786058
0 0.52884615 0.28004808 0.03425481 0.03786058
0 0.68149038 0.14783654 0.02524038 0.04927885
0 0.48798077 0.15504808 0.01923077 0.04086538
0 0.81129808 0.44831731 0.02163462 0.04447115
0 0.48076923 0.41706731 0.00480769 0.03125000
0 0.49038462 0.42307692 0.01562500 0.03846154
0 0.50721154 0.42788462 0.02043269 0.03786058
