0 0.31009615 0.26081731 0.04146635 0.07992788
0 0.31850962 0.08413462 0.01923077 0.03245192
0 0.32572115 0.07091346 0.01682692 0.03125000
0 0.32692308 0.04086538 0.01802885 0.03425481
0 0.29206731 0.00480769 0.02644231 0.00961538
0 0.05889423 0.03365385 0.02343750 0.04387019
0 0.10576923 0.01562500 0.02403846 0.03125000
0 0.10576923 0.05408654 0.02223558 0.04627404
0 0.27283654 0.30408654 0.02524038 0.04266827
0 0.38581731 0.29206731 0.02704327 0.04627404
0 0.88942308 0.40384615 0.02463942 0.04206731
