0 0.53245192 0.22115385 0.04807692 0.08293269
0 0.54086538 0.06009615 0.02524038 0.03725962
0 0.55048077 0.03004808 0.01682692 0.02884615
0 0.52764423 0.00961538 0.02163462 0.01923077
0 0.28966346 0.00480769 0.02163462 0.00961538
0 0.32932692 0.00360577 0.02403846 0.00721154
0 0.33173077 0.03846154 0.02103365 0.03846154
0 0.49759615 0.28365385 0.01923077 0.02884615
0 0.59615385 0.28245192 0.02403846 0.03125000
0 0.59134615 0.90384615 0.03725962 0.06009615
0 0.59014423 0.73197115 0.03245192 0.04567308
0 0.61298077 0.75600962 0.01622596 0.02824519
0 0.58293269 0.73197115 0.02524038 0.05288462
0 0.59134615 0.66947115 0.02103365 0.02824519
0 0.64543269 0.63822115 0.02824519 0.05108173
0 0.68629808 0.60216346 0.02644231 0.03605769
0 0.66826923 0.56971154 0.01983173 0.04266827
0 0.51442308 0.56971154 0.01742788 0.03305288
0 0.52884615 0.61658654 0.02343750 0.03725962
0 0.54927885 0.61298077 0.02824519 0.04387019
0 0.57091346 0.66225962 0.01742788 0.05108173
0 0.55889423 0.66466346 0.01682692 0.02884615
0 0.48677885 0.67187500 0.03064904 0.04266827
0 0.52163462 0.70913462 0.04507212 0.07331731
0 0.46995192 0.71995192 0.02463942 0.07992788
0 0.45793269 0.56250000 0.01862981 0.02463942
0 0.46153846 0.54927885 0.02223558 0.03305288
0 0.45793269 0.65745192 0.02163462 0.03185096
0 0.45552885 0.74158654 0.02403846 0.03665865
0 0.49038462 0.78725962 0.02463942 0.03064904
0 0.39663462 0.54447115 0.01923077 0.03185096
0 0.49038462 0.49158654 0.04086538 0.03966346
0 0.24519231 0.60817308 0.03365385 0.04206731
0 0.11899038 0.49759615 0.03004808 0.04447115
0 0.18269231 0.45913462 0.02824519 0.04326923
0 0.47235577 0.43509615 0.02223558 0.05288462
0 0.27884615 0.42548077 0.02163462 0.03605769
0 0.20793269 0.48798077 0.02043269 0.03786058
0 0.22596154 0.49879808 0.02584135 0.03064904
0 0.24038462 0.67668269 0.01262019 0.03605769
0 0.25360577 0.67548077 0.01562500 0.03786058
0 0.26923077 0.68389423 0.01442308 0.04206731
0 0.28605769 0.68870192 0.02043269 0.04567308
0 0.46394231 0.97956731 0.01923077 0.04086538
