0 0.70552885 0.48677885 0.03846154 0.07692308
0 0.71274038 0.33173077 0.02403846 0.03485577
0 0.72235577 0.30168269 0.01442308 0.02764423
0 0.70192308 0.27283654 0.01923077 0.03846154
0 0.68629808 0.22596154 0.02403846 0.03485577
0 0.76802885 0.10817308 0.01562500 0.03485577
0 0.71514423 0.11899038 0.02644231 0.03846154
0 0.74278846 0.08774038 0.03125000 0.03125000
0 0.73197115 0.05168269 0.01682692 0.03125000
0 0.62980769 0.02403846 0.02043269 0.03725962
0 0.62259615 0.05048077 0.02043269 0.03485577
0 0.63942308 0.06730769 0.01923077 0.03846154
0 0.65504808 0.11778846 0.01682692 0.03245192
0 0.63221154 0.15144231 0.02043269 0.04086538
0 0.54567308 0.16346154 0.02403846 0.03725962
0 0.56370192 0.14182692 0.02764423 0.03725962
0 0.47115385 0.26322115 0.01682692 0.03725962
0 0.52524038 0.06370192 0.01923077 0.02644231
0 0.53245192 0.02764423 0.02043269 0.03125000
0 0.46274038 0.15985577 0.02043269 0.03245192
0 0.45432692 0.21514423 0.01923077 0.03004808
0 0.49278846 0.16586538 0.02644231 0.02644231
0 0.27884615 0.08653846 0.02403846 0.04086538
0 0.46274038 0.01562500 0.01682692 0.03004808
0 0.02283654 0.81610577 0.02163462 0.03485577
0 0.24759615 0.10216346 0.01081731 0.03485577
0 0.26442308 0.11899038 0.02163462 0.03846154
0 0.28966346 0.13461538 0.02043269 0.03605769
0 0.50961538 0.26442308 0.02043269 0.03125000
0 0.51081731 0.31009615 0.02043269 0.03725962
0 0.67307692 0.55168269 0.01562500 0.03485577
0 0.76923077 0.55168269 0.02043269 0.03846154
