0 0.70673077 0.50721154 0.03125000 0.06129808
0 0.70673077 0.34254808 0.02403846 0.03605769
0 0.71514423 0.30048077 0.01201923 0.02764423
0 0.68750000 0.26081731 0.02163462 0.04326923
0 0.67908654 0.22716346 0.02043269 0.03125000
0 0.75721154 0.11057692 0.02764423 0.03485577
0 0.70673077 0.12379808 0.02644231 0.03846154
0 0.74038462 0.09254808 0.03245192 0.03125000
0 0.72596154 0.06250000 0.01682692 0.03245192
0 0.61538462 0.02163462 0.02043269 0.03725962
0 0.61538462 0.05528846 0.02043269 0.03605769
0 0.63221154 0.06730769 0.02043269 0.04567308
0 0.64423077 0.12620192 0.01682692 0.03245192
0 0.62379808 0.15384615 0.01923077 0.03846154
0 0.53846154 0.16105769 0.02403846 0.03725962
0 0.55408654 0.14903846 0.02764423 0.03725962
0 0.47235577 0.26322115 0.01682692 0.03725962
0 0.51442308 0.06610577 0.01923077 0.02644231
0 0.52403846 0.02884615 0.02043269 0.03125000
0 0.46394231 0.15024038 0.02163462 0.03485577
0 0.44471154 0.21634615 0.01923077 0.03004808
0 0.48798077 0.16586538 0.02644231 0.02644231
0 0.27764423 0.09855769 0.02163462 0.03846154
0 0.45793269 0.02163462 0.01923077 0.03125000
0 0.02403846 0.81370192 0.01682692 0.03605769
0 0.24639423 0.10937500 0.01201923 0.02764423
0 0.26201923 0.12620192 0.01923077 0.04567308
0 0.28966346 0.13581731 0.01562500 0.03725962
0 0.50360577 0.28245192 0.01923077 0.02764423
0 0.50240385 0.32572115 0.02524038 0.03485577
0 0.67067308 0.57091346 0.02163462 0.03125000
0 0.75600962 0.58653846 0.01923077 0.03846154
