0 0.52403846 0.12259615 0.04387019 0.08293269
0 0.49519231 0.18509615 0.02043269 0.03485577
0 0.59975962 0.18509615 0.02283654 0.03906250
0 0.96634615 0.08653846 0.02944712 0.03906250
0 0.99278846 0.38100962 0.01442308 0.05528846
0 0.99639423 0.31009615 0.00721154 0.05288462
0 0.97115385 0.23677885 0.03064904 0.07512019
0 0.88701923 0.35336538 0.02403846 0.02884615
0 0.86418269 0.38942308 0.03485577 0.03966346
0 0.85937500 0.35456731 0.02283654 0.03185096
0 0.85937500 0.20192308 0.04447115 0.06911058
0 0.84615385 0.24038462 0.02764423 0.03846154
0 0.73197115 0.18870192 0.01923077 0.03846154
0 0.80168269 0.24879808 0.02403846 0.05408654
0 0.74639423 0.25721154 0.02283654 0.03125000
0 0.49519231 0.67187500 0.04326923 0.07932692
0 0.50360577 0.50961538 0.02524038 0.03485577
0 0.29326923 0.49759615 0.02403846 0.01923077
0 0.46033654 0.73918269 0.01802885 0.03605769
0 0.56129808 0.73918269 0.02524038 0.04206731
0 0.98918269 0.75000000 0.01923077 0.03305288
0 0.83293269 0.81730769 0.03725962 0.04447115
0 0.71153846 0.69471154 0.02403846 0.04807692
0 0.77163462 0.65985577 0.03004808 0.04326923
0 0.87019231 0.62620192 0.02043269 0.03605769
0 0.80288462 0.70192308 0.03485577 0.04987981
0 0.80288462 0.67668269 0.02764423 0.02343750
0 0.81730769 0.70192308 0.02163462 0.03245192
0 0.83052885 0.87740385 0.01682692 0.02884615
0 0.84375000 0.87379808 0.01802885 0.04687500
0 0.85817308 0.88461538 0.01682692 0.05048077
0 0.87740385 0.89182692 0.01923077 0.03725962
