0 0.18870192 0.21634615 0.03786058 0.06850962
0 0.18870192 0.03245192 0.02884615 0.04146635
0 0.41466346 0.01682692 0.03125000 0.03365385
0 0.22956731 0.28725962 0.02524038 0.03545673
0 0.13341346 0.30408654 0.02103365 0.04326923
0 0.72716346 0.09735577 0.03064904 0.04266827
0 0.65264423 0.17187500 0.02704327 0.04146635
0 0.63581731 0.50120192 0.02644231 0.03605769
0 0.66826923 0.37259615 0.04987981 0.05048077
0 0.67427885 0.29086538 0.02223558 0.05408654
0 0.71274038 0.25841346 0.03846154 0.08593750
0 0.81129808 0.34615385 0.02463942 0.03125000
0 0.83413462 0.38822115 0.03665865 0.04086538
0 0.84134615 0.35096154 0.02884615 0.03966346
0 0.84254808 0.17908654 0.04447115 0.06971154
0 0.83653846 0.21634615 0.02884615 0.03906250
0 0.99038462 0.16225962 0.01923077 0.04086538
0 0.92548077 0.22716346 0.02043269 0.04807692
0 0.97115385 0.27644231 0.02764423 0.03605769
0 0.55408654 0.99399038 0.03125000 0.01201923
0 0.57211538 0.98798077 0.02884615 0.02403846
0 0.55408654 0.94110577 0.01923077 0.03064904
0 0.63701923 0.82572115 0.02043269 0.03665865
0 0.62740385 0.88461538 0.02584135 0.03966346
0 0.60697115 0.87980769 0.03305288 0.04927885
0 0.57932692 0.91826923 0.01923077 0.03725962
0 0.59375000 0.93509615 0.01802885 0.03305288
0 0.67668269 0.94831731 0.03064904 0.04567308
0 0.63701923 0.97115385 0.04807692 0.05769231
0 0.68990385 0.97596154 0.02884615 0.04807692
0 0.70432692 0.83413462 0.02223558 0.03064904
0 0.69951923 0.81129808 0.02343750 0.03545673
0 0.70552885 0.92548077 0.02584135 0.03545673
0 0.77043269 0.80408654 0.02163462 0.03305288
0 0.66706731 0.74759615 0.02103365 0.03846154
0 0.94591346 0.88341346 0.03846154 0.04447115
0 0.99399038 0.70913462 0.01201923 0.04326923
0 0.68750000 0.68870192 0.02403846 0.05769231
0 0.89903846 0.67307692 0.02343750 0.03966346
0 0.94230769 0.94591346 0.01562500 0.03245192
0 0.92788462 0.94230769 0.01802885 0.04927885
0 0.91105769 0.94711538 0.01923077 0.04747596
0 0.89423077 0.95913462 0.02463942 0.04326923
0 0.97716346 0.73798077 0.02283654 0.03966346
0 0.96033654 0.75240385 0.02403846 0.04567308
0 0.94951923 0.75480769 0.02043269 0.03605769
