0 0.27884615 0.43629808 0.03786058 0.06490385
0 0.27764423 0.26442308 0.02524038 0.03425481
0 0.26923077 0.22716346 0.01382212 0.02884615
0 0.29567308 0.19831731 0.01983173 0.04326923
0 0.30769231 0.15144231 0.02403846 0.03425481
0 0.22956731 0.03125000 0.02884615 0.03425481
0 0.27764423 0.04206731 0.02704327 0.04026442
0 0.24519231 0.01201923 0.03365385 0.02403846
0 0.35456731 0.00480769 0.02163462 0.00961538
0 0.34134615 0.04326923 0.01742788 0.03365385
0 0.36298077 0.07692308 0.02463942 0.04387019
0 0.45192308 0.08653846 0.02644231 0.03966346
0 0.43389423 0.06730769 0.03004808 0.03846154
0 0.49519231 0.08774038 0.00961538 0.03125000
0 0.48798077 0.19350962 0.02403846 0.03125000
0 0.48677885 0.24038462 0.02403846 0.03425481
0 0.32091346 0.49278846 0.02704327 0.03365385
0 0.22235577 0.49399038 0.02103365 0.04326923
0 0.75961538 0.38942308 0.02704327 0.04747596
0 0.78725962 0.40504808 0.03064904 0.05168269
0 0.80408654 0.98918269 0.03605769 0.02163462
0 0.79086538 0.88221154 0.03064904 0.04026442
0 0.80048077 0.84615385 0.01682692 0.03004808
0 0.81009615 0.84615385 0.02584135 0.05288462
0 0.80649038 0.79927885 0.01742788 0.03545673
0 0.67788462 0.72716346 0.02403846 0.03545673
0 0.74879808 0.75120192 0.02584135 0.04807692
0 0.70673077 0.71754808 0.02403846 0.03185096
0 0.72596154 0.68389423 0.01983173 0.04026442
0 0.88461538 0.68629808 0.01862981 0.03185096
0 0.86538462 0.73197115 0.02343750 0.03665865
0 0.84975962 0.73197115 0.02584135 0.04026442
0 0.82692308 0.77644231 0.02343750 0.05348558
0 0.84134615 0.75120192 0.01622596 0.02824519
0 0.90985577 0.79086538 0.02944712 0.04387019
0 0.87139423 0.82692308 0.04387019 0.07091346
0 0.92187500 0.83653846 0.02343750 0.08533654
0 0.93509615 0.67668269 0.01983173 0.02704327
0 0.93389423 0.65745192 0.02463942 0.03305288
0 0.93269231 0.78125000 0.02163462 0.03064904
0 0.93629808 0.85817308 0.02524038 0.03786058
0 0.90384615 0.90384615 0.02764423 0.03545673
0 0.99278846 0.66105769 0.01442308 0.03365385
