0 0.02524038 0.00841346 0.01682692 0.01682692
0 0.55288462 0.03004808 0.00961538 0.04086538
0 0.45432692 0.96274038 0.03786058 0.06610577
0 0.38341346 0.84134615 0.02824519 0.05829327
0 0.57211538 0.58533654 0.04807692 0.09375000
0 0.57091346 0.41466346 0.02163462 0.03966346
0 0.55528846 0.41346154 0.01442308 0.03365385
0 0.59495192 0.34735577 0.02103365 0.03786058
0 0.83413462 0.38341346 0.02463942 0.04326923
0 0.86418269 0.34855769 0.02944712 0.03545673
0 0.61418269 0.58413462 0.01622596 0.03786058
0 0.76562500 0.36538462 0.01923077 0.03425481
0 0.76322115 0.32932692 0.02644231 0.01923077
