0 0.18750000 0.36538462 0.03185096 0.05949519
0 0.18870192 0.19711538 0.02824519 0.03846154
0 0.17788462 0.15144231 0.01502404 0.02884615
0 0.20793269 0.11057692 0.02283654 0.04387019
0 0.21514423 0.07932692 0.02223558 0.03245192
0 0.26923077 0.01201923 0.02403846 0.02403846
0 0.35456731 0.01442308 0.02644231 0.02884615
0 0.34014423 0.00961538 0.03125000 0.01923077
0 0.42067308 0.11177885 0.01562500 0.03846154
0 0.43028846 0.00841346 0.02403846 0.01682692
0 0.44951923 0.06730769 0.02163462 0.03064904
0 0.40504808 0.01562500 0.02884615 0.02824519
0 0.39302885 0.13942308 0.02343750 0.03545673
0 0.39182692 0.18509615 0.02403846 0.03485577
0 0.22475962 0.43629808 0.02043269 0.03545673
0 0.13581731 0.45432692 0.02463942 0.04507212
