0 0.22475962 0.50120192 0.03425481 0.06069712
0 0.22836538 0.29086538 0.02824519 0.03906250
0 0.22115385 0.26682692 0.01502404 0.02944712
0 0.28725962 0.20673077 0.02644231 0.04867788
0 0.26322115 0.17788462 0.02283654 0.03485577
0 0.15745192 0.06009615 0.02584135 0.04206731
0 0.22956731 0.08293269 0.03725962 0.05048077
0 0.17668269 0.04567308 0.02824519 0.03906250
0 0.20552885 0.01682692 0.02163462 0.03365385
0 0.34014423 0.02524038 0.02524038 0.04086538
0 0.30889423 0.02163462 0.02644231 0.04326923
0 0.29567308 0.07932692 0.01862981 0.03485577
0 0.31850962 0.11658654 0.02163462 0.04507212
0 0.40625000 0.12500000 0.02644231 0.03906250
0 0.37500000 0.13221154 0.04206731 0.07331731
0 0.44831731 0.20432692 0.02103365 0.04206731
0 0.43750000 0.01923077 0.02223558 0.02884615
0 0.46033654 0.09375000 0.02524038 0.03786058
0 0.47836538 0.18750000 0.02163462 0.03365385
0 0.43269231 0.11057692 0.02764423 0.02884615
0 0.49038462 0.00721154 0.02403846 0.01442308
0 0.64423077 0.10697115 0.00961538 0.03605769
0 0.44591346 0.32091346 0.02103365 0.03365385
0 0.43269231 0.36418269 0.01983173 0.02884615
0 0.25600962 0.65384615 0.02403846 0.03365385
0 0.20192308 0.69951923 0.02403846 0.03485577
0 0.88100962 0.58413462 0.04026442 0.06850962
0 0.79807692 0.42548077 0.02704327 0.04807692
0 0.72235577 0.91346154 0.03425481 0.05949519
0 0.93750000 0.75000000 0.02043269 0.03365385
0 0.92548077 0.79447115 0.02283654 0.03665865
