0 0.03004808 0.00841346 0.02644231 0.01682692
0 0.01081731 0.02524038 0.02163462 0.05048077
0 0.06370192 0.07451923 0.02283654 0.04387019
0 0.09495192 0.06129808 0.02223558 0.03185096
0 0.06730769 0.20673077 0.02043269 0.03305288
0 0.05769231 0.25000000 0.02463942 0.03365385
0 0.92788462 0.02043269 0.02764423 0.03605769
0 0.86298077 0.10456731 0.02524038 0.03665865
0 0.70432692 0.19110577 0.02644231 0.03966346
0 0.54927885 0.23076923 0.02163462 0.02403846
0 0.53365385 0.25240385 0.02283654 0.03906250
0 0.71153846 0.28245192 0.02043269 0.03605769
0 0.73557692 0.26442308 0.03064904 0.05048077
0 0.84615385 0.40144231 0.02403846 0.01442308
0 0.87620192 0.29206731 0.04687500 0.04927885
0 0.88100962 0.21754808 0.02764423 0.05228365
0 0.91586538 0.16706731 0.03966346 0.08653846
0 0.99639423 0.26322115 0.00721154 0.03125000
0 0.66346154 0.98437500 0.02403846 0.03125000
0 0.54206731 0.92067308 0.03004808 0.04206731
0 0.60456731 0.93870192 0.02403846 0.04567308
0 0.56129808 0.90144231 0.02644231 0.03125000
0 0.58173077 0.86538462 0.02043269 0.03485577
0 0.74278846 0.86899038 0.01862981 0.03185096
0 0.71875000 0.90504808 0.02163462 0.03305288
0 0.68389423 0.96514423 0.01923077 0.05468750
0 0.70793269 0.93389423 0.01262019 0.02403846
0 0.74519231 0.95552885 0.02764423 0.03786058
0 0.71754808 0.99278846 0.04567308 0.01442308
0 0.78966346 0.85697115 0.01983173 0.02764423
0 0.79206731 0.84014423 0.02043269 0.03004808
0 0.78966346 0.99278846 0.02644231 0.01442308
0 0.85937500 0.83653846 0.01923077 0.03305288
0 0.76081731 0.79326923 0.03966346 0.04807692
0 0.91826923 0.85576923 0.03245192 0.03485577
0 0.78004808 0.73317308 0.02283654 0.04747596
0 0.96754808 0.74639423 0.02283654 0.03846154
0 0.81850962 0.53846154 0.02584135 0.04387019
0 0.99399038 0.81490385 0.01201923 0.02884615
0 0.98677885 0.82091346 0.01262019 0.03665865
0 0.99158654 0.98557692 0.01682692 0.02884615
0 0.97475962 0.98677885 0.01682692 0.02644231
0 0.96153846 0.98918269 0.01923077 0.02163462
0 0.94350962 0.99519231 0.01682692 0.00961538
