0 0.70312500 0.56370192 0.02644231 0.05168269
0 0.69951923 0.37620192 0.02403846 0.03245192
0 0.70673077 0.34495192 0.01201923 0.02764423
0 0.64903846 0.29086538 0.02163462 0.04326923
0 0.66586538 0.26923077 0.02043269 0.03125000
0 0.75721154 0.15264423 0.03004808 0.03725962
0 0.69711538 0.17187500 0.03125000 0.04567308
0 0.73798077 0.13822115 0.03485577 0.03245192
0 0.71754808 0.10697115 0.01682692 0.03245192
0 0.59615385 0.05769231 0.01923077 0.03605769
0 0.59735577 0.11418269 0.02163462 0.03725962
0 0.62379808 0.11418269 0.02403846 0.05048077
0 0.63581731 0.17067308 0.01562500 0.03125000
0 0.61658654 0.20432692 0.02043269 0.04086538
0 0.53004808 0.21153846 0.02043269 0.03245192
0 0.56129808 0.22716346 0.03004808 0.03846154
0 0.49038462 0.29086538 0.01682692 0.03725962
0 0.50600962 0.11418269 0.01923077 0.02644231
0 0.51322115 0.07932692 0.02043269 0.03004808
0 0.47716346 0.18750000 0.02163462 0.03485577
0 0.46153846 0.27163462 0.02043269 0.03125000
0 0.50600962 0.20192308 0.02644231 0.02524038
0 0.45673077 0.09254808 0.01923077 0.03125000
0 0.54326923 0.03725962 0.02043269 0.03725962
0 0.20432692 0.03846154 0.03004808 0.03485577
0 0.25600962 0.18269231 0.01442308 0.03245192
0 0.27163462 0.18149038 0.02043269 0.03485577
0 0.28725962 0.18149038 0.01201923 0.04086538
0 0.30048077 0.19471154 0.02163462 0.03245192
0 0.49639423 0.37860577 0.01682692 0.03245192
0 0.50480769 0.42307692 0.02043269 0.02644231
0 0.67067308 0.68389423 0.02524038 0.03605769
0 0.72956731 0.72235577 0.02043269 0.03846154
0 0.04206731 0.83894231 0.02403846 0.03725962
