0 0.69831731 0.59254808 0.02764423 0.05528846
0 0.69951923 0.40024038 0.02403846 0.03485577
0 0.70312500 0.37860577 0.01442308 0.02764423
0 0.63942308 0.32211538 0.02043269 0.04326923
0 0.66466346 0.29326923 0.02043269 0.03125000
0 0.75961538 0.18629808 0.02524038 0.03846154
0 0.69471154 0.20673077 0.03245192 0.04687500
0 0.74278846 0.17067308 0.02524038 0.03485577
0 0.71754808 0.14663462 0.01682692 0.03245192
0 0.59014423 0.09014423 0.01923077 0.03485577
0 0.59254808 0.15625000 0.02043269 0.03605769
0 0.62259615 0.14903846 0.02524038 0.05528846
0 0.63341346 0.20552885 0.01682692 0.03485577
0 0.61418269 0.23798077 0.02043269 0.04086538
0 0.53245192 0.24639423 0.02163462 0.03485577
0 0.56250000 0.25600962 0.03725962 0.06730769
0 0.49519231 0.31850962 0.01682692 0.03725962
0 0.50360577 0.14903846 0.01923077 0.02644231
0 0.50961538 0.11899038 0.02043269 0.03125000
0 0.48557692 0.21514423 0.02163462 0.03485577
0 0.46754808 0.30408654 0.02163462 0.03125000
0 0.50841346 0.23317308 0.02403846 0.02403846
0 0.45312500 0.13100962 0.02043269 0.03245192
0 0.54567308 0.07211538 0.02043269 0.03605769
0 0.21274038 0.09495192 0.03245192 0.03846154
0 0.05048077 0.86057692 0.02163462 0.04326923
0 0.25961538 0.21754808 0.01201923 0.02764423
0 0.27403846 0.22355769 0.02043269 0.03125000
0 0.28966346 0.22355769 0.01201923 0.03846154
0 0.30528846 0.22956731 0.01923077 0.03485577
0 0.49639423 0.43149038 0.02043269 0.03605769
0 0.50600962 0.47475962 0.02403846 0.03125000
0 0.67067308 0.74038462 0.01682692 0.03485577
0 0.72115385 0.78725962 0.02524038 0.03125000
0 0.17788462 0.01201923 0.01923077 0.02403846
