0 0.36778846 0.52043269 0.03846154 0.01682692
0 0.36538462 0.33173077 0.02584135 0.03786058
0 0.37139423 0.30769231 0.01502404 0.03004808
0 0.30408654 0.24519231 0.02463942 0.04927885
0 0.32932692 0.21634615 0.02463942 0.03425481
0 0.43629808 0.09735577 0.02824519 0.04206731
0 0.36298077 0.12019231 0.03605769 0.05228365
0 0.41706731 0.08173077 0.02584135 0.03786058
0 0.38701923 0.04927885 0.02043269 0.03605769
0 0.24879808 0.00480769 0.02163462 0.00961538
0 0.25120192 0.06129808 0.02764423 0.04206731
0 0.28125000 0.05288462 0.02704327 0.05709135
0 0.29567308 0.11658654 0.02043269 0.03605769
0 0.27283654 0.15384615 0.02343750 0.04387019
0 0.18269231 0.16346154 0.02524038 0.03906250
0 0.21514423 0.16947115 0.04627404 0.07632212
0 0.14062500 0.24399038 0.02283654 0.04206731
0 0.15144231 0.05528846 0.02103365 0.02824519
0 0.15985577 0.02163462 0.02463942 0.03425481
0 0.12740385 0.13100962 0.02764423 0.03786058
0 0.10937500 0.22596154 0.02463942 0.03545673
0 0.15625000 0.14903846 0.02944712 0.02944712
0 0.09735577 0.03365385 0.02343750 0.03545673
0 0.14302885 0.36298077 0.02103365 0.03425481
0 0.15745192 0.40625000 0.02343750 0.03004808
0 0.27403846 0.87860577 0.03966346 0.06310096
0 0.76923077 0.86177885 0.03846154 0.05769231
