0 0.54927885 0.29326923 0.03125000 0.05709135
0 0.55048077 0.09254808 0.02343750 0.03185096
0 0.55649038 0.07331731 0.01382212 0.02884615
0 0.48798077 0.01682692 0.01923077 0.03365385
0 0.34735577 0.01562500 0.02163462 0.03125000
0 0.31490385 0.00841346 0.02403846 0.01682692
0 0.34495192 0.13822115 0.02343750 0.03305288
0 0.35576923 0.18028846 0.02223558 0.03545673
0 0.52403846 0.45432692 0.02103365 0.03305288
0 0.57091346 0.50480769 0.02223558 0.03786058
0 0.62379808 0.77163462 0.03305288 0.05949519
0 0.42187500 0.62500000 0.02043269 0.03305288
0 0.43149038 0.66826923 0.02463942 0.03064904
0 0.60336538 0.94591346 0.02223558 0.04266827
0 0.64302885 0.98677885 0.02163462 0.02644231
