0 0.29447115 0.35937500 0.03125000 0.06009615
0 0.28966346 0.16466346 0.02403846 0.03605769
0 0.29807692 0.11418269 0.01502404 0.03125000
0 0.23677885 0.05649038 0.02223558 0.04807692
0 0.25360577 0.03485577 0.02463942 0.03665865
0 0.05528846 0.05649038 0.02043269 0.04146635
0 0.02283654 0.03245192 0.02463942 0.03665865
0 0.06370192 0.14783654 0.02644231 0.04026442
0 0.06971154 0.19471154 0.02944712 0.03966346
0 0.25961538 0.48076923 0.02343750 0.03846154
0 0.32572115 0.51923077 0.02163462 0.05348558
0 0.67067308 0.46754808 0.03004808 0.05288462
0 0.70072115 0.44110577 0.01742788 0.04567308
0 0.07211538 0.71153846 0.02343750 0.02824519
