0 0.11899038 0.37620192 0.02403846 0.03245192
0 0.10216346 0.37139423 0.01562500 0.03125000
0 0.17067308 0.32331731 0.02584135 0.05108173
0 0.13822115 0.28004808 0.02283654 0.03365385
0 0.02884615 0.18509615 0.02584135 0.03906250
0 0.10216346 0.21394231 0.02704327 0.05288462
0 0.05288462 0.17427885 0.02944712 0.03846154
0 0.08413462 0.14903846 0.01862981 0.03425481
0 0.21995192 0.10817308 0.02163462 0.03906250
0 0.23317308 0.15384615 0.02403846 0.03846154
0 0.18629808 0.16105769 0.02824519 0.04747596
0 0.16947115 0.22475962 0.02343750 0.03966346
0 0.19350962 0.24519231 0.02463942 0.04387019
0 0.27644231 0.25841346 0.02764423 0.04266827
0 0.24158654 0.27283654 0.04326923 0.07271635
0 0.29326923 0.32572115 0.02403846 0.04627404
0 0.30048077 0.11658654 0.02103365 0.02824519
0 0.30048077 0.12259615 0.02524038 0.03485577
0 0.31850962 0.20913462 0.02463942 0.03846154
0 0.32451923 0.31610577 0.02463942 0.03846154
0 0.29567308 0.23798077 0.02403846 0.02163462
0 0.36418269 0.13100962 0.02403846 0.03725962
0 0.26442308 0.06250000 0.02163462 0.03906250
0 0.28605769 0.00721154 0.02403846 0.01442308
0 0.56009615 0.02764423 0.01923077 0.03125000
0 0.54687500 0.03365385 0.02163462 0.04867788
0 0.55168269 0.23918269 0.01382212 0.03125000
0 0.53725962 0.23918269 0.02223558 0.04627404
0 0.52043269 0.24399038 0.01923077 0.04326923
0 0.50480769 0.24278846 0.02103365 0.03906250
0 0.30889423 0.49879808 0.02343750 0.03846154
0 0.66225962 0.51081731 0.03125000 0.01682692
0 0.66105769 0.32572115 0.02463942 0.03485577
0 0.65504808 0.30889423 0.01382212 0.03064904
0 0.72115385 0.24158654 0.02163462 0.04627404
0 0.69350962 0.21875000 0.02163462 0.03365385
0 0.59254808 0.10817308 0.02644231 0.03906250
0 0.66105769 0.13221154 0.03605769 0.05288462
0 0.61177885 0.09254808 0.02584135 0.03605769
0 0.63942308 0.06850962 0.01862981 0.03545673
0 0.77163462 0.01442308 0.02403846 0.02884615
0 0.77283654 0.08293269 0.02283654 0.03846154
0 0.73918269 0.06850962 0.03064904 0.06129808
0 0.72836538 0.13822115 0.02103365 0.03725962
0 0.74879808 0.16466346 0.02403846 0.04447115
0 0.83413462 0.16947115 0.02704327 0.04146635
0 0.80168269 0.18629808 0.04507212 0.07271635
0 0.86658654 0.24759615 0.02343750 0.04447115
0 0.86418269 0.06730769 0.02223558 0.02884615
0 0.85576923 0.03846154 0.02283654 0.03485577
0 0.88100962 0.13822115 0.02223558 0.03605769
0 0.89903846 0.23437500 0.02584135 0.03485577
0 0.85096154 0.15985577 0.02343750 0.02223558
0 0.92067308 0.05168269 0.02524038 0.03665865
0 0.81730769 0.00480769 0.02403846 0.00961538
0 0.87019231 0.38221154 0.02223558 0.03485577
0 0.86057692 0.42788462 0.02584135 0.03245192
0 0.83894231 0.71634615 0.03485577 0.04987981
