0 0.68629808 0.63701923 0.02764423 0.05528846
0 0.68870192 0.44110577 0.02043269 0.03004808
0 0.69711538 0.42908654 0.01201923 0.02764423
0 0.63581731 0.36778846 0.02403846 0.05168269
0 0.66346154 0.34615385 0.02043269 0.03125000
0 0.76442308 0.24639423 0.02403846 0.03725962
0 0.69711538 0.27163462 0.02644231 0.04807692
0 0.74278846 0.23557692 0.02644231 0.03605769
0 0.71274038 0.21153846 0.01682692 0.03245192
0 0.58653846 0.16586538 0.01923077 0.03605769
0 0.58653846 0.21995192 0.02163462 0.03725962
0 0.61899038 0.21153846 0.02644231 0.05649038
0 0.63100962 0.28125000 0.01923077 0.03605769
0 0.61177885 0.30288462 0.02043269 0.03846154
0 0.53245192 0.30889423 0.02403846 0.03725962
0 0.56370192 0.32692308 0.03605769 0.06730769
0 0.50961538 0.38100962 0.01923077 0.03846154
0 0.50360577 0.21153846 0.01923077 0.02644231
0 0.51081731 0.18389423 0.02043269 0.03004808
0 0.49038462 0.27043269 0.02163462 0.03485577
0 0.47956731 0.37019231 0.02163462 0.03485577
0 0.51442308 0.29567308 0.02163462 0.02163462
0 0.44951923 0.19591346 0.02043269 0.03245192
0 0.54567308 0.13701923 0.02043269 0.03725962
0 0.22836538 0.20432692 0.03125000 0.03725962
0 0.18389423 0.08173077 0.02403846 0.03605769
0 0.24639423 0.06610577 0.02163462 0.03485577
0 0.27764423 0.06370192 0.02524038 0.03725962
0 0.52163462 0.04687500 0.02403846 0.05288462
0 0.26682692 0.29086538 0.01562500 0.03004808
0 0.28245192 0.29086538 0.01562500 0.03846154
0 0.29567308 0.29206731 0.01562500 0.04326923
0 0.31129808 0.29927885 0.02163462 0.03725962
0 0.24278846 0.10817308 0.01562500 0.03004808
0 0.24879808 0.10216346 0.01562500 0.02644231
0 0.26201923 0.09615385 0.02043269 0.03485577
0 0.27884615 0.10576923 0.01682692 0.03485577
0 0.06129808 0.89783654 0.01923077 0.02764423
0 0.49879808 0.52524038 0.01923077 0.03485577
0 0.50841346 0.56129808 0.02403846 0.03605769
0 0.67788462 0.84134615 0.01201923 0.04326923
0 0.69951923 0.88701923 0.02043269 0.04567308
