0 0.68870192 0.63100962 0.03004808 0.05769231
0 0.68870192 0.43269231 0.02043269 0.03125000
0 0.69951923 0.41947115 0.01442308 0.02764423
0 0.63581731 0.36418269 0.02403846 0.04807692
0 0.66346154 0.33774038 0.02043269 0.03125000
0 0.76322115 0.23557692 0.02524038 0.03846154
0 0.69230769 0.26201923 0.03485577 0.05048077
0 0.73317308 0.21394231 0.02644231 0.03605769
0 0.71274038 0.20072115 0.01682692 0.03245192
0 0.58653846 0.15384615 0.01923077 0.03605769
0 0.58774038 0.20793269 0.02163462 0.03725962
0 0.62019231 0.19951923 0.02644231 0.05649038
0 0.63100962 0.26923077 0.01923077 0.03605769
0 0.61298077 0.29086538 0.02043269 0.03846154
0 0.53245192 0.29567308 0.02403846 0.03725962
0 0.56370192 0.31370192 0.03605769 0.06730769
0 0.50721154 0.37139423 0.01923077 0.03846154
0 0.50360577 0.19951923 0.01923077 0.02524038
0 0.51081731 0.17307692 0.02043269 0.03004808
0 0.48918269 0.26201923 0.02163462 0.03485577
0 0.47836538 0.35937500 0.02163462 0.03245192
0 0.51322115 0.28365385 0.02163462 0.02163462
0 0.45072115 0.18389423 0.02043269 0.03245192
0 0.54567308 0.12620192 0.02043269 0.03725962
0 0.22355769 0.18629808 0.03125000 0.03725962
0 0.18269231 0.06850962 0.02403846 0.03725962
0 0.24399038 0.05528846 0.02163462 0.03485577
0 0.27403846 0.05048077 0.02524038 0.03725962
0 0.28004808 0.08894231 0.01442308 0.03846154
0 0.26322115 0.08653846 0.01442308 0.03004808
0 0.25120192 0.09134615 0.01682692 0.02403846
0 0.24038462 0.09735577 0.01682692 0.03004808
0 0.26682692 0.28245192 0.01442308 0.03725962
0 0.28125000 0.27764423 0.01562500 0.02764423
0 0.29567308 0.28605769 0.01562500 0.04807692
0 0.31129808 0.28725962 0.01923077 0.03605769
0 0.06009615 0.89182692 0.02524038 0.03725962
0 0.67307692 0.82451923 0.01442308 0.04086538
0 0.70432692 0.87379808 0.02043269 0.04086538
0 0.51201923 0.54807692 0.02043269 0.03605769
0 0.49879808 0.50961538 0.01682692 0.03846154
0 0.51923077 0.03245192 0.02043269 0.03485577
