0 0.65985577 0.65865385 0.02644231 0.05048077
0 0.67307692 0.49399038 0.02043269 0.03125000
0 0.69471154 0.49399038 0.01201923 0.02764423
0 0.62500000 0.45432692 0.02403846 0.04807692
0 0.65985577 0.40625000 0.02043269 0.03125000
0 0.76562500 0.33413462 0.02524038 0.03846154
0 0.69471154 0.36298077 0.02644231 0.05048077
0 0.73798077 0.32572115 0.02764423 0.03846154
0 0.71153846 0.30168269 0.02043269 0.03605769
0 0.58173077 0.27403846 0.01923077 0.03485577
0 0.58653846 0.33653846 0.02043269 0.03605769
0 0.60817308 0.31610577 0.02764423 0.04567308
0 0.63100962 0.37259615 0.01682692 0.03245192
0 0.61057692 0.38942308 0.01682692 0.03485577
0 0.52884615 0.40504808 0.02644231 0.04086538
0 0.56610577 0.41826923 0.03605769 0.06730769
0 0.52524038 0.46754808 0.02043269 0.04206731
0 0.50120192 0.29927885 0.01923077 0.02524038
0 0.50961538 0.27163462 0.02043269 0.03125000
0 0.50120192 0.35817308 0.02163462 0.03485577
0 0.49639423 0.45673077 0.02524038 0.03725962
0 0.51923077 0.42067308 0.02043269 0.02043269
0 0.44831731 0.28245192 0.02043269 0.03245192
0 0.54447115 0.22956731 0.02043269 0.03846154
0 0.25841346 0.32692308 0.03605769 0.04206731
0 0.18269231 0.18750000 0.02524038 0.03846154
0 0.24278846 0.16586538 0.02163462 0.03245192
0 0.28245192 0.16826923 0.02403846 0.03605769
0 0.52764423 0.15264423 0.02163462 0.05168269
0 0.30168269 0.16466346 0.01923077 0.03485577
0 0.25000000 0.19591346 0.01562500 0.02644231
0 0.26442308 0.19591346 0.01682692 0.03125000
0 0.28004808 0.19471154 0.01923077 0.02163462
0 0.27764423 0.38461538 0.01562500 0.02644231
0 0.29447115 0.39182692 0.01682692 0.03125000
0 0.30889423 0.39182692 0.01201923 0.03725962
0 0.32331731 0.39423077 0.02163462 0.03725962
0 0.08173077 0.95673077 0.02644231 0.03605769
0 0.50600962 0.64663462 0.01923077 0.03125000
0 0.51682692 0.68870192 0.02043269 0.03605769
0 0.67307692 0.96995192 0.01923077 0.03605769
