0 0.68389423 0.64423077 0.02764423 0.05528846
0 0.68389423 0.44711538 0.02043269 0.03004808
0 0.69711538 0.44110577 0.01201923 0.02764423
0 0.63461538 0.37139423 0.02524038 0.05168269
0 0.66346154 0.35576923 0.02043269 0.03125000
0 0.76442308 0.25961538 0.02403846 0.03725962
0 0.69471154 0.28605769 0.02524038 0.04687500
0 0.74278846 0.24879808 0.02644231 0.03605769
0 0.71274038 0.22596154 0.01682692 0.03245192
0 0.58413462 0.18028846 0.01923077 0.03605769
0 0.58653846 0.23437500 0.02043269 0.03605769
0 0.61778846 0.22596154 0.02644231 0.05649038
0 0.63100962 0.29447115 0.01682692 0.03485577
0 0.61057692 0.31730769 0.02043269 0.03846154
0 0.53245192 0.32451923 0.02524038 0.03846154
0 0.56490385 0.34134615 0.03605769 0.06730769
0 0.51081731 0.39423077 0.01923077 0.04086538
0 0.50961538 0.19471154 0.01923077 0.02644231
0 0.50961538 0.19951923 0.02043269 0.03125000
0 0.49158654 0.28245192 0.02163462 0.03485577
0 0.48076923 0.38341346 0.02403846 0.03605769
0 0.51201923 0.30889423 0.02163462 0.02163462
0 0.44951923 0.20913462 0.02043269 0.03245192
0 0.54447115 0.15024038 0.02043269 0.03725962
0 0.23317308 0.22596154 0.03125000 0.03725962
0 0.18509615 0.09975962 0.02403846 0.03605769
0 0.24519231 0.08173077 0.02163462 0.03485577
0 0.27644231 0.06850962 0.02403846 0.03725962
0 0.52163462 0.06610577 0.02403846 0.05288462
0 0.67788462 0.85576923 0.01562500 0.04326923
0 0.69711538 0.91586538 0.01923077 0.04086538
0 0.06370192 0.91346154 0.02524038 0.03605769
0 0.49879808 0.54687500 0.02043269 0.03485577
0 0.51201923 0.58052885 0.01923077 0.03485577
0 0.26682692 0.30649038 0.01562500 0.03125000
0 0.28365385 0.30649038 0.01682692 0.03125000
0 0.29687500 0.31009615 0.01682692 0.03725962
0 0.31610577 0.31370192 0.02043269 0.03125000
0 0.24278846 0.12379808 0.01201923 0.03004808
0 0.25360577 0.11418269 0.01562500 0.03485577
0 0.26201923 0.10576923 0.01201923 0.03725962
0 0.27884615 0.11538462 0.01081731 0.04567308
