0 0.47956731 0.28966346 0.02644231 0.03605769
0 0.48798077 0.12620192 0.02103365 0.03064904
0 0.50841346 0.12139423 0.01442308 0.02884615
0 0.43990385 0.07692308 0.02584135 0.05288462
0 0.47235577 0.03485577 0.02223558 0.03125000
0 0.42187500 0.01322115 0.02163462 0.02644231
0 0.33894231 0.02043269 0.02884615 0.04086538
0 0.37620192 0.03485577 0.04326923 0.06670673
0 0.33052885 0.08413462 0.02163462 0.04086538
0 0.30168269 0.07451923 0.02524038 0.03725962
0 0.32451923 0.00600962 0.01923077 0.01201923
0 0.08173077 0.00961538 0.01442308 0.01923077
0 0.09495192 0.01201923 0.02163462 0.02403846
0 0.11177885 0.01322115 0.01682692 0.02644231
0 0.12500000 0.01442308 0.02403846 0.02884615
0 0.31370192 0.25721154 0.01742788 0.03004808
0 0.32692308 0.29326923 0.02403846 0.02884615
0 0.05769231 0.63221154 0.01682692 0.02524038
0 0.12139423 0.71033654 0.01742788 0.02584135
0 0.12860577 0.68750000 0.02103365 0.02824519
0 0.13942308 0.64783654 0.01502404 0.02584135
0 0.11658654 0.67548077 0.01322115 0.02764423
0 0.22475962 0.65504808 0.01682692 0.03064904
0 0.23798077 0.49158654 0.02103365 0.04206731
0 0.20072115 0.42427885 0.02343750 0.03004808
0 0.22836538 0.32932692 0.01983173 0.03305288
0 0.47836538 0.45432692 0.01983173 0.03365385
0 0.38461538 0.38341346 0.02644231 0.05709135
0 0.37740385 0.35817308 0.01322115 0.02944712
