0 0.66225962 0.65504808 0.02644231 0.05168269
0 0.67187500 0.48918269 0.02043269 0.03004808
0 0.69471154 0.48437500 0.01201923 0.02764423
0 0.62620192 0.44350962 0.02403846 0.04807692
0 0.65985577 0.39903846 0.02043269 0.03125000
0 0.76442308 0.32211538 0.02403846 0.03846154
0 0.69471154 0.34975962 0.02644231 0.04807692
0 0.74038462 0.31250000 0.02764423 0.04086538
0 0.71153846 0.28725962 0.02043269 0.03605769
0 0.58293269 0.25841346 0.01923077 0.03485577
0 0.58774038 0.32331731 0.02043269 0.03605769
0 0.61177885 0.30048077 0.02644231 0.04326923
0 0.63100962 0.35937500 0.01682692 0.03485577
0 0.61057692 0.37860577 0.01923077 0.03605769
0 0.53004808 0.39182692 0.02644231 0.04086538
0 0.56610577 0.40625000 0.03605769 0.06730769
0 0.52163462 0.45312500 0.01923077 0.04086538
0 0.50120192 0.28605769 0.01923077 0.02644231
0 0.50961538 0.25961538 0.02043269 0.03125000
0 0.49759615 0.34735577 0.02163462 0.03485577
0 0.49278846 0.44350962 0.02403846 0.03605769
0 0.51682692 0.39663462 0.02043269 0.02043269
0 0.44831731 0.27043269 0.01923077 0.03125000
0 0.54326923 0.21153846 0.02043269 0.03725962
0 0.25360577 0.30649038 0.03485577 0.04086538
0 0.18389423 0.17427885 0.02403846 0.03725962
0 0.24399038 0.15384615 0.02163462 0.03245192
0 0.27764423 0.14903846 0.02403846 0.03605769
0 0.52524038 0.13822115 0.02403846 0.05288462
0 0.29807692 0.15264423 0.01923077 0.03485577
0 0.25240385 0.18389423 0.02043269 0.03245192
0 0.26682692 0.18389423 0.02043269 0.04206731
0 0.28245192 0.18149038 0.01923077 0.02644231
0 0.27524038 0.37620192 0.01442308 0.03004808
0 0.29326923 0.37379808 0.01923077 0.03485577
0 0.30649038 0.37500000 0.01562500 0.04086538
0 0.32211538 0.37860577 0.02163462 0.03605769
0 0.07812500 0.95072115 0.02163462 0.03725962
0 0.67427885 0.95072115 0.01923077 0.03004808
0 0.50480769 0.62740385 0.02163462 0.03605769
0 0.51682692 0.66826923 0.01923077 0.03245192
