0 0.04687500 0.57572115 0.03125000 0.04567308
0 0.04447115 0.38100962 0.02283654 0.03185096
0 0.02644231 0.37620192 0.01622596 0.03185096
0 0.09735577 0.32812500 0.02584135 0.05288462
0 0.06370192 0.28245192 0.02403846 0.03485577
0 0.02764423 0.21394231 0.03125000 0.05468750
0 0.00841346 0.14783654 0.01682692 0.03605769
0 0.14783654 0.10697115 0.02403846 0.04206731
0 0.16105769 0.15384615 0.02403846 0.04026442
0 0.11298077 0.16105769 0.03365385 0.05048077
0 0.09615385 0.22596154 0.02103365 0.03906250
0 0.12019231 0.24759615 0.01983173 0.04266827
0 0.20673077 0.26081731 0.03064904 0.04266827
0 0.17067308 0.27524038 0.03906250 0.07391827
0 0.22235577 0.32932692 0.02283654 0.04447115
0 0.23076923 0.11538462 0.01983173 0.02884615
0 0.23076923 0.12019231 0.02644231 0.03605769
0 0.24879808 0.21033654 0.02524038 0.03665865
0 0.25480769 0.31971154 0.02824519 0.04026442
0 0.22475962 0.24038462 0.02163462 0.02043269
0 0.29567308 0.12980769 0.02043269 0.03786058
0 0.19350962 0.05889423 0.02163462 0.04086538
0 0.52403846 0.15625000 0.03485577 0.04266827
0 0.58173077 0.01923077 0.02884615 0.03846154
0 0.52043269 0.00721154 0.02644231 0.01442308
0 0.51562500 0.03365385 0.01622596 0.03365385
0 0.49879808 0.02524038 0.02043269 0.03125000
0 0.48317308 0.03004808 0.01923077 0.04807692
0 0.48918269 0.24038462 0.01382212 0.03305288
0 0.47355769 0.24038462 0.02043269 0.04687500
0 0.45673077 0.24639423 0.01862981 0.04507212
0 0.43990385 0.24519231 0.02103365 0.03966346
0 0.23918269 0.50721154 0.02524038 0.04026442
0 0.22596154 0.55168269 0.02343750 0.04206731
0 0.08173077 0.86658654 0.01502404 0.03365385
0 0.10576923 0.89062500 0.01983173 0.02403846
0 0.15865385 0.83774038 0.03064904 0.04627404
0 0.17788462 0.61418269 0.02884615 0.03125000
0 0.18870192 0.65625000 0.04026442 0.05228365
0 0.62500000 0.66346154 0.02043269 0.03004808
0 0.52644231 0.69951923 0.02283654 0.03485577
0 0.56490385 0.65144231 0.02343750 0.04567308
0 0.51562500 0.64903846 0.02223558 0.03725962
0 0.50000000 0.67548077 0.02463942 0.05228365
0 0.45913462 0.65625000 0.01862981 0.04867788
0 0.45913462 0.63461538 0.03725962 0.06189904
0 0.46995192 0.77283654 0.04867788 0.08894231
0 0.37500000 0.74038462 0.02584135 0.03725962
0 0.63822115 0.77524038 0.02584135 0.04146635
0 0.54447115 0.87379808 0.02944712 0.03605769
0 0.48076923 0.99158654 0.03365385 0.01682692
0 0.75120192 0.99519231 0.01682692 0.00961538
