0 0.17548077 0.36658654 0.02403846 0.02644231
0 0.15504808 0.36538462 0.01682692 0.02884615
0 0.22596154 0.32211538 0.03064904 0.05408654
0 0.19230769 0.27884615 0.02103365 0.03305288
0 0.08533654 0.19350962 0.02764423 0.04146635
0 0.15625000 0.22235577 0.03185096 0.05228365
0 0.10937500 0.18629808 0.03245192 0.04266827
0 0.13942308 0.15985577 0.02163462 0.03665865
0 0.27163462 0.12620192 0.02043269 0.03545673
0 0.26682692 0.19350962 0.02463942 0.03966346
0 0.24038462 0.17067308 0.03185096 0.04627404
0 0.21995192 0.23076923 0.01983173 0.03545673
0 0.24278846 0.25240385 0.01923077 0.03906250
0 0.32692308 0.26442308 0.02824519 0.04266827
0 0.28966346 0.27884615 0.04026442 0.06430288
0 0.33533654 0.32812500 0.01923077 0.04146635
0 0.35456731 0.15745192 0.02043269 0.02824519
0 0.34735577 0.13221154 0.02223558 0.03305288
0 0.36057692 0.21995192 0.02463942 0.03545673
0 0.36418269 0.31971154 0.02403846 0.03786058
0 0.34014423 0.24519231 0.02223558 0.02463942
0 0.40865385 0.14302885 0.02163462 0.03305288
0 0.31129808 0.08052885 0.02103365 0.04026442
0 0.33052885 0.01682692 0.03125000 0.03365385
0 0.80288462 0.36658654 0.02884615 0.02644231
0 0.83173077 0.20552885 0.01983173 0.03846154
