0 0.64423077 0.73437500 0.03725962 0.06370192
0 0.64423077 0.56610577 0.02764423 0.04206731
0 0.66947115 0.57932692 0.01201923 0.02644231
0 0.62980769 0.56129808 0.02403846 0.05168269
0 0.64663462 0.50120192 0.01682692 0.02644231
0 0.76201923 0.44110577 0.02764423 0.04567308
0 0.69350962 0.47115385 0.02644231 0.05048077
0 0.73557692 0.43389423 0.03004808 0.04206731
0 0.71634615 0.40264423 0.02043269 0.03846154
0 0.57091346 0.39903846 0.01562500 0.03125000
0 0.58052885 0.45072115 0.02043269 0.03485577
0 0.59855769 0.44591346 0.02644231 0.04326923
0 0.62379808 0.48076923 0.01682692 0.03245192
0 0.61057692 0.49639423 0.01562500 0.03004808
0 0.53605769 0.50721154 0.02644231 0.04086538
0 0.56971154 0.53725962 0.03605769 0.06370192
0 0.52283654 0.55288462 0.02043269 0.07812500
0 0.51081731 0.40504808 0.01923077 0.02644231
0 0.51562500 0.38461538 0.02043269 0.03125000
0 0.50961538 0.48798077 0.02043269 0.03125000
0 0.50721154 0.56971154 0.02403846 0.03605769
0 0.53846154 0.61057692 0.02043269 0.02764423
0 0.45192308 0.37860577 0.01682692 0.03004808
0 0.54447115 0.32812500 0.01923077 0.03485577
0 0.29326923 0.44951923 0.03245192 0.03846154
0 0.18389423 0.32692308 0.02764423 0.04326923
0 0.24158654 0.29447115 0.02403846 0.03846154
0 0.52644231 0.27403846 0.02163462 0.05168269
0 0.33533654 0.26081731 0.01923077 0.03485577
0 0.46875000 0.05288462 0.02163462 0.03846154
0 0.29687500 0.50600962 0.01081731 0.02764423
0 0.31009615 0.50360577 0.01562500 0.04567308
0 0.32451923 0.50721154 0.01562500 0.04206731
0 0.34014423 0.51802885 0.02043269 0.03846154
0 0.51682692 0.79807692 0.01562500 0.03725962
0 0.52524038 0.83533654 0.02043269 0.03125000
0 0.26562500 0.31971154 0.02043269 0.03605769
0 0.28004808 0.33173077 0.02163462 0.04086538
0 0.29086538 0.33413462 0.01923077 0.03245192
