0 0.36177885 0.61899038 0.04146635 0.06730769
0 0.36899038 0.44711538 0.02884615 0.04326923
0 0.39423077 0.45673077 0.01502404 0.02884615
0 0.34495192 0.43629808 0.03185096 0.05528846
0 0.36658654 0.37860577 0.02163462 0.03004808
0 0.48317308 0.31850962 0.03245192 0.04747596
0 0.41466346 0.34735577 0.02944712 0.05228365
0 0.45552885 0.31009615 0.03004808 0.04266827
0 0.43629808 0.27884615 0.02223558 0.03906250
0 0.28966346 0.26923077 0.01622596 0.02944712
0 0.29567308 0.32572115 0.02223558 0.03665865
0 0.31730769 0.32091346 0.03245192 0.04867788
0 0.34375000 0.36298077 0.01502404 0.03365385
0 0.32692308 0.37379808 0.01502404 0.03185096
0 0.25120192 0.39062500 0.02944712 0.04266827
0 0.28605769 0.41225962 0.04266827 0.06730769
0 0.23677885 0.43269231 0.02223558 0.08052885
0 0.22475962 0.28245192 0.01923077 0.02704327
0 0.22956731 0.26081731 0.02223558 0.03185096
0 0.22355769 0.35697115 0.01983173 0.03185096
0 0.21995192 0.44711538 0.02524038 0.03786058
0 0.25360577 0.48918269 0.02223558 0.02824519
0 0.16466346 0.25240385 0.01742788 0.02884615
0 0.26322115 0.20673077 0.02343750 0.03966346
0 0.00841346 0.32572115 0.01682692 0.04086538
0 0.24158654 0.14663462 0.03004808 0.05468750
0 0.03966346 0.13341346 0.01923077 0.03545673
0 0.23197115 0.67427885 0.02103365 0.03786058
0 0.24278846 0.70312500 0.01923077 0.01201923
0 0.00600962 0.37740385 0.01201923 0.02884615
0 0.02283654 0.37980769 0.01862981 0.04747596
0 0.03485577 0.38461538 0.01262019 0.04266827
0 0.05048077 0.39062500 0.02403846 0.04146635
0 0.00360577 0.20312500 0.00721154 0.03605769
0 0.83293269 0.69951923 0.02644231 0.01923077
0 0.92187500 0.66105769 0.04026442 0.05048077
0 0.90144231 0.63581731 0.03064904 0.06189904
0 0.77524038 0.69711538 0.01682692 0.02403846
0 0.87620192 0.56850962 0.02764423 0.04447115
0 0.51682692 0.98557692 0.02403846 0.02884615
0 0.33413462 0.99639423 0.01923077 0.00721154
0 0.48197115 0.80649038 0.02223558 0.04146635
0 0.99399038 0.99158654 0.01201923 0.01682692
0 0.96875000 0.78725962 0.01682692 0.03004808
0 0.96394231 0.81009615 0.01923077 0.02944712
0 0.95913462 0.84254808 0.01502404 0.03365385
0 0.98677885 0.88341346 0.01862981 0.03365385
0 0.96995192 0.91225962 0.02163462 0.03786058
0 0.88822115 0.91105769 0.02764423 0.03966346
0 0.88581731 0.95192308 0.02403846 0.03305288
0 0.86418269 0.84014423 0.02103365 0.02884615
0 0.87139423 0.80528846 0.01923077 0.02944712
0 0.88221154 0.75240385 0.02644231 0.04026442
0 0.75480769 0.99519231 0.02884615 0.00961538
0 0.77524038 0.96274038 0.01923077 0.02403846
0 0.77403846 0.93389423 0.02704327 0.04266827
0 0.76201923 0.76682692 0.01983173 0.03305288
0 0.67548077 0.73197115 0.02704327 0.04086538
0 0.61418269 0.74519231 0.01201923 0.04326923
0 0.62500000 0.75841346 0.01502404 0.04146635
0 0.63221154 0.74038462 0.02283654 0.03966346
0 0.84615385 0.97475962 0.01983173 0.03185096
