0 0.64663462 0.70673077 0.03605769 0.06370192
0 0.65745192 0.53846154 0.02644231 0.03846154
0 0.68149038 0.54567308 0.01201923 0.02764423
0 0.62500000 0.52403846 0.02403846 0.04807692
0 0.65024038 0.47355769 0.01923077 0.02764423
0 0.76322115 0.40625000 0.02644231 0.04086538
0 0.69471154 0.43629808 0.02644231 0.05048077
0 0.73557692 0.40024038 0.02764423 0.03846154
0 0.71514423 0.36899038 0.02043269 0.03605769
0 0.57211538 0.34975962 0.01682692 0.03125000
0 0.57932692 0.41346154 0.02043269 0.03605769
0 0.60576923 0.40625000 0.02644231 0.04326923
0 0.62860577 0.44831731 0.01682692 0.03485577
0 0.61057692 0.46153846 0.01562500 0.03125000
0 0.53125000 0.47836538 0.02644231 0.04206731
0 0.56971154 0.49879808 0.03725962 0.06730769
0 0.51923077 0.51562500 0.01923077 0.07451923
0 0.50961538 0.37379808 0.01923077 0.02524038
0 0.51201923 0.35096154 0.02043269 0.03125000
0 0.50721154 0.43389423 0.02043269 0.03125000
0 0.50360577 0.53004808 0.02163462 0.03125000
0 0.53245192 0.56730769 0.02043269 0.02644231
0 0.44951923 0.33894231 0.01682692 0.03004808
0 0.54326923 0.29326923 0.02043269 0.03846154
0 0.28004808 0.41586538 0.03485577 0.04086538
0 0.18389423 0.27524038 0.02764423 0.04326923
0 0.24158654 0.24759615 0.02403846 0.03725962
0 0.52524038 0.23677885 0.02403846 0.05288462
0 0.32451923 0.22596154 0.01923077 0.03485577
0 0.51081731 0.74278846 0.02043269 0.03725962
0 0.52283654 0.78846154 0.02403846 0.03485577
0 0.29086538 0.46634615 0.01562500 0.03125000
0 0.30528846 0.46153846 0.01562500 0.04326923
0 0.31971154 0.46875000 0.01442308 0.04687500
0 0.33293269 0.47596154 0.02043269 0.03485577
0 0.26081731 0.28125000 0.01442308 0.03125000
0 0.27403846 0.28725962 0.01442308 0.04326923
0 0.28365385 0.28605769 0.01201923 0.03004808
