0 0.39062500 0.52884615 0.03846154 0.06490385
0 0.39783654 0.35817308 0.03125000 0.04447115
0 0.42427885 0.36778846 0.01262019 0.02884615
0 0.37019231 0.34735577 0.02884615 0.05108173
0 0.39302885 0.29326923 0.01923077 0.02884615
0 0.50961538 0.22716346 0.03245192 0.04627404
0 0.43990385 0.25600962 0.03004808 0.05168269
0 0.48197115 0.22115385 0.03245192 0.04326923
0 0.46153846 0.18509615 0.02343750 0.03846154
0 0.31490385 0.15985577 0.01742788 0.03185096
0 0.32331731 0.23557692 0.02223558 0.03485577
0 0.34615385 0.22956731 0.03004808 0.04627404
0 0.37019231 0.26682692 0.02103365 0.03485577
0 0.35456731 0.28365385 0.01983173 0.03365385
0 0.27644231 0.29927885 0.02644231 0.04206731
0 0.31370192 0.32211538 0.03966346 0.06610577
0 0.26442308 0.34134615 0.02584135 0.08052885
0 0.25120192 0.19471154 0.02163462 0.02884615
0 0.25600962 0.17067308 0.02223558 0.03125000
0 0.25000000 0.25360577 0.02103365 0.03125000
0 0.24639423 0.35456731 0.02403846 0.03665865
0 0.27764423 0.39543269 0.02343750 0.02764423
0 0.19230769 0.16225962 0.01983173 0.03064904
0 0.28605769 0.11177885 0.02223558 0.03966346
0 0.02403846 0.23798077 0.03365385 0.03906250
0 0.26802885 0.05769231 0.02764423 0.05468750
0 0.06850962 0.04807692 0.01923077 0.03425481
0 0.25600962 0.57932692 0.01862981 0.03425481
0 0.03125000 0.28605769 0.01502404 0.03425481
0 0.04687500 0.28966346 0.01862981 0.04507212
0 0.06129808 0.29807692 0.01862981 0.03605769
0 0.07572115 0.30168269 0.01742788 0.03365385
0 0.00360577 0.09855769 0.00721154 0.02884615
0 0.01201923 0.10937500 0.01502404 0.04026442
0 0.02403846 0.11057692 0.01983173 0.02524038
0 0.14663462 0.99519231 0.01923077 0.00961538
0 0.08533654 0.99158654 0.02644231 0.01682692
0 0.17788462 0.94951923 0.03725962 0.04567308
0 0.08894231 0.98076923 0.03125000 0.03485577
0 0.15745192 0.89302885 0.02103365 0.04567308
0 0.13100962 0.76081731 0.02524038 0.04326923
0 0.82572115 0.97596154 0.03605769 0.04807692
0 0.84254808 0.98197115 0.03125000 0.03605769
0 0.61057692 0.90504808 0.03846154 0.05048077
0 0.59735577 0.87980769 0.01682692 0.06250000
