0 0.36418269 0.20913462 0.04146635 0.06971154
0 0.37379808 0.03485577 0.02584135 0.03665865
0 0.40384615 0.03485577 0.01742788 0.03305288
0 0.32932692 0.01201923 0.02884615 0.02403846
0 0.22115385 0.01562500 0.02403846 0.03125000
0 0.19711538 0.00841346 0.02884615 0.01682692
0 0.39903846 0.95192308 0.04266827 0.05709135
0 0.37860577 0.92668269 0.04747596 0.06850962
0 0.18269231 0.97716346 0.02884615 0.04567308
0 0.22355769 0.98557692 0.02403846 0.02884615
0 0.14543269 0.93750000 0.02223558 0.02884615
0 0.14302885 0.93149038 0.02103365 0.03125000
0 0.07692308 0.94110577 0.03004808 0.05709135
0 0.17548077 0.87019231 0.03906250 0.04927885
0 0.07812500 0.92548077 0.03365385 0.03906250
0 0.15745192 0.82211538 0.02403846 0.04867788
0 0.12259615 0.69951923 0.02824519 0.04807692
0 0.02163462 0.95673077 0.01021635 0.02043269
0 0.01081731 0.95072115 0.01262019 0.02884615
0 0.00240385 0.93990385 0.00480769 0.04807692
