0 0.04687500 0.19110577 0.04567308 0.07091346
0 0.03846154 0.01802885 0.03365385 0.03605769
0 0.01442308 0.02403846 0.01502404 0.02944712
0 0.06370192 0.01442308 0.02644231 0.02884615
0 0.17548077 0.01923077 0.02884615 0.03846154
0 0.19230769 0.01682692 0.02884615 0.03365385
0 0.15865385 0.05769231 0.02403846 0.02824519
0 0.18149038 0.24879808 0.02103365 0.03966346
0 0.16947115 0.28125000 0.02163462 0.01442308
0 0.48317308 0.75000000 0.03425481 0.04927885
0 0.86298077 0.86177885 0.03605769 0.04507212
