0 0.52163462 0.43389423 0.04326923 0.07091346
0 0.52163462 0.25240385 0.03305288 0.04567308
0 0.54807692 0.26562500 0.01502404 0.02884615
0 0.50480769 0.24759615 0.02463942 0.05408654
0 0.52283654 0.18269231 0.01983173 0.03004808
0 0.44230769 0.07091346 0.01802885 0.03365385
0 0.45192308 0.12740385 0.02403846 0.03906250
0 0.47115385 0.12259615 0.03125000 0.04867788
0 0.49879808 0.16105769 0.01983173 0.03485577
0 0.48437500 0.17668269 0.01802885 0.03185096
0 0.40384615 0.18870192 0.03245192 0.04747596
0 0.44110577 0.21995192 0.04567308 0.07331731
0 0.38942308 0.23677885 0.02403846 0.08413462
0 0.37740385 0.07812500 0.02103365 0.02884615
0 0.38221154 0.05649038 0.02163462 0.03365385
0 0.37620192 0.16706731 0.02163462 0.03365385
0 0.37259615 0.25600962 0.02704327 0.03966346
0 0.40625000 0.30048077 0.02283654 0.03064904
0 0.31250000 0.04927885 0.01862981 0.03185096
0 0.41225962 0.00600962 0.02163462 0.01201923
0 0.14182692 0.12620192 0.03846154 0.04266827
0 0.02163462 0.00841346 0.02884615 0.01682692
0 0.14543269 0.18750000 0.01442308 0.02944712
0 0.15985577 0.18389423 0.01682692 0.04987981
0 0.17548077 0.18870192 0.01923077 0.04567308
0 0.19230769 0.20072115 0.02644231 0.04266827
0 0.38221154 0.50000000 0.01923077 0.03846154
0 0.12740385 0.01081731 0.02884615 0.02163462
0 0.13822115 0.00961538 0.02163462 0.01923077
