0 0.64423077 0.72355769 0.03605769 0.06370192
0 0.65024038 0.55528846 0.02764423 0.04206731
0 0.67548077 0.56610577 0.01201923 0.02764423
0 0.62740385 0.54447115 0.02524038 0.05168269
0 0.64903846 0.48918269 0.01923077 0.02764423
0 0.76201923 0.43028846 0.02764423 0.04326923
0 0.69471154 0.45913462 0.02644231 0.05048077
0 0.73557692 0.42187500 0.02764423 0.04086538
0 0.71634615 0.39182692 0.02043269 0.03846154
0 0.57331731 0.38221154 0.01562500 0.03004808
0 0.57932692 0.43629808 0.02043269 0.03485577
0 0.59975962 0.43149038 0.02764423 0.04567308
0 0.62620192 0.47355769 0.01562500 0.03245192
0 0.61057692 0.48317308 0.01562500 0.03125000
0 0.53605769 0.50120192 0.02644231 0.04086538
0 0.56971154 0.52163462 0.03605769 0.06370192
0 0.52163462 0.54086538 0.02043269 0.07812500
0 0.50961538 0.39423077 0.01923077 0.02644231
0 0.51442308 0.37379808 0.02043269 0.03125000
0 0.50841346 0.46754808 0.02043269 0.03125000
0 0.50600962 0.55649038 0.02403846 0.03605769
0 0.53846154 0.59735577 0.02043269 0.02644231
0 0.45072115 0.36538462 0.01682692 0.02764423
0 0.54807692 0.32091346 0.02043269 0.03725962
0 0.29086538 0.43870192 0.03245192 0.03846154
0 0.18509615 0.30889423 0.02764423 0.04326923
0 0.24158654 0.28245192 0.02403846 0.03725962
0 0.52644231 0.26201923 0.02403846 0.05288462
0 0.32932692 0.24879808 0.01923077 0.03485577
0 0.46754808 0.03365385 0.02043269 0.03605769
0 0.51682692 0.77764423 0.01682692 0.03605769
0 0.52764423 0.81610577 0.01923077 0.03004808
0 0.29567308 0.48918269 0.01442308 0.02764423
0 0.31129808 0.49038462 0.01562500 0.04567308
0 0.32451923 0.49399038 0.01201923 0.04086538
0 0.33894231 0.50120192 0.01923077 0.03846154
0 0.26442308 0.30889423 0.02043269 0.02764423
0 0.27884615 0.31370192 0.01682692 0.04086538
0 0.28846154 0.31850962 0.01562500 0.03125000
