0 0.02043269 0.41466346 0.04086538 0.06971154
0 0.01081731 0.23557692 0.02163462 0.04326923
0 0.04206731 0.21995192 0.03064904 0.05228365
0 0.01442308 0.16586538 0.02223558 0.03064904
0 0.09735577 0.03365385 0.01983173 0.03365385
0 0.09014423 0.10216346 0.02163462 0.03846154
0 0.06250000 0.09495192 0.03245192 0.04747596
0 0.03846154 0.13942308 0.01983173 0.03786058
0 0.05769231 0.15264423 0.02043269 0.03485577
0 0.14182692 0.17187500 0.02884615 0.04507212
0 0.10096154 0.19350962 0.04507212 0.07451923
0 0.15504808 0.21153846 0.02824519 0.08233173
0 0.16586538 0.06009615 0.02103365 0.02644231
0 0.16225962 0.03605769 0.02163462 0.03365385
0 0.16706731 0.12500000 0.02163462 0.03365385
0 0.17187500 0.22716346 0.02223558 0.03365385
0 0.14062500 0.26682692 0.02283654 0.02884615
0 0.22836538 0.02283654 0.01862981 0.03125000
0 0.40985577 0.10576923 0.03906250 0.04567308
0 0.16346154 0.45312500 0.02163462 0.04026442
0 0.15144231 0.50360577 0.02584135 0.03665865
0 0.39783654 0.15865385 0.01682692 0.03365385
0 0.38341346 0.15384615 0.01802885 0.04747596
0 0.36658654 0.16105769 0.01923077 0.05168269
0 0.35336538 0.16947115 0.02644231 0.03786058
0 0.42067308 0.92307692 0.02283654 0.03605769
0 0.45432692 0.98677885 0.02884615 0.02644231
0 0.55408654 0.81129808 0.01201923 0.04567308
