0 0.50480769 0.29807692 0.00961538 0.02403846
0 0.50480769 0.27764423 0.00961538 0.03125000
0 0.50360577 0.35576923 0.01201923 0.02403846
0 0.44951923 0.26562500 0.01562500 0.03064904
0 0.27884615 0.34254808 0.03665865 0.04326923
0 0.18149038 0.20192308 0.03365385 0.04627404
0 0.23918269 0.17307692 0.02403846 0.03786058
0 0.32331731 0.15144231 0.02163462 0.03545673
0 0.25961538 0.20673077 0.01562500 0.03245192
0 0.27283654 0.21274038 0.01682692 0.04507212
0 0.28245192 0.21153846 0.01442308 0.02944712
0 0.63581731 0.28485577 0.03605769 0.05829327
0 0.65144231 0.25480769 0.02463942 0.03786058
0 0.64783654 0.20192308 0.03485577 0.06370192
0 0.64783654 0.14783654 0.01923077 0.03665865
0 0.76442308 0.09375000 0.02824519 0.04026442
0 0.70552885 0.09375000 0.02163462 0.04387019
0 0.75000000 0.06370192 0.02403846 0.03064904
0 0.72596154 0.02644231 0.02163462 0.03545673
0 0.56850962 0.02764423 0.02283654 0.03725962
0 0.59975962 0.06370192 0.01923077 0.03185096
0 0.63461538 0.12860577 0.02043269 0.05528846
0 0.60697115 0.09615385 0.01322115 0.02403846
0 0.58052885 0.10576923 0.02283654 0.03545673
0 0.60456731 0.19591346 0.03906250 0.06310096
0 0.54447115 0.21033654 0.03245192 0.10697115
0 0.52644231 0.02163462 0.01802885 0.02403846
0 0.52283654 0.01322115 0.02163462 0.02644231
0 0.52283654 0.21033654 0.02343750 0.05108173
0 0.54687500 0.24519231 0.02644231 0.03906250
0 0.57331731 0.26802885 0.02584135 0.03185096
0 0.66105769 0.18509615 0.01923077 0.04387019
0 0.10336538 0.85096154 0.03605769 0.04026442
0 0.04927885 0.79687500 0.01923077 0.02644231
0 0.01081731 0.78605769 0.01622596 0.03485577
