0 0.63942308 0.77283654 0.03245192 0.05769231
0 0.65264423 0.64783654 0.02644231 0.03846154
0 0.64423077 0.61177885 0.01442308 0.02764423
0 0.63461538 0.61298077 0.02524038 0.05168269
0 0.63822115 0.56610577 0.01682692 0.03485577
0 0.76322115 0.49639423 0.02403846 0.03485577
0 0.69350962 0.52043269 0.02524038 0.04687500
0 0.73557692 0.48798077 0.02403846 0.03125000
0 0.71634615 0.45432692 0.02043269 0.03846154
0 0.56250000 0.45673077 0.01682692 0.03125000
0 0.58052885 0.50120192 0.02043269 0.03485577
0 0.59615385 0.50120192 0.02524038 0.03846154
0 0.61899038 0.54447115 0.01682692 0.05048077
0 0.60336538 0.51923077 0.01201923 0.02644231
0 0.53846154 0.55889423 0.02644231 0.04086538
0 0.57451923 0.59254808 0.03605769 0.06730769
0 0.52524038 0.60336538 0.02043269 0.08173077
0 0.51322115 0.44711538 0.01682692 0.02524038
0 0.51442308 0.42908654 0.02043269 0.03125000
0 0.51562500 0.54927885 0.01923077 0.03004808
0 0.51201923 0.62379808 0.02403846 0.03605769
0 0.54326923 0.66826923 0.02403846 0.03125000
0 0.45312500 0.43389423 0.01923077 0.03125000
0 0.54206731 0.37860577 0.03605769 0.03725962
0 0.32211538 0.48317308 0.03125000 0.03725962
0 0.18750000 0.39182692 0.02764423 0.04326923
0 0.24879808 0.35096154 0.02524038 0.03846154
0 0.52644231 0.32451923 0.02163462 0.05168269
0 0.34014423 0.31610577 0.01923077 0.03485577
0 0.47596154 0.11658654 0.02163462 0.03846154
0 0.27403846 0.37860577 0.02524038 0.03605769
0 0.29086538 0.38942308 0.02403846 0.03725962
0 0.30528846 0.56250000 0.01201923 0.03125000
0 0.31971154 0.56370192 0.02043269 0.04086538
0 0.33413462 0.56971154 0.01562500 0.04206731
0 0.34975962 0.57211538 0.02043269 0.03605769
0 0.52163462 0.86418269 0.02524038 0.03485577
0 0.53245192 0.90504808 0.02043269 0.03846154
