0 0.62980769 0.80769231 0.03245192 0.05769231
0 0.64423077 0.70913462 0.02764423 0.04206731
0 0.62740385 0.66706731 0.02644231 0.05649038
0 0.63701923 0.61778846 0.01923077 0.03605769
0 0.75721154 0.55048077 0.02524038 0.03846154
0 0.69350962 0.56971154 0.02163462 0.04326923
0 0.73437500 0.53485577 0.02403846 0.03004808
0 0.71514423 0.49879808 0.02043269 0.03605769
0 0.56129808 0.51201923 0.01682692 0.03125000
0 0.57932692 0.55168269 0.02043269 0.03485577
0 0.61778846 0.59855769 0.01923077 0.05168269
0 0.59254808 0.57211538 0.01201923 0.02524038
0 0.54927885 0.59975962 0.02403846 0.03605769
0 0.57932692 0.64543269 0.03605769 0.06730769
0 0.52884615 0.65745192 0.02403846 0.09014423
0 0.51201923 0.49759615 0.01682692 0.02524038
0 0.51201923 0.47235577 0.02043269 0.03004808
0 0.51442308 0.61899038 0.01682692 0.04326923
0 0.51682692 0.68389423 0.02644231 0.04206731
0 0.55048077 0.72115385 0.02403846 0.03125000
0 0.44711538 0.47836538 0.02043269 0.03485577
0 0.54326923 0.42548077 0.03605769 0.03725962
0 0.35576923 0.51442308 0.02764423 0.03245192
0 0.19591346 0.44591346 0.02764423 0.04326923
0 0.25721154 0.40745192 0.02644231 0.04086538
0 0.52524038 0.37259615 0.02043269 0.04567308
0 0.34254808 0.37740385 0.02043269 0.03725962
0 0.48317308 0.16947115 0.02163462 0.03846154
0 0.64423077 0.65264423 0.01562500 0.03846154
0 0.28605769 0.43269231 0.02524038 0.03245192
0 0.30649038 0.44471154 0.02524038 0.03605769
0 0.31250000 0.61538462 0.01081731 0.02644231
0 0.32692308 0.62139423 0.02163462 0.03485577
0 0.33894231 0.62620192 0.01562500 0.03605769
0 0.35456731 0.63221154 0.02163462 0.03125000
0 0.52644231 0.92788462 0.01923077 0.03846154
0 0.53485577 0.96995192 0.02644231 0.03846154
