0 0.62740385 0.81730769 0.03125000 0.05649038
0 0.64423077 0.72596154 0.02644231 0.03846154
0 0.62860577 0.68149038 0.02644231 0.05649038
0 0.63581731 0.63221154 0.01923077 0.03605769
0 0.75721154 0.56129808 0.02524038 0.03846154
0 0.69350962 0.58173077 0.02163462 0.04326923
0 0.73437500 0.54807692 0.02403846 0.03004808
0 0.71634615 0.51682692 0.02043269 0.03605769
0 0.56129808 0.52403846 0.01682692 0.03125000
0 0.57932692 0.56129808 0.02043269 0.03485577
0 0.61778846 0.61057692 0.01923077 0.05168269
0 0.59014423 0.58653846 0.01201923 0.02524038
0 0.55408654 0.60697115 0.02403846 0.03605769
0 0.58052885 0.65985577 0.03605769 0.06730769
0 0.52764423 0.67187500 0.02403846 0.09014423
0 0.51442308 0.50600962 0.01682692 0.02524038
0 0.51201923 0.48317308 0.02043269 0.03004808
0 0.51322115 0.63581731 0.01923077 0.04567308
0 0.51923077 0.69591346 0.02644231 0.04206731
0 0.54807692 0.73437500 0.02163462 0.03004808
0 0.44711538 0.48557692 0.02043269 0.03485577
0 0.54326923 0.43750000 0.03485577 0.03485577
0 0.36538462 0.52163462 0.03004808 0.03485577
0 0.19831731 0.45913462 0.03004808 0.04567308
0 0.25961538 0.42307692 0.02524038 0.03846154
0 0.52403846 0.38581731 0.02043269 0.04567308
0 0.34375000 0.39062500 0.02043269 0.03725962
0 0.48437500 0.18870192 0.02163462 0.03725962
0 0.64423077 0.66586538 0.01562500 0.03846154
0 0.52884615 0.94711538 0.01923077 0.03485577
0 0.53725962 0.98437500 0.02403846 0.03125000
0 0.31490385 0.63100962 0.01081731 0.03485577
0 0.32932692 0.63341346 0.02163462 0.04326923
0 0.34495192 0.63701923 0.02163462 0.04326923
0 0.36057692 0.64903846 0.01923077 0.04326923
0 0.28725962 0.44831731 0.03605769 0.03725962
0 0.31370192 0.46514423 0.02043269 0.03725962
