0 0.37500000 0.37500000 0.02884615 0.00961538
0 0.34855769 0.37019231 0.02403846 0.01923077
0 0.33173077 0.33894231 0.02223558 0.03906250
0 0.17187500 0.35336538 0.01983173 0.03485577
0 0.19110577 0.37620192 0.02163462 0.00721154
0 0.12259615 0.33173077 0.01862981 0.02463942
0 0.12139423 0.30288462 0.02103365 0.02944712
0 0.05649038 0.31730769 0.01923077 0.03305288
0 0.15384615 0.26442308 0.03906250 0.03966346
0 0.13461538 0.20913462 0.02343750 0.04927885
0 0.09134615 0.00841346 0.02403846 0.01682692
0 0.59975962 0.16105769 0.02163462 0.03846154
0 0.53245192 0.83533654 0.04266827 0.08052885
0 0.54086538 0.67548077 0.02524038 0.03425481
0 0.55048077 0.64423077 0.01562500 0.02884615
0 0.53004808 0.61418269 0.02163462 0.04026442
0 0.51322115 0.56730769 0.02764423 0.03665865
0 0.54326923 0.45673077 0.03064904 0.04026442
0 0.57091346 0.42427885 0.03425481 0.03425481
0 0.55889423 0.39062500 0.01682692 0.02163462
0 0.44591346 0.39062500 0.02163462 0.02163462
0 0.46514423 0.40264423 0.02403846 0.04146635
0 0.48076923 0.45552885 0.02223558 0.03485577
0 0.45793269 0.49038462 0.02584135 0.04387019
0 0.36899038 0.50240385 0.02764423 0.03966346
0 0.38701923 0.47956731 0.02884615 0.03846154
0 0.29206731 0.60456731 0.01983173 0.03846154
0 0.34735577 0.40024038 0.02043269 0.02824519
0 0.28245192 0.49879808 0.02103365 0.03365385
0 0.27403846 0.55649038 0.02163462 0.03185096
0 0.31370192 0.50480769 0.02824519 0.02944712
0 0.09375000 0.42307692 0.02403846 0.04266827
0 0.06129808 0.43990385 0.01141827 0.03425481
0 0.07812500 0.45673077 0.02223558 0.03906250
0 0.10456731 0.47355769 0.02463942 0.03906250
0 0.33173077 0.60697115 0.02223558 0.03305288
0 0.33293269 0.65264423 0.02223558 0.03846154
0 0.49879808 0.90144231 0.01862981 0.03545673
0 0.58653846 0.90024038 0.00480769 0.04086538
0 0.72355769 0.88221154 0.03125000 0.05889423
0 0.78846154 0.77043269 0.02343750 0.05108173
