0 0.32331731 0.32572115 0.01923077 0.03545673
0 0.34375000 0.36658654 0.02584135 0.03786058
0 0.37620192 0.41947115 0.00721154 0.06009615
0 0.35576923 0.39302885 0.01502404 0.02704327
0 0.31490385 0.41586538 0.02704327 0.04026442
0 0.34495192 0.47475962 0.04507212 0.07632212
0 0.28725962 0.48798077 0.02584135 0.10036058
0 0.27163462 0.30528846 0.02163462 0.02944712
0 0.26923077 0.28125000 0.02343750 0.03305288
0 0.27043269 0.44831731 0.02103365 0.04987981
0 0.27764423 0.51442308 0.03004808 0.04747596
0 0.30889423 0.55649038 0.02644231 0.03305288
0 0.19711538 0.28245192 0.02343750 0.03665865
0 0.30288462 0.22956731 0.04146635 0.04026442
0 0.10697115 0.32211538 0.03425481 0.04026442
0 0.28245192 0.17307692 0.02343750 0.04867788
0 0.08413462 0.17788462 0.02463942 0.03966346
0 0.05168269 0.44230769 0.01562500 0.03786058
0 0.06850962 0.44591346 0.02884615 0.04927885
0 0.08533654 0.44951923 0.02403846 0.04807692
0 0.10216346 0.46153846 0.02584135 0.04927885
0 0.02163462 0.24158654 0.04026442 0.04206731
0 0.05048077 0.26081731 0.02704327 0.04206731
0 0.82091346 0.98677885 0.04086538 0.02644231
0 0.80048077 0.97355769 0.02403846 0.05288462
0 0.76802885 0.88221154 0.02824519 0.04807692
