0 0.62620192 0.82572115 0.03125000 0.05649038
0 0.64182692 0.74038462 0.02644231 0.03846154
0 0.62860577 0.69591346 0.02644231 0.05649038
0 0.63581731 0.64423077 0.01923077 0.03605769
0 0.75600962 0.57451923 0.02524038 0.03846154
0 0.69350962 0.59254808 0.02163462 0.04326923
0 0.73557692 0.56009615 0.02403846 0.03004808
0 0.71514423 0.52163462 0.02043269 0.03605769
0 0.56009615 0.53485577 0.01682692 0.03125000
0 0.58173077 0.57211538 0.01923077 0.03245192
0 0.61778846 0.62379808 0.01923077 0.05168269
0 0.59254808 0.59495192 0.01201923 0.02524038
0 0.55528846 0.61778846 0.02403846 0.03605769
0 0.58052885 0.67427885 0.03846154 0.06971154
0 0.52764423 0.68750000 0.02403846 0.09014423
0 0.51442308 0.51802885 0.01682692 0.02524038
0 0.51201923 0.49879808 0.02043269 0.03004808
0 0.51201923 0.65745192 0.02043269 0.04687500
0 0.52163462 0.71153846 0.02764423 0.04326923
0 0.54807692 0.74879808 0.02163462 0.03004808
0 0.44711538 0.49399038 0.02043269 0.03485577
0 0.54326923 0.44951923 0.03485577 0.03485577
0 0.37139423 0.52764423 0.02764423 0.03245192
0 0.20192308 0.47235577 0.03125000 0.04807692
0 0.26201923 0.43990385 0.02403846 0.03846154
0 0.52403846 0.39663462 0.02043269 0.04567308
0 0.34254808 0.40264423 0.02043269 0.03725962
0 0.48557692 0.20432692 0.02163462 0.03725962
0 0.64543269 0.67788462 0.01562500 0.03846154
0 0.53125000 0.95913462 0.01562500 0.03725962
0 0.31610577 0.64423077 0.01201923 0.03125000
0 0.33173077 0.64423077 0.01562500 0.04086538
0 0.34495192 0.65144231 0.01562500 0.03605769
0 0.35937500 0.65384615 0.02043269 0.03846154
0 0.29326923 0.46754808 0.02764423 0.03485577
0 0.30889423 0.47235577 0.02764423 0.04206731
