0 0.42307692 0.15745192 0.01923077 0.03605769
0 0.44831731 0.18990385 0.01622596 0.02524038
0 0.47475962 0.25600962 0.00721154 0.05048077
0 0.45793269 0.23197115 0.01322115 0.02644231
0 0.42548077 0.24519231 0.02043269 0.03425481
0 0.45072115 0.31009615 0.03605769 0.03846154
0 0.39302885 0.30649038 0.02644231 0.04567308
0 0.37740385 0.15504808 0.02043269 0.02524038
0 0.38221154 0.14543269 0.02163462 0.03004808
0 0.37379808 0.31490385 0.02163462 0.02884615
0 0.31370192 0.15745192 0.02524038 0.05228365
0 0.40745192 0.09134615 0.03485577 0.04507212
0 0.27764423 0.13942308 0.03305288 0.03665865
0 0.07692308 0.10456731 0.03545673 0.05168269
0 0.13581731 0.08653846 0.02403846 0.03906250
0 0.38701923 0.03605769 0.02223558 0.04867788
0 0.20913462 0.05889423 0.02043269 0.03545673
0 0.17307692 0.11899038 0.02403846 0.02403846
0 0.19110577 0.12379808 0.01442308 0.02103365
0 0.20312500 0.12740385 0.01382212 0.03245192
0 0.18870192 0.29326923 0.01442308 0.02764423
0 0.20072115 0.29326923 0.01622596 0.03305288
0 0.21634615 0.29927885 0.02163462 0.03665865
0 0.23557692 0.30288462 0.01562500 0.03004808
0 0.53605769 0.31009615 0.02403846 0.03846154
0 0.52403846 0.82812500 0.02584135 0.03725962
