0 0.50480769 0.31370192 0.02403846 0.03966346
0 0.54086538 0.34615385 0.01983173 0.03485577
0 0.57211538 0.38822115 0.02884615 0.02163462
0 0.54927885 0.37740385 0.01262019 0.02824519
0 0.51923077 0.38461538 0.02884615 0.02884615
0 0.46274038 0.30288462 0.01923077 0.02824519
0 0.46033654 0.29447115 0.02283654 0.03185096
0 0.39302885 0.30168269 0.02704327 0.06250000
0 0.49519231 0.23197115 0.03725962 0.04567308
0 0.38942308 0.27644231 0.03966346 0.04507212
0 0.14903846 0.25721154 0.04326923 0.06370192
0 0.23076923 0.25841346 0.02463942 0.02403846
0 0.47235577 0.17307692 0.02163462 0.04867788
0 0.27764423 0.23076923 0.01923077 0.03365385
0 0.44230769 0.02043269 0.02403846 0.04086538
0 0.26322115 0.27884615 0.01682692 0.03305288
0 0.27764423 0.28004808 0.01682692 0.03665865
0 0.29206731 0.28485577 0.01201923 0.03064904
0 0.30168269 0.29687500 0.00961538 0.03365385
0 0.98918269 0.37860577 0.02163462 0.04086538
0 0.99158654 0.17548077 0.01682692 0.03365385
0 0.99639423 0.15504808 0.00721154 0.03125000
0 0.93269231 0.09375000 0.02163462 0.04747596
0 0.96153846 0.06370192 0.02283654 0.03485577
0 0.90745192 0.01442308 0.02163462 0.02884615
0 0.81730769 0.01682692 0.02403846 0.03365385
0 0.84975962 0.03245192 0.04567308 0.06490385
0 0.78245192 0.09254808 0.02463942 0.04266827
0 0.75000000 0.07932692 0.02524038 0.03485577
0 0.79206731 0.00600962 0.02644231 0.01201923
0 0.78004808 0.22475962 0.02163462 0.03365385
0 0.79206731 0.26923077 0.02163462 0.03725962
0 0.29567308 0.41466346 0.01923077 0.03125000
0 0.31730769 0.40865385 0.02403846 0.01923077
0 0.35697115 0.47836538 0.03545673 0.06850962
0 0.44350962 0.44711538 0.02704327 0.03786058
0 0.18509615 0.48677885 0.02824519 0.04266827
0 0.27884615 0.57692308 0.02463942 0.03365385
0 0.33293269 0.71514423 0.03064904 0.04086538
0 0.46875000 0.81971154 0.02824519 0.04447115
0 0.51081731 0.90504808 0.02403846 0.03966346
0 0.47836538 0.90745192 0.04507212 0.05889423
0 0.32692308 0.92548077 0.04747596 0.05709135
0 0.31610577 0.85697115 0.02283654 0.05468750
0 0.27884615 0.74879808 0.03605769 0.07211538
0 0.19831731 0.88942308 0.02403846 0.03365385
0 0.16826923 0.93990385 0.02884615 0.03365385
0 0.16947115 0.88701923 0.02644231 0.03485577
0 0.16947115 0.73317308 0.03485577 0.05829327
0 0.12740385 0.76322115 0.02584135 0.03665865
0 0.04086538 0.72716346 0.04086538 0.05048077
0 0.13100962 0.78725962 0.02764423 0.06250000
0 0.06129808 0.77764423 0.02884615 0.03725962
0 0.69350962 0.98918269 0.02644231 0.02163462
