0 0.62139423 0.88100962 0.03125000 0.05649038
0 0.63701923 0.83894231 0.02644231 0.03846154
0 0.63461538 0.78485577 0.02764423 0.05889423
0 0.63461538 0.73197115 0.01923077 0.03605769
0 0.75120192 0.68028846 0.02524038 0.03846154
0 0.69230769 0.67908654 0.02163462 0.04326923
0 0.73557692 0.65024038 0.02403846 0.03004808
0 0.71274038 0.61298077 0.01923077 0.03485577
0 0.55649038 0.61057692 0.01923077 0.03605769
0 0.58533654 0.65024038 0.01923077 0.03245192
0 0.62019231 0.71274038 0.01923077 0.05168269
0 0.59375000 0.68629808 0.01201923 0.02644231
0 0.56490385 0.69591346 0.02163462 0.03485577
0 0.58894231 0.77884615 0.03605769 0.06370192
0 0.53004808 0.79326923 0.02644231 0.10456731
0 0.51442308 0.60817308 0.01682692 0.02403846
0 0.51201923 0.59975962 0.02043269 0.02764423
0 0.51201923 0.79326923 0.02163462 0.05288462
0 0.53245192 0.82932692 0.02644231 0.04206731
0 0.56129808 0.84735577 0.02403846 0.03125000
0 0.45192308 0.61057692 0.02163462 0.05168269
0 0.54326923 0.54447115 0.03125000 0.04206731
0 0.42067308 0.59254808 0.03125000 0.03605769
0 0.21634615 0.55889423 0.03485577 0.05288462
0 0.28365385 0.55168269 0.02644231 0.04326923
0 0.52403846 0.48798077 0.02043269 0.04807692
0 0.34975962 0.51923077 0.01682692 0.03245192
0 0.49278846 0.32692308 0.02163462 0.03846154
0 0.64663462 0.77043269 0.01682692 0.04206731
0 0.16826923 0.04567308 0.02764423 0.04567308
0 0.33052885 0.75120192 0.01201923 0.03485577
0 0.34495192 0.74639423 0.01923077 0.03725962
0 0.35817308 0.76081731 0.01562500 0.03125000
0 0.37259615 0.76201923 0.02163462 0.03485577
0 0.31971154 0.57692308 0.02644231 0.03846154
0 0.33653846 0.58173077 0.01562500 0.03125000
0 0.34855769 0.58653846 0.01442308 0.03846154
