0 0.62259615 0.86298077 0.03245192 0.05769231
0 0.63341346 0.81370192 0.02764423 0.04206731
0 0.63221154 0.76562500 0.02644231 0.05649038
0 0.63461538 0.71153846 0.01923077 0.03846154
0 0.74879808 0.65384615 0.02524038 0.03846154
0 0.69350962 0.65985577 0.02163462 0.04326923
0 0.73798077 0.62860577 0.02403846 0.03004808
0 0.71153846 0.58894231 0.01923077 0.03485577
0 0.56009615 0.58894231 0.01923077 0.03605769
0 0.58533654 0.62139423 0.01562500 0.02644231
0 0.61778846 0.68870192 0.01682692 0.05048077
0 0.59495192 0.66346154 0.01201923 0.02644231
0 0.56250000 0.67788462 0.02163462 0.03485577
0 0.58774038 0.75360577 0.03605769 0.06370192
0 0.53004808 0.76923077 0.02644231 0.10456731
0 0.51442308 0.58653846 0.01682692 0.02403846
0 0.51923077 0.57692308 0.01923077 0.02764423
0 0.51201923 0.75841346 0.02043269 0.05168269
0 0.53004808 0.79927885 0.02644231 0.03846154
0 0.55649038 0.82451923 0.02163462 0.03004808
0 0.45192308 0.58894231 0.02163462 0.05168269
0 0.54326923 0.52403846 0.03125000 0.04206731
0 0.41586538 0.57091346 0.03004808 0.03485577
0 0.21514423 0.53725962 0.03245192 0.05048077
0 0.27403846 0.51923077 0.02403846 0.03846154
0 0.52403846 0.46875000 0.02043269 0.04807692
0 0.34735577 0.49278846 0.01923077 0.03485577
0 0.49278846 0.29807692 0.02163462 0.03846154
0 0.64783654 0.74639423 0.01562500 0.03846154
0 0.16947115 0.02163462 0.02524038 0.04326923
0 0.31129808 0.55168269 0.02403846 0.02403846
0 0.32932692 0.55649038 0.01442308 0.02043269
0 0.34134615 0.55889423 0.01081731 0.03125000
0 0.32692308 0.72475962 0.01442308 0.02644231
0 0.33894231 0.72475962 0.01562500 0.03245192
0 0.35456731 0.73076923 0.01923077 0.03485577
0 0.37379808 0.73437500 0.01442308 0.03125000
