0 0.33052885 0.29567308 0.02764423 0.05528846
0 0.30528846 0.28004808 0.03605769 0.03966346
0 0.08052885 0.24278846 0.04026442 0.05949519
0 0.15625000 0.24278846 0.03004808 0.03425481
0 0.21995192 0.20192308 0.02103365 0.03425481
0 0.18509615 0.26201923 0.01502404 0.02884615
0 0.19831731 0.26442308 0.02103365 0.04086538
0 0.21274038 0.26802885 0.01862981 0.03545673
0 0.22235577 0.27403846 0.01622596 0.04747596
0 0.20192308 0.45312500 0.01742788 0.03185096
0 0.21634615 0.44831731 0.02403846 0.04447115
0 0.23437500 0.45673077 0.01622596 0.03846154
0 0.25000000 0.46153846 0.02644231 0.03545673
0 0.54447115 0.43269231 0.02644231 0.04086538
0 0.23798077 0.55168269 0.02584135 0.04146635
0 0.32812500 0.63221154 0.02824519 0.03485577
0 0.35817308 0.97836538 0.01923077 0.04326923
0 0.36057692 0.91225962 0.01442308 0.06009615
0 0.32932692 0.80889423 0.03245192 0.07031250
0 0.25000000 0.95072115 0.02403846 0.03365385
0 0.21754808 0.99158654 0.03125000 0.01682692
0 0.22235577 0.94711538 0.02644231 0.03545673
0 0.21634615 0.80288462 0.02403846 0.04266827
0 0.17668269 0.82572115 0.02764423 0.03786058
0 0.09975962 0.79086538 0.04086538 0.05048077
0 0.19711538 0.85456731 0.02884615 0.06370192
0 0.11658654 0.83653846 0.02884615 0.03846154
