0 0.04807692 0.76682692 0.03365385 0.02403846
0 0.04807692 0.73317308 0.01682692 0.03725962
0 0.13822115 0.60697115 0.02403846 0.04146635
0 0.10216346 0.63942308 0.02343750 0.03605769
0 0.06971154 0.70192308 0.02704327 0.06250000
0 0.09375000 0.66947115 0.01502404 0.02704327
0 0.12259615 0.68990385 0.02944712 0.04807692
0 0.09375000 0.76802885 0.04326923 0.02163462
0 0.15985577 0.76442308 0.04086538 0.02884615
0 0.18028846 0.59615385 0.02043269 0.02824519
0 0.18269231 0.58653846 0.02283654 0.03245192
0 0.25120192 0.59495192 0.03064904 0.06550481
0 0.14783654 0.52403846 0.03966346 0.04687500
0 0.25480769 0.56850962 0.03605769 0.04266827
0 0.49639423 0.54927885 0.04206731 0.06430288
0 0.41466346 0.55048077 0.02584135 0.02403846
0 0.17187500 0.46394231 0.02644231 0.04987981
0 0.36778846 0.52283654 0.02043269 0.03365385
0 0.20072115 0.31009615 0.02764423 0.04507212
0 0.03365385 0.76562500 0.02403846 0.02644231
0 0.38221154 0.57091346 0.01923077 0.03185096
0 0.36658654 0.57211538 0.01682692 0.03786058
0 0.35216346 0.57812500 0.01262019 0.03125000
0 0.34254808 0.59014423 0.01382212 0.03365385
0 0.37139423 0.75841346 0.01742788 0.02584135
0 0.35576923 0.75600962 0.02403846 0.04567308
0 0.34014423 0.76562500 0.01682692 0.02644231
0 0.31971154 0.76682692 0.02403846 0.02403846
0 0.58052885 0.46634615 0.02343750 0.04026442
0 0.55528846 0.50120192 0.01442308 0.03125000
0 0.57812500 0.56250000 0.02524038 0.03786058
0 0.56009615 0.64543269 0.02403846 0.06971154
0 0.61298077 0.66225962 0.04206731 0.11478365
0 0.62980769 0.46394231 0.02043269 0.02463942
0 0.62620192 0.45312500 0.02103365 0.03125000
0 0.63221154 0.65144231 0.02524038 0.05829327
0 0.61418269 0.69591346 0.03245192 0.04387019
0 0.58413462 0.72355769 0.02403846 0.03305288
0 0.69951923 0.46634615 0.02764423 0.05829327
0 0.59855769 0.39543269 0.03725962 0.04807692
0 0.73798077 0.44711538 0.03425481 0.03906250
0 0.95673077 0.40865385 0.03846154 0.05348558
0 0.89302885 0.38942308 0.02704327 0.04266827
0 0.62019231 0.33533654 0.02524038 0.05408654
0 0.81370192 0.36057692 0.02343750 0.03906250
0 0.65384615 0.14903846 0.02764423 0.04387019
0 0.85336538 0.42548077 0.02463942 0.02463942
0 0.83293269 0.43028846 0.01622596 0.02043269
0 0.81971154 0.43389423 0.01442308 0.03365385
0 0.83533654 0.61418269 0.01862981 0.03004808
0 0.82211538 0.61418269 0.01923077 0.03605769
0 0.80528846 0.62019231 0.02223558 0.03906250
0 0.78485577 0.62500000 0.01862981 0.03365385
