0 0.13461538 0.27043269 0.03365385 0.01682692
0 0.11658654 0.22716346 0.02283654 0.04987981
0 0.07812500 0.03125000 0.02884615 0.04507212
0 0.71634615 0.04927885 0.03245192 0.04146635
0 0.65504808 0.00721154 0.02163462 0.01442308
0 0.36057692 0.28605769 0.02403846 0.01442308
0 0.40745192 0.29687500 0.01682692 0.03605769
0 0.91346154 0.98317308 0.04326923 0.03365385
0 0.89062500 0.96875000 0.02704327 0.05769231
0 0.86298077 0.87980769 0.03245192 0.05048077
0 0.50721154 0.45072115 0.03786058 0.05288462
