0 0.19230769 0.48076923 0.03846154 0.01442308
0 0.18269231 0.45312500 0.03425481 0.04747596
0 0.18389423 0.40144231 0.03185096 0.06009615
0 0.18028846 0.34375000 0.02343750 0.04387019
0 0.05889423 0.28245192 0.02884615 0.04266827
0 0.11899038 0.28846154 0.02704327 0.04867788
0 0.07211538 0.25600962 0.02463942 0.03125000
0 0.09975962 0.21394231 0.02463942 0.03846154
0 0.25961538 0.21394231 0.02223558 0.03966346
0 0.23317308 0.24879808 0.01802885 0.02704327
0 0.19951923 0.31850962 0.01983173 0.05288462
0 0.22355769 0.29206731 0.01622596 0.02824519
0 0.25721154 0.30769231 0.02584135 0.03605769
0 0.23076923 0.38822115 0.04206731 0.07031250
0 0.29206731 0.40504808 0.04026442 0.11358173
0 0.30889423 0.21153846 0.01862981 0.02584135
0 0.30408654 0.20072115 0.02103365 0.03064904
0 0.31129808 0.39423077 0.02283654 0.05408654
0 0.29206731 0.43750000 0.03064904 0.04387019
0 0.26322115 0.46394231 0.02343750 0.03004808
0 0.27764423 0.14423077 0.03725962 0.04627404
0 0.29807692 0.08533654 0.02644231 0.05228365
0 0.16706731 0.38100962 0.01802885 0.04146635
