0 0.00600962 0.23798077 0.01201923 0.05288462
0 0.05649038 0.23437500 0.03305288 0.03665865
0 0.24759615 0.19230769 0.03485577 0.04927885
0 0.18629808 0.16826923 0.02884615 0.04447115
0 0.11057692 0.13581731 0.02163462 0.03665865
0 0.13341346 0.37379808 0.01862981 0.03185096
0 0.12259615 0.37379808 0.02043269 0.04026442
0 0.10336538 0.38341346 0.02403846 0.04146635
0 0.08774038 0.38461538 0.01923077 0.03004808
0 0.15264423 0.19831731 0.02403846 0.03725962
0 0.13701923 0.20312500 0.01382212 0.03545673
0 0.12620192 0.20793269 0.01682692 0.03605769
