0 0.62379808 0.91706731 0.03004808 0.05288462
0 0.63942308 0.89302885 0.02524038 0.03725962
0 0.63461538 0.83894231 0.03004808 0.06250000
0 0.63581731 0.78846154 0.01562500 0.03125000
0 0.75120192 0.73798077 0.02403846 0.03485577
0 0.69350962 0.73557692 0.02163462 0.04326923
0 0.73918269 0.70192308 0.02403846 0.03004808
0 0.71394231 0.66947115 0.02043269 0.03605769
0 0.55408654 0.67548077 0.02043269 0.03846154
0 0.58653846 0.70312500 0.01923077 0.03245192
0 0.61658654 0.75961538 0.01923077 0.05168269
0 0.59495192 0.73437500 0.01201923 0.02524038
0 0.56971154 0.74879808 0.02403846 0.04326923
0 0.59375000 0.84495192 0.03245192 0.05769231
0 0.53485577 0.85697115 0.02403846 0.09495192
0 0.51442308 0.66346154 0.01682692 0.02403846
0 0.51201923 0.65625000 0.02043269 0.03004808
0 0.50961538 0.86778846 0.02403846 0.05649038
0 0.54086538 0.89182692 0.03004808 0.04567308
0 0.56250000 0.91225962 0.02644231 0.03485577
0 0.45192308 0.66225962 0.02403846 0.05769231
0 0.54447115 0.59975962 0.03245192 0.04206731
0 0.45192308 0.63341346 0.03485577 0.04086538
0 0.22836538 0.62139423 0.03725962 0.05769231
0 0.52403846 0.54447115 0.02043269 0.04567308
0 0.34254808 0.60216346 0.01562500 0.03125000
0 0.49639423 0.40504808 0.02163462 0.04086538
0 0.65144231 0.83173077 0.02043269 0.05048077
0 0.16826923 0.09735577 0.02764423 0.04567308
0 0.38942308 0.83413462 0.02043269 0.02764423
0 0.37379808 0.82932692 0.01562500 0.04206731
0 0.35937500 0.81850962 0.01923077 0.04326923
0 0.34495192 0.82211538 0.01682692 0.04206731
0 0.33413462 0.64302885 0.01682692 0.03004808
0 0.34735577 0.64423077 0.01562500 0.03846154
0 0.36418269 0.65504808 0.01923077 0.03485577
0 0.31250000 0.62860577 0.01682692 0.02644231
