0 0.61778846 0.94471154 0.03125000 0.05649038
0 0.64182692 0.94110577 0.02644231 0.03846154
0 0.63701923 0.88701923 0.02764423 0.05889423
0 0.63701923 0.83653846 0.01562500 0.03245192
0 0.76442308 0.78245192 0.02403846 0.03485577
0 0.69350962 0.78365385 0.02163462 0.04326923
0 0.75360577 0.73076923 0.03485577 0.05048077
0 0.72716346 0.69831731 0.02043269 0.03846154
0 0.55048077 0.73076923 0.02163462 0.04206731
0 0.58774038 0.75240385 0.01923077 0.03245192
0 0.61778846 0.80288462 0.01923077 0.05168269
0 0.58894231 0.75721154 0.01201923 0.02403846
0 0.57211538 0.80048077 0.02524038 0.04326923
0 0.59735577 0.89663462 0.03485577 0.06129808
0 0.53846154 0.91105769 0.02524038 0.09495192
0 0.51562500 0.70913462 0.01682692 0.02524038
0 0.51322115 0.70192308 0.01923077 0.02764423
0 0.50961538 0.92548077 0.02403846 0.05649038
0 0.54567308 0.96033654 0.02043269 0.04807692
0 0.56610577 0.96634615 0.02644231 0.03485577
0 0.45192308 0.70913462 0.02163462 0.05168269
0 0.54326923 0.64783654 0.03485577 0.04326923
0 0.45913462 0.68149038 0.03245192 0.03846154
0 0.23798077 0.67548077 0.03846154 0.06129808
0 0.52403846 0.59254808 0.02043269 0.04687500
0 0.34615385 0.66105769 0.01562500 0.03125000
0 0.49639423 0.46875000 0.02403846 0.04206731
0 0.65264423 0.88100962 0.01923077 0.04687500
0 0.16586538 0.14182692 0.02764423 0.04567308
0 0.34975962 0.88100962 0.01682692 0.03125000
0 0.36778846 0.85336538 0.02403846 0.02644231
0 0.37860577 0.87860577 0.01442308 0.03125000
0 0.39663462 0.88942308 0.01682692 0.03125000
0 0.38701923 0.71875000 0.01562500 0.02524038
0 0.37740385 0.71514423 0.01442308 0.02403846
0 0.36778846 0.70552885 0.02403846 0.04206731
0 0.35096154 0.68990385 0.01081731 0.03605769
