0 0.61899038 0.97475962 0.02764423 0.05048077
0 0.64182692 0.93389423 0.02644231 0.05649038
0 0.63701923 0.87860577 0.01682692 0.03485577
0 0.76682692 0.81971154 0.03605769 0.03485577
0 0.69471154 0.82932692 0.02403846 0.04687500
0 0.74759615 0.76442308 0.03485577 0.05048077
0 0.72956731 0.74158654 0.03605769 0.05889423
0 0.55048077 0.78846154 0.02163462 0.04206731
0 0.58774038 0.79927885 0.01923077 0.03245192
0 0.62740385 0.84254808 0.01562500 0.04567308
0 0.59254808 0.82331731 0.01201923 0.02524038
0 0.57932692 0.83774038 0.02403846 0.04206731
0 0.59975962 0.94471154 0.03605769 0.06370192
0 0.53725962 0.95552885 0.02644231 0.08894231
0 0.51682692 0.75120192 0.01923077 0.02644231
0 0.51442308 0.74639423 0.01923077 0.02764423
0 0.50961538 0.97115385 0.02403846 0.05769231
0 0.45312500 0.75360577 0.02163462 0.05168269
0 0.54326923 0.68870192 0.03485577 0.04326923
0 0.45432692 0.74038462 0.03125000 0.03605769
0 0.25360577 0.73317308 0.03125000 0.04206731
0 0.52644231 0.64543269 0.02043269 0.04567308
0 0.35456731 0.71274038 0.01562500 0.03125000
0 0.49519231 0.53245192 0.02524038 0.04326923
0 0.65024038 0.91826923 0.02043269 0.05048077
0 0.16586538 0.18389423 0.02764423 0.04567308
0 0.61057692 0.84855769 0.01562500 0.03846154
0 0.37379808 0.88942308 0.01923077 0.03125000
0 0.35817308 0.92668269 0.01562500 0.02524038
0 0.38701923 0.92908654 0.01442308 0.03725962
0 0.40504808 0.93629808 0.01562500 0.03485577
0 0.40264423 0.76923077 0.00961538 0.02043269
0 0.39182692 0.76322115 0.00961538 0.02644231
0 0.37980769 0.75480769 0.01442308 0.04567308
0 0.36538462 0.74879808 0.01081731 0.02764423
0 0.35576923 0.73317308 0.01562500 0.02403846
