0 0.61899038 0.95072115 0.03125000 0.05649038
0 0.64302885 0.94951923 0.02644231 0.03846154
0 0.63822115 0.90024038 0.02764423 0.05889423
0 0.63701923 0.84615385 0.01562500 0.03245192
0 0.76201923 0.78846154 0.03605769 0.03485577
0 0.69471154 0.79326923 0.02163462 0.04326923
0 0.74879808 0.73918269 0.03485577 0.05048077
0 0.72716346 0.70673077 0.03245192 0.05288462
0 0.55048077 0.74038462 0.02163462 0.04206731
0 0.58894231 0.76322115 0.01682692 0.03125000
0 0.62379808 0.81129808 0.01682692 0.05048077
0 0.59254808 0.79086538 0.01201923 0.02524038
0 0.57211538 0.80769231 0.02524038 0.04326923
0 0.59735577 0.90745192 0.03485577 0.06129808
0 0.53846154 0.92067308 0.02524038 0.09495192
0 0.51562500 0.71754808 0.01682692 0.02403846
0 0.51322115 0.71153846 0.01923077 0.02764423
0 0.50961538 0.93389423 0.02403846 0.05769231
0 0.54927885 0.97475962 0.02043269 0.04807692
0 0.56610577 0.97596154 0.02644231 0.03485577
0 0.45192308 0.71875000 0.02043269 0.05048077
0 0.54326923 0.65745192 0.03485577 0.04326923
0 0.45673077 0.69711538 0.03245192 0.03846154
0 0.24519231 0.69831731 0.02764423 0.03846154
0 0.52524038 0.60576923 0.02043269 0.04807692
0 0.34735577 0.67427885 0.01682692 0.03125000
0 0.49519231 0.48197115 0.02403846 0.04206731
0 0.65264423 0.89182692 0.01923077 0.04687500
0 0.16586538 0.15024038 0.02764423 0.04567308
0 0.35216346 0.88942308 0.01562500 0.02644231
0 0.37019231 0.85937500 0.03004808 0.03605769
0 0.37980769 0.88701923 0.01682692 0.04567308
0 0.39663462 0.90024038 0.01923077 0.03846154
0 0.39182692 0.72836538 0.01562500 0.02764423
0 0.37860577 0.72355769 0.00961538 0.03725962
0 0.36298077 0.71394231 0.01923077 0.03485577
0 0.35096154 0.69711538 0.01923077 0.02764423
