0 0.08774038 0.51322115 0.01742788 0.03185096
0 0.03125000 0.46033654 0.02644231 0.04627404
0 0.00360577 0.37259615 0.00721154 0.04326923
0 0.17427885 0.40625000 0.02283654 0.04266827
0 0.13701923 0.42908654 0.02163462 0.03305288
0 0.10697115 0.47956731 0.01923077 0.05108173
0 0.13581731 0.43389423 0.01201923 0.02403846
0 0.15384615 0.47596154 0.02944712 0.04507212
0 0.21033654 0.38461538 0.01923077 0.02584135
0 0.21274038 0.37860577 0.01923077 0.02884615
0 0.27403846 0.38581731 0.02524038 0.05228365
0 0.18269231 0.32331731 0.03786058 0.04747596
0 0.26802885 0.35817308 0.03305288 0.04026442
0 0.20192308 0.26802885 0.02103365 0.04627404
0 0.38100962 0.33653846 0.01622596 0.03004808
0 0.22956731 0.14302885 0.02524038 0.04146635
0 0.35817308 0.52764423 0.02403846 0.02163462
0 0.33894231 0.39423077 0.01622596 0.02463942
0 0.34975962 0.39182692 0.01442308 0.02403846
0 0.35937500 0.38100962 0.02764423 0.04266827
0 0.37500000 0.36538462 0.01141827 0.03725962
0 0.47716346 0.12379808 0.02343750 0.03305288
0 0.52884615 0.09975962 0.01923077 0.05588942
0 0.61418269 0.08413462 0.03425481 0.04927885
0 0.70793269 0.21634615 0.01682692 0.02524038
0 0.61538462 0.24639423 0.01802885 0.03185096
0 0.65144231 0.20072115 0.02463942 0.04627404
0 0.60697115 0.20072115 0.02043269 0.03185096
0 0.59254808 0.22355769 0.02764423 0.04867788
0 0.55528846 0.20552885 0.01923077 0.04567308
0 0.55528846 0.18509615 0.03305288 0.05709135
0 0.56250000 0.31009615 0.04807692 0.08834135
0 0.47475962 0.28004808 0.02524038 0.03125000
0 0.71754808 0.31370192 0.02884615 0.04266827
0 0.63100962 0.40264423 0.02644231 0.03365385
0 0.57812500 0.52283654 0.02644231 0.03125000
0 0.62860577 0.53125000 0.03125000 0.01442308
0 0.73197115 0.52644231 0.03125000 0.02403846
0 0.98557692 0.35576923 0.02884615 0.09134615
0 0.85216346 0.52524038 0.03605769 0.02644231
