0 0.51562500 0.30048077 0.03125000 0.01442308
0 0.99278846 0.89663462 0.01442308 0.06250000
0 0.99759615 0.84375000 0.00480769 0.03846154
0 0.92187500 0.73076923 0.01923077 0.03725962
0 0.94350962 0.77163462 0.02524038 0.03906250
0 0.98437500 0.82451923 0.02704327 0.06250000
0 0.95913462 0.79326923 0.01502404 0.02463942
0 0.90865385 0.82812500 0.02584135 0.04026442
0 0.94110577 0.87500000 0.04807692 0.07632212
0 0.88581731 0.88942308 0.02884615 0.09495192
0 0.86899038 0.70793269 0.02163462 0.02824519
0 0.86899038 0.67788462 0.02403846 0.03425481
0 0.87379808 0.83052885 0.02163462 0.03245192
0 0.87379808 0.91586538 0.03125000 0.04387019
0 0.91225962 0.95673077 0.02944712 0.03605769
0 0.79807692 0.69230769 0.01983173 0.03365385
0 0.90264423 0.63701923 0.04026442 0.04206731
0 0.68870192 0.73677885 0.03245192 0.03725962
0 0.58774038 0.61658654 0.02884615 0.04567308
0 0.88221154 0.57812500 0.02163462 0.05168269
0 0.68509615 0.58173077 0.02163462 0.04086538
0 0.83653846 0.35456731 0.02403846 0.04086538
0 0.65144231 0.84254808 0.01923077 0.03125000
0 0.66466346 0.84495192 0.01923077 0.04447115
0 0.68028846 0.85216346 0.02403846 0.05168269
0 0.69831731 0.85456731 0.02163462 0.04206731
0 0.62019231 0.64302885 0.02524038 0.03725962
0 0.63942308 0.65625000 0.02524038 0.04206731
