0 0.63942308 0.93389423 0.01682692 0.03485577
0 0.77163462 0.87379808 0.03605769 0.03485577
0 0.69350962 0.88100962 0.02524038 0.04687500
0 0.73557692 0.79326923 0.03485577 0.05048077
0 0.75480769 0.81610577 0.03245192 0.05288462
0 0.55048077 0.85336538 0.02163462 0.04206731
0 0.58052885 0.85697115 0.01923077 0.03485577
0 0.63341346 0.89182692 0.01923077 0.05528846
0 0.58894231 0.86778846 0.01201923 0.02644231
0 0.58413462 0.88822115 0.02403846 0.04206731
0 0.51682692 0.80528846 0.01923077 0.02644231
0 0.51442308 0.80048077 0.01923077 0.02764423
0 0.45432692 0.80769231 0.02403846 0.05769231
0 0.54447115 0.73677885 0.03245192 0.04206731
0 0.45552885 0.79687500 0.03605769 0.04206731
0 0.27043269 0.80288462 0.03125000 0.04206731
0 0.52163462 0.70793269 0.02043269 0.04687500
0 0.36538462 0.76923077 0.01682692 0.03245192
0 0.49399038 0.60697115 0.02644231 0.04687500
0 0.16586538 0.23437500 0.03004808 0.04687500
0 0.60937500 0.90144231 0.01682692 0.04326923
0 0.36418269 0.98557692 0.02043269 0.02644231
0 0.39182692 0.98677885 0.01442308 0.02644231
0 0.40985577 0.98557692 0.01923077 0.02764423
0 0.38461538 0.95432692 0.02403846 0.02644231
0 0.40625000 0.82812500 0.01682692 0.02403846
0 0.38942308 0.81009615 0.01562500 0.02644231
0 0.37379808 0.80649038 0.02043269 0.03485577
