0 0.63822115 0.94471154 0.01682692 0.03485577
0 0.77163462 0.88461538 0.03605769 0.03485577
0 0.69471154 0.89182692 0.02403846 0.04687500
0 0.73317308 0.79807692 0.03485577 0.05048077
0 0.75600962 0.82572115 0.03245192 0.05288462
0 0.55048077 0.86538462 0.02163462 0.03846154
0 0.57932692 0.87139423 0.01923077 0.03485577
0 0.63221154 0.90384615 0.01923077 0.05528846
0 0.59014423 0.87980769 0.01201923 0.02644231
0 0.58653846 0.90024038 0.02403846 0.04206731
0 0.51682692 0.81490385 0.01923077 0.02644231
0 0.51442308 0.81009615 0.01923077 0.02764423
0 0.45432692 0.81610577 0.02163462 0.05528846
0 0.54326923 0.74639423 0.03125000 0.04206731
0 0.45432692 0.80889423 0.03605769 0.04206731
0 0.27283654 0.81370192 0.03125000 0.04206731
0 0.52163462 0.71995192 0.02163462 0.05168269
0 0.36778846 0.78004808 0.01923077 0.03485577
0 0.49278846 0.62139423 0.02644231 0.04687500
0 0.16586538 0.24399038 0.03004808 0.04687500
0 0.60817308 0.91346154 0.01682692 0.04567308
0 0.38461538 0.96274038 0.02163462 0.03004808
0 0.36658654 0.99158654 0.01201923 0.01682692
0 0.38942308 0.82451923 0.01442308 0.03004808
0 0.40985577 0.83774038 0.01682692 0.02764423
0 0.37500000 0.82572115 0.01442308 0.03125000
0 0.36298077 0.81370192 0.01682692 0.02644231
