0 0.47115385 0.23557692 0.03365385 0.05288462
0 0.59855769 0.10937500 0.04747596 0.07692308
0 0.64062500 0.10937500 0.02043269 0.03725962
0 0.51442308 0.04447115 0.02163462 0.04086538
0 0.01081731 0.93269231 0.02163462 0.04807692
0 0.00360577 0.65745192 0.00721154 0.04567308
0 0.02644231 0.70312500 0.02403846 0.05108173
0 0.04447115 0.75360577 0.04146635 0.05348558
0 0.21153846 0.66947115 0.02524038 0.03725962
0 0.25000000 0.62019231 0.01983173 0.06370192
0 0.37139423 0.61778846 0.03545673 0.05108173
0 0.46875000 0.75600962 0.02163462 0.03245192
0 0.37139423 0.79447115 0.01923077 0.03365385
0 0.40745192 0.74879808 0.02043269 0.04146635
0 0.36177885 0.74639423 0.02343750 0.03725962
0 0.34855769 0.77403846 0.02704327 0.05348558
0 0.30528846 0.75120192 0.01923077 0.05468750
0 0.30528846 0.72956731 0.04206731 0.06310096
0 0.31730769 0.87019231 0.05048077 0.08653846
0 0.21875000 0.84134615 0.02704327 0.03485577
0 0.47836538 0.87019231 0.01923077 0.04326923
0 0.39302885 0.98076923 0.02584135 0.03485577
