0 0.75480769 0.94831731 0.03245192 0.04687500
0 0.77403846 0.95913462 0.02764423 0.04326923
0 0.51682692 0.93870192 0.01923077 0.02644231
0 0.51322115 0.93389423 0.01923077 0.02764423
0 0.45793269 0.92548077 0.02403846 0.03605769
0 0.54326923 0.87379808 0.03605769 0.04687500
0 0.30408654 0.96514423 0.03125000 0.04206731
0 0.52283654 0.84975962 0.02644231 0.05889423
0 0.40144231 0.91826923 0.01562500 0.02764423
0 0.49879808 0.78846154 0.02524038 0.04326923
0 0.16826923 0.37139423 0.03004808 0.04687500
0 0.44831731 0.94711538 0.01923077 0.03485577
0 0.42067308 0.97836538 0.02043269 0.01923077
0 0.40865385 0.96754808 0.01682692 0.03125000
0 0.39182692 0.95192308 0.01923077 0.03004808
