0 0.75240385 0.92668269 0.03485577 0.05048077
0 0.77163462 0.93629808 0.02764423 0.04687500
0 0.54326923 0.98197115 0.01923077 0.03485577
0 0.56129808 0.97836538 0.02403846 0.04206731
0 0.51562500 0.92067308 0.01923077 0.02644231
0 0.51322115 0.91586538 0.01923077 0.02764423
0 0.45913462 0.90625000 0.02403846 0.03605769
0 0.54326923 0.85576923 0.03605769 0.04687500
0 0.29927885 0.94110577 0.03125000 0.04206731
0 0.52403846 0.83173077 0.02644231 0.05889423
0 0.39423077 0.90024038 0.01562500 0.02764423
0 0.49759615 0.75961538 0.02403846 0.04206731
0 0.16706731 0.35096154 0.03004808 0.04687500
0 0.44951923 0.92908654 0.01923077 0.03485577
0 0.38100962 0.92427885 0.01682692 0.02644231
0 0.39182692 0.93629808 0.01442308 0.03004808
0 0.40625000 0.95192308 0.01923077 0.03725962
0 0.42187500 0.95913462 0.01682692 0.02764423
