0 0.78725962 0.96995192 0.03846154 0.03846154
0 0.69471154 0.97355769 0.02403846 0.04567308
0 0.75480769 0.89903846 0.03485577 0.05048077
0 0.75360577 0.89302885 0.03004808 0.04807692
0 0.54687500 0.96153846 0.02043269 0.03725962
0 0.56610577 0.95793269 0.02163462 0.04086538
0 0.63221154 0.97355769 0.01923077 0.05168269
0 0.59014423 0.96274038 0.01442308 0.02764423
0 0.58774038 0.97716346 0.02163462 0.04086538
0 0.51562500 0.89423077 0.01923077 0.02644231
0 0.51322115 0.88942308 0.01923077 0.02764423
0 0.45432692 0.89302885 0.02403846 0.05769231
0 0.54326923 0.82812500 0.03605769 0.04687500
0 0.45192308 0.89182692 0.03485577 0.04086538
0 0.29206731 0.90865385 0.03125000 0.04206731
0 0.52403846 0.80408654 0.02524038 0.05528846
0 0.38221154 0.87860577 0.01562500 0.03125000
0 0.49759615 0.72475962 0.02644231 0.04687500
0 0.16706731 0.32451923 0.03004808 0.04687500
0 0.41826923 0.92788462 0.01442308 0.02524038
0 0.40264423 0.91346154 0.02043269 0.03485577
0 0.38581731 0.90865385 0.02043269 0.02043269
