0 0.42187500 0.52403846 0.02343750 0.03064904
0 0.41826923 0.51923077 0.02463942 0.03485577
0 0.35336538 0.51802885 0.02884615 0.06009615
0 0.43990385 0.44711538 0.01923077 0.05288462
0 0.35216346 0.51802885 0.04387019 0.04867788
0 0.16466346 0.53125000 0.03605769 0.03365385
0 0.43149038 0.42187500 0.03004808 0.05889423
0 0.26682692 0.50240385 0.02103365 0.03545673
0 0.39783654 0.32692308 0.02824519 0.04867788
0 0.30528846 0.53966346 0.02403846 0.01682692
0 0.28966346 0.53725962 0.03125000 0.02163462
0 0.26802885 0.53365385 0.02824519 0.02884615
0 0.21033654 0.59375000 0.03064904 0.04326923
0 0.90625000 0.95793269 0.03064904 0.05288462
