0 0.16826923 0.66225962 0.02403846 0.01201923
0 0.13822115 0.59375000 0.02644231 0.04447115
0 0.95673077 0.17548077 0.02584135 0.03906250
0 0.98317308 0.19350962 0.03365385 0.07451923
0 0.92788462 0.25480769 0.02283654 0.04326923
0 0.92668269 0.07572115 0.02163462 0.02764423
0 0.93389423 0.04567308 0.02283654 0.03305288
0 0.90985577 0.14302885 0.02223558 0.03605769
0 0.89543269 0.24639423 0.02524038 0.03305288
0 0.93750000 0.16947115 0.02283654 0.02283654
0 0.87019231 0.05889423 0.02163462 0.03485577
0 0.96995192 0.00841346 0.02163462 0.01682692
0 0.62620192 0.04807692 0.03485577 0.04086538
0 0.67187500 0.15504808 0.01682692 0.03125000
0 0.68629808 0.15985577 0.01682692 0.03245192
0 0.70432692 0.15985577 0.01442308 0.03966346
0 0.71995192 0.16466346 0.01923077 0.03605769
