0 0.48197115 0.13461538 0.01201923 0.05288462
0 0.95432692 0.01682692 0.02884615 0.03365385
0 0.51201923 0.72956731 0.03245192 0.04447115
0 0.52163462 0.76442308 0.02824519 0.08112981
0 0.53605769 0.61778846 0.01983173 0.02764423
0 0.53004808 0.59134615 0.02163462 0.03365385
0 0.53605769 0.68028846 0.02163462 0.03485577
0 0.54206731 0.78245192 0.02403846 0.03725962
0 0.51201923 0.82091346 0.02163462 0.02884615
0 0.59735577 0.58533654 0.02043269 0.03365385
0 0.49879808 0.52884615 0.02163462 0.04326923
0 0.78365385 0.66346154 0.03485577 0.04206731
0 0.89182692 0.50721154 0.03004808 0.04687500
0 0.82091346 0.47836538 0.02524038 0.04086538
0 0.51562500 0.46754808 0.02524038 0.05649038
0 0.73557692 0.46153846 0.02043269 0.03725962
0 0.53245192 0.99399038 0.02163462 0.01201923
0 0.77043269 0.71274038 0.01562500 0.03245192
0 0.75480769 0.71274038 0.02163462 0.04086538
0 0.73918269 0.71634615 0.01682692 0.05168269
0 0.72355769 0.72475962 0.02403846 0.04326923
0 0.80048077 0.51562500 0.02043269 0.03365385
0 0.78846154 0.51682692 0.01562500 0.04206731
0 0.77524038 0.52403846 0.01802885 0.03365385
