0 0.75600962 0.97836538 0.02764423 0.04086538
0 0.51442308 0.97716346 0.02043269 0.02764423
0 0.51201923 0.97355769 0.02043269 0.03004808
0 0.45673077 0.96153846 0.02163462 0.03485577
0 0.54326923 0.91225962 0.03605769 0.04687500
0 0.52403846 0.88581731 0.02644231 0.05889423
0 0.41466346 0.95913462 0.01562500 0.02764423
0 0.50240385 0.84014423 0.02644231 0.04687500
0 0.16947115 0.40745192 0.03004808 0.04687500
0 0.44831731 0.98197115 0.01923077 0.03485577
0 0.39182692 0.98317308 0.01682692 0.02163462
