0 0.47596154 0.02884615 0.01622596 0.03425481
0 0.49759615 0.04927885 0.02103365 0.02524038
0 0.55168269 0.00721154 0.02644231 0.01442308
0 0.94471154 0.03725962 0.02644231 0.03485577
0 0.88221154 0.17187500 0.03125000 0.04567308
0 0.73677885 0.26923077 0.02644231 0.04567308
0 0.53125000 0.31971154 0.02283654 0.02764423
0 0.51802885 0.34254808 0.02043269 0.03966346
0 0.70793269 0.36057692 0.02043269 0.03846154
0 0.74038462 0.35576923 0.03966346 0.05408654
0 0.89062500 0.37860577 0.04807692 0.05769231
0 0.90264423 0.30889423 0.02283654 0.05528846
0 0.94230769 0.20432692 0.03245192 0.08173077
