0 0.83533654 0.48317308 0.02163462 0.00961538
0 0.78004808 0.53846154 0.03004808 0.06971154
0 0.69471154 0.50120192 0.02644231 0.03725962
0 0.94951923 0.54326923 0.02524038 0.04206731
0 0.85817308 0.62500000 0.02524038 0.03365385
0 0.80889423 0.76802885 0.02644231 0.03846154
0 0.67187500 0.87620192 0.02524038 0.04567308
0 0.62500000 0.96274038 0.02163462 0.03846154
0 0.65865385 0.96514423 0.04206731 0.05769231
0 0.81610577 0.97596154 0.03125000 0.04807692
0 0.82091346 0.90745192 0.02403846 0.06129808
0 0.85697115 0.80288462 0.02884615 0.06971154
0 0.93629808 0.94591346 0.02403846 0.03365385
0 0.96875000 0.98918269 0.02884615 0.02163462
0 0.96514423 0.94110577 0.02403846 0.03605769
0 0.97115385 0.79567308 0.02403846 0.04206731
0 0.98798077 0.84735577 0.02403846 0.06490385
