0 0.63822115 0.35697115 0.01682692 0.07451923
0 0.64302885 0.09855769 0.02403846 0.03605769
0 0.69350962 0.01923077 0.02163462 0.03846154
0 0.78125000 0.03725962 0.02403846 0.03846154
0 0.76923077 0.01322115 0.02884615 0.02644231
0 0.86899038 0.14182692 0.01923077 0.04206731
0 0.88822115 0.03605769 0.02283654 0.03605769
0 0.87740385 0.07812500 0.02163462 0.03245192
0 0.85576923 0.03605769 0.02764423 0.02764423
0 0.81971154 0.10817308 0.02163462 0.02764423
0 0.82331731 0.15745192 0.02163462 0.03245192
0 0.66225962 0.39302885 0.01682692 0.02764423
0 0.27283654 0.96634615 0.02403846 0.04326923
0 0.61538462 0.62620192 0.02884615 0.04687500
0 0.71033654 0.98197115 0.03605769 0.03605769
0 0.69350962 0.93629808 0.03004808 0.04086538
0 0.70072115 0.91346154 0.03365385 0.06490385
0 0.70072115 0.85937500 0.01802885 0.03365385
0 0.64182692 0.80288462 0.02403846 0.04567308
0 0.78605769 0.73918269 0.02163462 0.03725962
0 0.75120192 0.77043269 0.01923077 0.03365385
0 0.71995192 0.82932692 0.01923077 0.05649038
0 0.74278846 0.79927885 0.01322115 0.02644231
0 0.77043269 0.81850962 0.02644231 0.04567308
0 0.74519231 0.91586538 0.03605769 0.06370192
0 0.80528846 0.92788462 0.02764423 0.10216346
0 0.82572115 0.72836538 0.01802885 0.02644231
0 0.82812500 0.72115385 0.02163462 0.02884615
0 0.83173077 0.93750000 0.02403846 0.05889423
0 0.80048077 0.95793269 0.02884615 0.04567308
0 0.77524038 0.98437500 0.02644231 0.03125000
0 0.89302885 0.72836538 0.02403846 0.06009615
0 0.79567308 0.66105769 0.03365385 0.04326923
0 0.89663462 0.70312500 0.03365385 0.04086538
0 0.81730769 0.60336538 0.02163462 0.04687500
0 0.99639423 0.65745192 0.00721154 0.03125000
0 0.68750000 0.90384615 0.01923077 0.04927885
0 0.99639423 0.70552885 0.00721154 0.03605769
0 0.98918269 0.71153846 0.00961538 0.02884615
0 0.98076923 0.72355769 0.00961538 0.03245192
0 0.99158654 0.88341346 0.01682692 0.04086538
0 0.97836538 0.89423077 0.01442308 0.03245192
0 0.96033654 0.89903846 0.02163462 0.03365385
