0 0.32211538 0.48437500 0.02884615 0.03125000
0 0.30048077 0.47475962 0.03185096 0.05048077
0 0.49879808 0.93028846 0.03425481 0.05468750
0 0.51442308 0.90264423 0.02704327 0.03966346
0 0.51201923 0.84735577 0.03545673 0.06550481
0 0.51081731 0.79206731 0.02103365 0.03665865
0 0.56850962 0.73677885 0.02283654 0.04447115
0 0.58413462 0.66947115 0.00961538 0.03605769
0 0.43028846 0.67187500 0.02043269 0.03725962
0 0.46033654 0.70552885 0.01923077 0.03365385
0 0.49639423 0.77043269 0.01923077 0.05288462
0 0.46875000 0.73677885 0.01322115 0.02524038
0 0.44350962 0.74879808 0.02283654 0.03485577
0 0.46634615 0.84615385 0.03725962 0.06490385
0 0.40745192 0.85937500 0.02764423 0.10697115
0 0.38822115 0.66586538 0.01802885 0.02524038
0 0.38581731 0.65625000 0.02043269 0.02884615
0 0.38341346 0.86177885 0.02043269 0.05408654
0 0.40865385 0.89423077 0.02764423 0.04326923
0 0.43629808 0.91706731 0.02524038 0.03365385
0 0.32331731 0.66466346 0.02283654 0.05649038
0 0.41947115 0.59855769 0.03365385 0.04326923
0 0.30769231 0.64543269 0.03245192 0.03725962
0 0.08894231 0.62019231 0.03725962 0.05769231
0 0.16586538 0.62019231 0.02884615 0.03245192
0 0.39663462 0.54206731 0.02283654 0.04807692
0 0.21394231 0.59375000 0.01562500 0.03245192
0 0.52403846 0.83413462 0.01923077 0.04447115
0 0.19350962 0.63701923 0.01562500 0.02524038
0 0.21153846 0.64423077 0.01923077 0.04447115
0 0.21875000 0.65144231 0.01322115 0.02764423
0 0.22956731 0.65384615 0.01442308 0.03725962
0 0.20673077 0.82211538 0.01081731 0.03245192
0 0.22235577 0.81610577 0.01442308 0.03846154
0 0.23557692 0.82331731 0.01442308 0.04447115
0 0.25240385 0.83173077 0.01802885 0.03365385
0 0.94110577 0.54807692 0.02764423 0.04206731
0 0.97716346 0.56250000 0.03725962 0.06490385
0 0.93028846 0.61418269 0.01923077 0.04206731
0 0.90384615 0.51081731 0.02403846 0.02163462
0 0.90024038 0.60336538 0.02403846 0.03725962
0 0.92668269 0.53125000 0.02043269 0.02283654
0 0.68149038 0.53125000 0.01322115 0.02884615
0 0.69591346 0.53004808 0.02043269 0.03966346
0 0.71033654 0.53004808 0.01081731 0.05649038
0 0.72596154 0.53846154 0.02283654 0.03245192
0 0.91346154 0.78365385 0.01923077 0.03846154
0 0.92548077 0.82331731 0.01923077 0.03485577
