0 0.84735577 0.58413462 0.02283654 0.04326923
0 0.88581731 0.59134615 0.01923077 0.03365385
0 0.81250000 0.54206731 0.01923077 0.02764423
0 0.81129808 0.53725962 0.01923077 0.02884615
0 0.74639423 0.54687500 0.02283654 0.05649038
0 0.84134615 0.47716346 0.03605769 0.04687500
0 0.74879808 0.53245192 0.03245192 0.03725962
0 0.82211538 0.43629808 0.02163462 0.04927885
0 0.64783654 0.50480769 0.01802885 0.03365385
0 0.79206731 0.32451923 0.02764423 0.04927885
0 0.69471154 0.56250000 0.01322115 0.02884615
0 0.68750000 0.56250000 0.01322115 0.02163462
0 0.67187500 0.54927885 0.01802885 0.04567308
0 0.65865385 0.54687500 0.01682692 0.03245192
0 0.64783654 0.52644231 0.01802885 0.02163462
0 0.59254808 0.74278846 0.03125000 0.06250000
0 0.55889423 0.81610577 0.01923077 0.03846154
