0 0.59014423 0.42307692 0.02163462 0.06730769
0 0.60336538 0.23557692 0.02764423 0.04987981
0 0.58293269 0.18269231 0.00721154 0.02884615
0 0.65625000 0.05649038 0.01983173 0.03185096
0 0.64903846 0.12259615 0.02223558 0.03906250
0 0.62259615 0.11538462 0.02824519 0.04387019
0 0.59855769 0.15865385 0.01802885 0.03485577
0 0.61778846 0.17187500 0.01562500 0.03245192
0 0.69951923 0.18990385 0.02764423 0.04326923
0 0.65865385 0.21033654 0.03846154 0.06971154
0 0.71153846 0.22716346 0.01923077 0.07692308
0 0.72235577 0.08173077 0.01923077 0.02524038
0 0.71875000 0.05889423 0.02043269 0.03245192
0 0.72355769 0.14423077 0.02043269 0.03245192
0 0.72836538 0.24278846 0.02283654 0.03245192
0 0.69831731 0.28004808 0.02043269 0.02764423
0 0.78245192 0.04567308 0.01802885 0.03004808
0 0.68629808 0.00841346 0.02163462 0.01682692
0 0.95793269 0.12500000 0.03485577 0.04206731
0 0.71995192 0.46033654 0.02043269 0.03846154
0 0.70793269 0.50841346 0.02403846 0.03485577
0 0.94591346 0.17668269 0.01562500 0.03245192
0 0.93149038 0.17187500 0.01562500 0.04447115
0 0.91586538 0.17908654 0.01442308 0.04807692
0 0.90384615 0.18750000 0.02043269 0.03485577
0 0.96394231 0.00721154 0.01442308 0.01442308
0 0.20072115 0.99399038 0.03125000 0.01201923
0 0.20072115 0.96875000 0.01862981 0.03425481
0 0.07572115 0.89903846 0.02944712 0.04146635
0 0.14302885 0.91826923 0.02584135 0.04507212
0 0.10216346 0.88461538 0.02403846 0.02944712
0 0.12019231 0.84615385 0.01983173 0.03786058
0 0.27884615 0.86057692 0.01983173 0.03365385
0 0.25961538 0.89783654 0.02223558 0.03665865
0 0.22115385 0.94951923 0.01923077 0.05709135
0 0.24519231 0.91947115 0.01322115 0.02403846
0 0.29206731 0.95192308 0.02403846 0.03725962
0 0.26201923 0.97956731 0.03846154 0.04086538
0 0.31250000 0.98197115 0.02403846 0.03605769
0 0.32932692 0.83894231 0.01802885 0.02524038
0 0.33052885 0.81009615 0.02043269 0.03004808
0 0.32451923 0.95432692 0.01802885 0.02884615
0 0.39543269 0.82451923 0.01923077 0.03245192
0 0.29807692 0.77163462 0.03725962 0.03846154
0 0.50000000 0.86538462 0.03004808 0.03485577
0 0.31730769 0.71634615 0.02043269 0.04807692
0 0.50240385 0.71995192 0.02043269 0.03846154
0 0.53485577 0.96514423 0.01802885 0.02884615
0 0.52163462 0.96754808 0.01802885 0.04206731
0 0.50721154 0.97475962 0.02283654 0.04807692
0 0.49038462 0.97596154 0.02043269 0.03966346
0 0.56370192 0.77764423 0.02403846 0.03485577
0 0.54687500 0.78966346 0.02403846 0.03966346
0 0.58774038 0.87259615 0.01682692 0.05288462
0 0.64182692 0.86778846 0.03004808 0.03485577
0 0.83653846 0.82572115 0.03365385 0.05168269
0 0.77403846 0.80168269 0.02764423 0.04326923
0 0.69711538 0.76802885 0.01923077 0.03485577
0 0.71875000 0.99639423 0.01442308 0.00721154
0 0.70913462 0.99399038 0.01923077 0.01201923
0 0.74038462 0.83173077 0.02283654 0.03725962
0 0.72355769 0.83653846 0.01322115 0.03485577
0 0.71274038 0.84134615 0.01442308 0.03725962
