0 0.59254808 0.20312500 0.02463942 0.03966346
0 0.07091346 0.64062500 0.02764423 0.03725962
0 0.01081731 0.72956731 0.02163462 0.03605769
0 0.02163462 0.91346154 0.04326923 0.04567308
0 0.02644231 0.84254808 0.01923077 0.05048077
0 0.06250000 0.78485577 0.03004808 0.08413462
0 0.14903846 0.88701923 0.02283654 0.03245192
0 0.17307692 0.92788462 0.03245192 0.03725962
0 0.17668269 0.89062500 0.02043269 0.03245192
0 0.17788462 0.74038462 0.04086538 0.06490385
0 0.18028846 0.77283654 0.02403846 0.03725962
0 0.31250000 0.72115385 0.01923077 0.03846154
0 0.24399038 0.77884615 0.02043269 0.04807692
0 0.29326923 0.80649038 0.02403846 0.03245192
