0 0.91225962 0.15745192 0.01923077 0.02884615
0 0.97355769 0.14062500 0.02163462 0.04687500
0 0.90264423 0.25841346 0.02524038 0.04206731
0 0.99158654 0.34855769 0.01682692 0.03365385
0 0.99038462 0.51802885 0.01923077 0.06971154
0 0.91586538 0.66105769 0.02403846 0.03365385
0 0.88581731 0.71153846 0.02884615 0.03365385
0 0.88701923 0.65865385 0.02403846 0.03365385
0 0.88701923 0.50480769 0.03365385 0.05889423
0 0.84495192 0.53485577 0.02524038 0.03725962
0 0.75841346 0.49879808 0.04086538 0.05048077
0 0.84855769 0.55889423 0.02764423 0.06250000
0 0.77884615 0.54807692 0.02884615 0.03725962
0 0.60697115 0.30769231 0.03605769 0.09134615
