0 0.60937500 0.40504808 0.03846154 0.05228365
0 0.77163462 0.48197115 0.02884615 0.03605769
0 0.83413462 0.78966346 0.03245192 0.06250000
0 0.83293269 0.61899038 0.02403846 0.03725962
0 0.84375000 0.58052885 0.01322115 0.02884615
0 0.81490385 0.54326923 0.02043269 0.04326923
0 0.80528846 0.51081731 0.02403846 0.02163462
0 0.59254808 0.54447115 0.01802885 0.03846154
0 0.56730769 0.50480769 0.01923077 0.00961538
0 0.62620192 0.55528846 0.02403846 0.03245192
0 0.62740385 0.60216346 0.02524038 0.03365385
0 0.79567308 0.85336538 0.02283654 0.03365385
0 0.88942308 0.85817308 0.01923077 0.04927885
