0 0.48557692 0.16466346 0.03245192 0.04627404
0 0.75000000 0.46875000 0.03125000 0.04387019
0 0.91826923 0.39783654 0.02043269 0.05168269
0 0.74759615 0.95192308 0.03725962 0.06069712
0 0.74639423 0.79086538 0.02644231 0.03966346
0 0.72716346 0.81490385 0.01322115 0.02884615
0 0.75360577 0.78846154 0.02403846 0.05168269
0 0.74519231 0.70192308 0.01682692 0.02644231
0 0.62139423 0.67187500 0.02403846 0.03485577
0 0.69230769 0.69711538 0.02524038 0.04687500
0 0.65024038 0.66225962 0.02403846 0.03125000
0 0.66826923 0.62139423 0.02043269 0.04086538
0 0.82091346 0.62860577 0.01682692 0.03125000
0 0.80769231 0.67548077 0.02043269 0.03485577
0 0.78725962 0.67908654 0.02524038 0.04086538
0 0.76802885 0.71995192 0.01682692 0.05048077
0 0.77764423 0.72355769 0.01322115 0.02644231
0 0.84975962 0.73076923 0.02644231 0.04086538
0 0.81370192 0.76562500 0.03605769 0.06850962
0 0.86298077 0.77764423 0.02043269 0.08173077
0 0.87620192 0.62139423 0.01923077 0.02644231
0 0.87379808 0.60817308 0.02043269 0.03125000
0 0.87379808 0.71274038 0.01923077 0.03004808
0 0.87620192 0.79807692 0.02403846 0.03605769
0 0.84495192 0.84615385 0.02403846 0.03125000
0 0.93750000 0.60216346 0.01923077 0.03125000
0 0.84495192 0.55168269 0.03605769 0.03846154
0 0.86177885 0.51081731 0.02163462 0.02163462
