0 0.96514423 0.06129808 0.02764423 0.04266827
0 0.67067308 0.02283654 0.03846154 0.04567308
0 0.66105769 0.22596154 0.02403846 0.04326923
0 0.79567308 0.31730769 0.02403846 0.04206731
0 0.98437500 0.36418269 0.02043269 0.02524038
0 0.99278846 0.38461538 0.01442308 0.03846154
0 0.82211538 0.40264423 0.01923077 0.03485577
0 0.79206731 0.39783654 0.03725962 0.04927885
0 0.67548077 0.53846154 0.01923077 0.03846154
0 0.66105769 0.41826923 0.02403846 0.05288462
0 0.34615385 0.98918269 0.03846154 0.02163462
0 0.32572115 0.97235577 0.02644231 0.05528846
0 0.30649038 0.93509615 0.02764423 0.04807692
