0 0.47836538 0.07091346 0.02584135 0.04326923
0 0.48677885 0.11658654 0.02163462 0.04086538
0 0.50240385 0.07812500 0.02403846 0.04206731
0 0.66586538 0.84615385 0.03545673 0.06189904
0 0.66466346 0.68149038 0.02764423 0.04206731
0 0.64062500 0.69350962 0.01201923 0.02644231
0 0.67548077 0.68028846 0.02403846 0.05168269
0 0.66225962 0.61899038 0.01682692 0.02644231
0 0.54206731 0.56250000 0.02403846 0.03485577
0 0.61418269 0.58533654 0.02644231 0.05048077
0 0.57211538 0.55408654 0.02524038 0.03125000
0 0.59014423 0.53485577 0.02163462 0.01201923
0 0.72716346 0.56610577 0.02043269 0.03485577
0 0.70913462 0.56610577 0.02524038 0.04086538
0 0.68509615 0.60817308 0.01682692 0.04687500
0 0.69831731 0.61418269 0.01442308 0.02764423
0 0.77043269 0.62019231 0.02644231 0.04086538
0 0.73557692 0.65504808 0.03605769 0.06730769
0 0.78365385 0.66466346 0.02043269 0.07812500
0 0.79567308 0.60937500 0.02043269 0.03125000
0 0.80048077 0.68509615 0.02403846 0.03605769
0 0.76562500 0.72956731 0.02043269 0.02764423
0 0.99399038 0.56490385 0.01201923 0.03846154
0 0.99278846 0.61658654 0.01442308 0.04567308
0 0.98076923 0.62860577 0.01562500 0.04807692
0 0.96274038 0.63581731 0.01923077 0.03605769
0 0.78966346 0.91466346 0.01682692 0.04326923
0 0.78245192 0.95673077 0.02403846 0.03605769
