0 0.59975962 0.36418269 0.03605769 0.05228365
0 0.67908654 0.87139423 0.04927885 0.08653846
0 0.68750000 0.70673077 0.01923077 0.03725962
0 0.67548077 0.71153846 0.01562500 0.03245192
0 0.65504808 0.69230769 0.01201923 0.03846154
0 0.71153846 0.64062500 0.01682692 0.03605769
0 0.65865385 0.54447115 0.01923077 0.04086538
0 0.72355769 0.51562500 0.01923077 0.03605769
0 0.74158654 0.54567308 0.02043269 0.03966346
0 0.82812500 0.54447115 0.02524038 0.04086538
0 0.83173077 0.58774038 0.02524038 0.03365385
0 0.93990385 0.67067308 0.02163462 0.04206731
0 0.96995192 0.64783654 0.02884615 0.03605769
0 0.94951923 0.59975962 0.02043269 0.02524038
0 0.95072115 0.56971154 0.02403846 0.04447115
0 0.87379808 0.61298077 0.02163462 0.03365385
0 0.87379808 0.65865385 0.02403846 0.03365385
0 0.72836538 0.87019231 0.01923077 0.03605769
