0 0.27283654 0.47475962 0.02343750 0.04927885
0 0.24879808 0.47596154 0.02343750 0.04326923
0 0.46634615 0.22956731 0.04146635 0.06610577
0 0.45673077 0.06129808 0.02584135 0.03786058
0 0.42908654 0.06370192 0.01382212 0.02884615
0 0.49639423 0.03125000 0.02644231 0.04867788
0 0.55288462 0.01562500 0.03846154 0.03125000
0 0.59495192 0.05048077 0.02043269 0.04326923
0 0.61778846 0.03004808 0.02283654 0.03485577
0 0.61298077 0.24519231 0.01562500 0.02884615
0 0.60096154 0.28605769 0.01802885 0.03485577
0 0.00721154 0.79086538 0.01442308 0.03846154
0 0.26923077 0.81250000 0.03846154 0.09134615
0 0.68028846 0.88341346 0.01923077 0.02524038
0 0.62139423 0.62740385 0.01742788 0.03245192
