0 0.03125000 0.36298077 0.03245192 0.04807692
0 0.09975962 0.42668269 0.02824519 0.04627404
0 0.13461538 0.37980769 0.03665865 0.04447115
0 0.06009615 0.46875000 0.03605769 0.04987981
0 0.27644231 0.15625000 0.02704327 0.03245192
0 0.19471154 0.18389423 0.03125000 0.04146635
0 0.04447115 0.47475962 0.03846154 0.04086538
0 0.21634615 0.38341346 0.03365385 0.05588942
0 0.01081731 0.07932692 0.01862981 0.03906250
0 0.00360577 0.07331731 0.00721154 0.04086538
0 0.80649038 0.07451923 0.02403846 0.03545673
0 0.87980769 0.23317308 0.01983173 0.03846154
0 0.72956731 0.40625000 0.02524038 0.03545673
0 0.85216346 0.22355769 0.02343750 0.04326923
0 0.87500000 0.37620192 0.02463942 0.04206731
0 0.69711538 0.24519231 0.02283654 0.03966346
0 0.68750000 0.22475962 0.02223558 0.04146635
0 0.87139423 0.05048077 0.02223558 0.03906250
0 0.71394231 0.26923077 0.01862981 0.03906250
0 0.73197115 0.34855769 0.02824519 0.04927885
0 0.79447115 0.34615385 0.02043269 0.02884615
0 0.68028846 0.17668269 0.01802885 0.04086538
0 0.98918269 0.05889423 0.01802885 0.03846154
0 0.79567308 0.23918269 0.01322115 0.02644231
0 0.78245192 0.27283654 0.01923077 0.04927885
0 0.80769231 0.23918269 0.01322115 0.02884615
0 0.81129808 0.21875000 0.01442308 0.02644231
0 0.43509615 0.67908654 0.02644231 0.04687500
0 0.47836538 0.89182692 0.01923077 0.03846154
0 0.42187500 0.76802885 0.03125000 0.06129808
0 0.46514423 0.98798077 0.02163462 0.02403846
0 0.41826923 0.87019231 0.02163462 0.03425481
0 0.29326923 0.98437500 0.01923077 0.03125000
0 0.29447115 0.96394231 0.01802885 0.02884615
0 0.44110577 0.64182692 0.02644231 0.02644231
0 0.45793269 0.53605769 0.02163462 0.03365385
0 0.46634615 0.57451923 0.02043269 0.04086538
0 0.45432692 0.59134615 0.01442308 0.02884615
0 0.46634615 0.61418269 0.02043269 0.03966346
0 0.48076923 0.61658654 0.01442308 0.02644231
0 0.47475962 0.66346154 0.02163462 0.06250000
