0 0.36298077 0.21754808 0.02704327 0.03425481
0 0.41466346 0.06971154 0.02644231 0.03425481
0 0.42307692 0.41346154 0.05348558 0.05588942
0 0.47836538 0.16706731 0.02824519 0.04747596
0 0.36298077 0.01923077 0.02884615 0.03846154
0 0.42908654 0.04687500 0.02824519 0.04747596
0 0.43750000 0.00721154 0.02403846 0.01442308
0 0.38341346 0.01322115 0.03125000 0.02644231
0 0.51682692 0.10697115 0.00480769 0.04086538
0 0.47355769 0.23798077 0.02944712 0.07391827
0 0.44711538 0.13942308 0.02103365 0.03004808
0 0.68269231 0.43870192 0.04326923 0.05949519
0 0.40144231 0.71875000 0.03245192 0.05228365
0 0.38461538 0.50240385 0.02884615 0.02884615
0 0.30769231 0.76923077 0.03004808 0.04387019
0 0.21394231 0.82572115 0.04266827 0.05228365
0 0.26802885 0.79447115 0.03245192 0.04146635
0 0.23677885 0.79927885 0.03245192 0.05709135
0 0.20072115 0.69711538 0.03665865 0.05408654
0 0.13221154 0.75721154 0.04687500 0.06430288
0 0.47235577 0.49399038 0.02163462 0.01201923
0 0.33293269 0.74158654 0.02163462 0.03305288
0 0.33052885 0.71634615 0.02343750 0.03545673
0 0.32932692 0.89903846 0.02043269 0.03485577
0 0.81370192 0.60336538 0.02043269 0.04447115
0 0.76442308 0.88461538 0.02403846 0.03786058
0 0.77163462 0.75360577 0.02463942 0.05528846
0 0.83293269 0.87500000 0.02343750 0.04326923
0 0.62980769 0.98557692 0.01923077 0.02884615
0 0.90384615 0.70072115 0.03485577 0.05168269
0 0.97475962 0.75841346 0.02524038 0.03485577
0 0.96274038 0.86778846 0.01923077 0.03966346
0 0.77884615 0.63461538 0.02524038 0.02524038
0 0.78125000 0.67668269 0.03125000 0.03485577
0 0.82451923 0.63942308 0.01923077 0.05288462
0 0.82932692 0.61177885 0.01682692 0.03605769
0 0.79927885 0.57812500 0.02524038 0.03485577
0 0.81009615 0.55048077 0.02043269 0.03245192
0 0.79807692 0.52524038 0.01682692 0.03605769
