0 0.28125000 0.51802885 0.03545673 0.03906250
0 0.23557692 0.60216346 0.02884615 0.04987981
0 0.32692308 0.46274038 0.02403846 0.05528846
0 0.25721154 0.66225962 0.03425481 0.03786058
0 0.31250000 0.59495192 0.02644231 0.05408654
0 0.21514423 0.33533654 0.02163462 0.03185096
0 0.20432692 0.36057692 0.02283654 0.03545673
0 0.47235577 0.46634615 0.05649038 0.05168269
0 0.15504808 0.84735577 0.02163462 0.03786058
0 0.71514423 0.99158654 0.02644231 0.01682692
0 0.69711538 0.99399038 0.01923077 0.01201923
