0 0.01923077 0.05048077 0.02403846 0.04447115
0 0.41346154 0.63822115 0.04567308 0.05949519
0 0.42668269 0.46274038 0.02644231 0.06490385
0 0.06250000 0.14062500 0.02463942 0.04146635
0 0.09014423 0.40865385 0.03245192 0.05168269
0 0.40504808 0.52403846 0.01862981 0.02884615
0 0.15865385 0.08173077 0.01502404 0.03846154
0 0.14903846 0.18870192 0.03725962 0.02704327
0 0.54807692 0.05769231 0.03004808 0.05829327
0 0.65865385 0.26081731 0.02103365 0.05108173
0 0.74879808 0.29927885 0.03185096 0.04807692
0 0.71754808 0.28725962 0.01802885 0.04086538
0 0.78966346 0.10216346 0.01983173 0.04326923
0 0.61177885 0.23197115 0.02704327 0.04807692
0 0.57812500 0.02644231 0.02644231 0.05288462
0 0.62259615 0.36298077 0.02343750 0.04807692
0 0.58413462 0.28485577 0.02103365 0.05108173
0 0.67908654 0.19951923 0.01862981 0.03966346
0 0.86057692 0.03605769 0.03004808 0.04266827
0 0.68990385 0.47235577 0.04026442 0.04927885
0 0.05168269 0.76081731 0.02403846 0.04326923
0 0.34375000 0.90625000 0.03004808 0.05288462
0 0.27403846 0.79687500 0.02403846 0.05408654
0 0.37139423 0.85697115 0.03185096 0.05108173
0 0.06490385 0.87259615 0.02704327 0.03605769
0 0.07812500 0.99519231 0.01682692 0.00961538
0 0.23918269 0.71514423 0.03846154 0.05649038
0 0.26322115 0.90985577 0.02524038 0.04146635
0 0.25721154 0.69230769 0.03365385 0.04807692
0 0.38822115 0.71995192 0.02944712 0.04387019
0 0.25841346 0.80649038 0.02343750 0.05108173
0 0.02524038 0.79086538 0.02524038 0.04807692
0 0.36778846 0.97596154 0.03846154 0.04807692
0 0.27283654 0.95793269 0.02944712 0.04567308
0 0.01322115 0.88581731 0.02644231 0.04086538
0 0.35817308 0.67548077 0.01923077 0.01442308
0 0.25120192 0.87259615 0.02043269 0.03004808
0 0.13822115 0.88822115 0.01562500 0.02403846
0 0.13701923 0.86298077 0.01802885 0.03725962
