0 0.46514423 0.62500000 0.03004808 0.04326923
0 0.65985577 0.37620192 0.02043269 0.03485577
0 0.89302885 0.42548077 0.04086538 0.04807692
0 0.41706731 0.38581731 0.01923077 0.04206731
0 0.42788462 0.61658654 0.02524038 0.05168269
0 0.49399038 0.84615385 0.02764423 0.04687500
0 0.98076923 0.48798077 0.03245192 0.04326923
0 0.58173077 0.57932692 0.02043269 0.03125000
0 0.33653846 0.36899038 0.03725962 0.04086538
0 0.55168269 0.65264423 0.02163462 0.04086538
0 0.59014423 0.72716346 0.02043269 0.03245192
0 0.65985577 0.65745192 0.03846154 0.05168269
0 0.51442308 0.63822115 0.02764423 0.03605769
0 0.48798077 0.65024038 0.02764423 0.04326923
0 0.49038462 0.76562500 0.01682692 0.03725962
0 0.60096154 0.59495192 0.02524038 0.03725962
0 0.61298077 0.35937500 0.02764423 0.05168269
