0 0.22596154 0.32451923 0.02343750 0.03245192
0 0.21033654 0.38581731 0.01682692 0.03185096
0 0.16225962 0.25480769 0.02343750 0.03906250
0 0.18028846 0.38581731 0.02163462 0.03665865
0 0.11418269 0.17307692 0.02403846 0.05348558
0 0.12980769 0.43750000 0.02223558 0.03545673
0 0.32331731 0.42788462 0.03906250 0.05528846
0 0.76322115 0.11899038 0.03125000 0.05288462
0 0.59975962 0.10216346 0.03906250 0.04687500
0 0.83894231 0.37980769 0.04266827 0.05288462
0 0.77283654 0.19110577 0.02704327 0.04326923
0 0.74399038 0.00721154 0.03605769 0.01442308
0 0.82692308 0.11778846 0.02884615 0.05468750
0 0.85697115 0.18990385 0.05649038 0.05288462
0 0.79086538 0.38581731 0.03725962 0.04567308
0 0.79567308 0.04807692 0.02764423 0.05769231
0 0.64062500 0.41586538 0.04026442 0.04867788
0 0.62980769 0.09735577 0.03064904 0.04447115
0 0.62860577 0.35096154 0.03125000 0.05288462
0 0.64663462 0.43389423 0.03365385 0.05048077
0 0.82692308 0.43870192 0.03846154 0.04086538
0 0.88221154 0.13461538 0.03485577 0.06490385
0 0.19350962 0.87740385 0.02704327 0.03245192
0 0.03725962 0.81009615 0.02223558 0.03365385
0 0.75841346 0.94110577 0.03064904 0.05288462
0 0.62500000 0.82211538 0.03125000 0.04867788
0 0.49278846 0.67067308 0.00961538 0.04326923
0 0.54326923 0.77524038 0.02944712 0.04567308
0 0.57211538 0.99158654 0.01923077 0.01682692
0 0.55168269 0.52403846 0.01923077 0.02644231
0 0.55769231 0.54927885 0.01802885 0.02644231
0 0.56971154 0.51802885 0.02403846 0.04206731
0 0.56730769 0.48677885 0.01802885 0.02764423
0 0.57572115 0.46634615 0.02163462 0.01442308
0 0.59254808 0.46875000 0.01682692 0.01923077
0 0.59134615 0.53485577 0.01923077 0.03846154
0 0.61418269 0.56490385 0.02764423 0.03365385
0 0.60576923 0.60456731 0.03004808 0.03485577
0 0.60576923 0.63221154 0.02403846 0.04326923
0 0.62740385 0.98437500 0.01923077 0.03125000
0 0.63221154 0.99519231 0.01923077 0.00961538
0 0.75480769 0.99399038 0.01442308 0.01201923
