0 0.05889423 0.34375000 0.03125000 0.05468750
0 0.03365385 0.53365385 0.02283654 0.03064904
0 0.01682692 0.49639423 0.01923077 0.03185096
0 0.20793269 0.40745192 0.03545673 0.06670673
0 0.86057692 0.13701923 0.02103365 0.03064904
0 0.83173077 0.13581731 0.02704327 0.03185096
0 0.76923077 0.05048077 0.02644231 0.03725962
0 0.90264423 0.26201923 0.04086538 0.04086538
0 0.91346154 0.49158654 0.03064904 0.04687500
0 0.92908654 0.64182692 0.02644231 0.01442308
0 0.89783654 0.56850962 0.02944712 0.04627404
0 0.98557692 0.43509615 0.02884615 0.04807692
0 0.96875000 0.43629808 0.02884615 0.04987981
0 0.93870192 0.37620192 0.03185096 0.04687500
0 0.97235577 0.38461538 0.02163462 0.03846154
0 0.69711538 0.02163462 0.02884615 0.04326923
0 0.93870192 0.09134615 0.02824519 0.03545673
0 0.61298077 0.18269231 0.02524038 0.05408654
0 0.95793269 0.32812500 0.03125000 0.04326923
0 0.85096154 0.43389423 0.03245192 0.06730769
0 0.61177885 0.26201923 0.03125000 0.04447115
0 0.97475962 0.01682692 0.02644231 0.03365385
0 0.98918269 0.06490385 0.01322115 0.04086538
0 0.74158654 0.01923077 0.02163462 0.03846154
0 0.07692308 0.86177885 0.02463942 0.03305288
0 0.17187500 0.89423077 0.03425481 0.04567308
0 0.76081731 0.91947115 0.03185096 0.05588942
0 0.64182692 0.97596154 0.02884615 0.04807692
0 0.84014423 0.66105769 0.03605769 0.02403846
0 0.69711538 0.98197115 0.02884615 0.03605769
0 0.76562500 0.97235577 0.02644231 0.05168269
0 0.67908654 0.92788462 0.01442308 0.02524038
0 0.71153846 0.92067308 0.03004808 0.03125000
