0 0.18509615 0.57812500 0.02403846 0.02163462
0 0.17908654 0.25120192 0.03545673 0.08894231
0 0.22836538 0.51682692 0.03665865 0.04146635
0 0.37019231 0.21875000 0.02944712 0.04687500
0 0.34014423 0.52043269 0.04387019 0.07331731
0 0.07091346 0.29807692 0.02403846 0.05288462
0 0.37379808 0.50961538 0.04146635 0.05228365
0 0.21754808 0.56610577 0.03605769 0.04567308
0 0.92548077 0.13822115 0.02944712 0.04507212
0 0.62139423 0.10456731 0.02644231 0.05408654
0 0.89423077 0.37259615 0.02223558 0.03906250
0 0.92427885 0.25480769 0.02584135 0.04807692
0 0.76442308 0.51322115 0.02043269 0.03185096
0 0.75000000 0.56129808 0.02824519 0.04266827
0 0.62620192 0.24038462 0.02824519 0.04807692
0 0.96995192 0.43990385 0.02163462 0.03906250
0 0.65264423 0.45072115 0.02043269 0.03365385
0 0.72235577 0.19110577 0.02043269 0.04086538
0 0.71754808 0.14903846 0.02403846 0.05769231
0 0.71394231 0.25721154 0.02524038 0.06129808
0 0.95192308 0.15264423 0.02764423 0.04447115
0 0.67908654 0.30408654 0.02764423 0.06009615
0 0.56730769 0.29086538 0.03365385 0.04807692
0 0.71754808 0.31250000 0.02163462 0.05168269
0 0.74038462 0.49879808 0.03725962 0.04206731
0 0.83774038 0.26322115 0.02524038 0.06009615
0 0.57572115 0.34855769 0.02163462 0.04807692
0 0.98798077 0.25120192 0.02403846 0.04567308
0 0.68750000 0.06610577 0.03365385 0.03725962
0 0.71033654 0.09975962 0.02764423 0.04086538
0 0.60817308 0.05408654 0.02043269 0.05168269
0 0.58533654 0.03365385 0.02764423 0.05288462
0 0.56850962 0.01802885 0.02163462 0.03605769
0 0.58173077 0.09495192 0.02163462 0.04086538
0 0.12500000 0.83052885 0.03665865 0.07692308
0 0.24038462 0.70793269 0.02944712 0.05108173
