0 0.30288462 0.06971154 0.03545673 0.06069712
0 0.05649038 0.28245192 0.02223558 0.03545673
0 0.14302885 0.19831731 0.02704327 0.04326923
0 0.11778846 0.30769231 0.03665865 0.04567308
0 0.41706731 0.10216346 0.03725962 0.05769231
0 0.02283654 0.50841346 0.04086538 0.04086538
0 0.18629808 0.22716346 0.02343750 0.03846154
0 0.08413462 0.35456731 0.04206731 0.07271635
0 0.02403846 0.20072115 0.03064904 0.03966346
0 0.01802885 0.35576923 0.01682692 0.03425481
0 0.05288462 0.24038462 0.01682692 0.03846154
0 0.06850962 0.23677885 0.01802885 0.04567308
0 0.03125000 0.25120192 0.02283654 0.04747596
0 0.85456731 0.08653846 0.01923077 0.04447115
0 0.29687500 0.94230769 0.02223558 0.04266827
0 0.21033654 0.82211538 0.03725962 0.06069712
0 0.15024038 0.80408654 0.03125000 0.05889423
0 0.26322115 0.67427885 0.01742788 0.03545673
0 0.27884615 0.68990385 0.02764423 0.04026442
0 0.25480769 0.72235577 0.01201923 0.04567308
0 0.24278846 0.73918269 0.02764423 0.04807692
0 0.23317308 0.59975962 0.02403846 0.04567308
0 0.24759615 0.59615385 0.01682692 0.03605769
0 0.22596154 0.62980769 0.02283654 0.03004808
0 0.22475962 0.65865385 0.01923077 0.03004808
0 0.21033654 0.64423077 0.01201923 0.03004808
0 0.20432692 0.66346154 0.01201923 0.03125000
0 0.06009615 0.83052885 0.02403846 0.03605769
0 0.07812500 0.94110577 0.01923077 0.04807692
0 0.01322115 0.95072115 0.02403846 0.06250000
0 0.59735577 0.90264423 0.01682692 0.04567308
