0 0.09735577 0.29326923 0.03245192 0.04987981
0 0.02884615 0.35697115 0.02584135 0.04507212
0 0.39423077 0.19591346 0.03004808 0.05588942
0 0.00600962 0.30769231 0.01201923 0.04326923
0 0.29927885 0.15745192 0.03425481 0.06370192
0 0.06971154 0.40024038 0.03846154 0.05228365
0 0.15144231 0.33533654 0.03064904 0.04927885
0 0.08533654 0.40504808 0.03966346 0.04266827
0 0.11778846 0.01322115 0.01923077 0.02644231
0 0.12980769 0.01081731 0.01923077 0.02163462
0 0.91706731 0.38701923 0.02163462 0.03064904
0 0.88701923 0.20432692 0.01983173 0.03305288
0 0.96394231 0.28125000 0.01983173 0.03425481
0 0.84014423 0.29086538 0.01983173 0.03485577
0 0.90264423 0.29927885 0.01983173 0.03004808
0 0.95072115 0.35336538 0.01562500 0.03425481
0 0.95192308 0.41466346 0.02403846 0.02644231
0 0.82572115 0.02043269 0.02644231 0.04086538
0 0.41706731 0.78966346 0.02163462 0.09375000
0 0.37740385 0.61298077 0.02403846 0.03425481
0 0.35817308 0.62379808 0.02223558 0.03665865
0 0.42187500 0.54567308 0.01201923 0.03846154
0 0.37500000 0.87740385 0.01622596 0.03064904
0 0.34254808 0.87980769 0.02343750 0.05228365
0 0.27644231 0.79206731 0.02043269 0.03365385
0 0.39182692 0.51802885 0.02043269 0.03485577
0 0.41105769 0.51923077 0.02043269 0.03846154
0 0.38581731 0.75721154 0.02764423 0.05288462
0 0.38461538 0.80168269 0.02043269 0.03725962
0 0.84495192 0.68149038 0.02764423 0.04447115
0 0.65625000 0.69110577 0.02463942 0.03185096
0 0.90024038 0.71033654 0.01742788 0.05288462
0 0.66706731 0.97596154 0.03125000 0.04807692
0 0.81250000 0.93990385 0.03125000 0.04927885
0 0.69471154 0.97836538 0.02884615 0.04326923
0 0.71634615 0.97115385 0.03425481 0.03425481
0 0.85096154 0.94711538 0.03545673 0.04507212
0 0.56490385 0.72235577 0.03245192 0.04266827
0 0.75721154 0.99158654 0.02403846 0.01682692
