0 0.39423077 0.68629808 0.02764423 0.03846154
0 0.35697115 0.69831731 0.02403846 0.04326923
0 0.77043269 0.48918269 0.03245192 0.06129808
0 0.58293269 0.38701923 0.02644231 0.04687500
0 0.61899038 0.70913462 0.03485577 0.04687500
0 0.84975962 0.52764423 0.02403846 0.04567308
0 0.53846154 0.35576923 0.03004808 0.04567308
0 0.50240385 0.65504808 0.03125000 0.04687500
0 0.43149038 0.68750000 0.03485577 0.04206731
0 0.39423077 0.62860577 0.03725962 0.05048077
0 0.53245192 0.61538462 0.03125000 0.05048077
0 0.43509615 0.95552885 0.03125000 0.05769231
0 0.53245192 0.74519231 0.02764423 0.04086538
0 0.35576923 0.39903846 0.02403846 0.04086538
0 0.26081731 0.43389423 0.02403846 0.03725962
0 0.48437500 0.74158654 0.02403846 0.03125000
0 0.41586538 0.81009615 0.01562500 0.03485577
