0 0.61298077 0.56850962 0.01682692 0.03485577
0 0.54567308 0.57091346 0.01562500 0.02764423
0 0.49639423 0.52163462 0.01682692 0.02644231
0 0.48798077 0.68629808 0.02043269 0.03846154
0 0.53485577 0.74278846 0.01562500 0.03485577
0 0.43389423 0.52043269 0.02043269 0.03605769
0 0.38461538 0.66466346 0.01682692 0.03605769
0 0.47475962 0.96033654 0.01682692 0.03485577
0 0.48317308 0.42067308 0.01923077 0.03485577
0 0.67908654 0.63100962 0.01682692 0.03605769
0 0.55528846 0.49639423 0.01562500 0.03605769
0 0.37860577 0.65745192 0.01682692 0.03125000
0 0.54807692 0.62620192 0.01682692 0.03605769
0 0.58653846 0.74278846 0.01682692 0.03605769
0 0.50600962 0.60576923 0.01682692 0.02764423
0 0.42908654 0.25120192 0.01562500 0.03004808
