0 0.56129808 0.56250000 0.02043269 0.04326923
0 0.56730769 0.49759615 0.02283654 0.03966346
0 0.37379808 0.34014423 0.01622596 0.02884615
0 0.55168269 0.57812500 0.01442308 0.03605769
0 0.65745192 0.53846154 0.01862981 0.04266827
0 0.60937500 0.46875000 0.02584135 0.05348558
0 0.71274038 0.31490385 0.01201923 0.04326923
0 0.67427885 0.67187500 0.02644231 0.03605769
0 0.51562500 0.59375000 0.02223558 0.03305288
0 0.47716346 0.34735577 0.02163462 0.04026442
0 0.69711538 0.61778846 0.02644231 0.04927885
0 0.60817308 0.61298077 0.03004808 0.05468750
0 0.72956731 0.27764423 0.02163462 0.05048077
0 0.75000000 0.33774038 0.02764423 0.05108173
0 0.76802885 0.18028846 0.03605769 0.04747596
0 0.72475962 0.50240385 0.01201923 0.05769231
0 0.79567308 0.35576923 0.02944712 0.06310096
