0 0.63221154 0.02043269 0.03846154 0.04086538
0 0.57451923 0.10937500 0.04086538 0.07151442
0 0.83413462 0.38942308 0.02884615 0.08713942
0 0.62740385 0.21394231 0.04447115 0.07512019
0 0.67788462 0.27644231 0.02944712 0.06730769
0 0.75841346 0.52043269 0.04807692 0.10817308
0 0.74399038 0.16826923 0.03725962 0.06490385
0 0.61298077 0.09495192 0.02944712 0.06850962
0 0.68509615 0.32331731 0.03485577 0.05048077
0 0.70913462 0.30168269 0.02884615 0.07151442
0 0.72355769 0.24639423 0.03966346 0.06250000
0 0.71394231 0.17788462 0.03365385 0.05949519
0 0.27644231 0.96274038 0.03485577 0.05709135
0 0.45192308 0.94831731 0.02163462 0.03966346
0 0.51802885 0.64903846 0.02584135 0.04447115
0 0.82331731 0.79927885 0.02824519 0.05228365
0 0.75000000 0.68509615 0.02463942 0.05769231
0 0.85096154 0.74879808 0.03665865 0.05588942
0 0.53245192 0.76442308 0.02884615 0.03906250
0 0.54807692 0.90504808 0.01923077 0.03665865
0 0.71153846 0.60937500 0.03846154 0.04086538
0 0.73918269 0.80288462 0.02584135 0.04326923
0 0.73317308 0.59615385 0.03365385 0.01442308
0 0.86899038 0.60817308 0.02644231 0.03846154
0 0.73317308 0.69591346 0.02403846 0.05408654
0 0.49038462 0.67908654 0.02524038 0.05048077
0 0.84855769 0.87620192 0.03365385 0.05528846
0 0.74879808 0.85336538 0.02644231 0.04567308
0 0.47475962 0.77764423 0.03846154 0.04206731
0 0.79687500 0.95673077 0.02524038 0.04086538
0 0.72596154 0.76442308 0.02163462 0.03245192
0 0.60937500 0.78125000 0.01682692 0.02524038
0 0.60697115 0.75480769 0.01802885 0.03846154
0 0.45072115 0.99038462 0.01201923 0.01923077
0 0.43870192 0.98557692 0.01201923 0.02884615
