0 0.11899038 0.29567308 0.02524038 0.03906250
0 0.06850962 0.47596154 0.02524038 0.03365385
0 0.00841346 0.42908654 0.01682692 0.03605769
0 0.08533654 0.43870192 0.02163462 0.02884615
0 0.08533654 0.30528846 0.02283654 0.03125000
0 0.02403846 0.40144231 0.02163462 0.02884615
0 0.04687500 0.45072115 0.03125000 0.06250000
0 0.27644231 0.04807692 0.02283654 0.03485577
0 0.15264423 0.11418269 0.03125000 0.06250000
0 0.01562500 0.49158654 0.02163462 0.01682692
0 0.57692308 0.10336538 0.02824519 0.05468750
