0 0.38581731 0.49639423 0.01862981 0.02884615
0 0.31250000 0.56009615 0.01923077 0.03846154
0 0.31850962 0.29086538 0.02103365 0.03545673
0 0.27403846 0.43870192 0.02223558 0.04146635
0 0.39543269 0.37620192 0.01622596 0.03185096
0 0.33173077 0.49278846 0.01502404 0.03305288
0 0.22596154 0.55408654 0.01862981 0.04146635
0 0.33533654 0.40504808 0.01862981 0.02704327
0 0.51682692 0.52524038 0.01862981 0.03665865
0 0.37620192 0.43629808 0.01442308 0.02584135
0 0.46033654 0.44711538 0.02103365 0.04867788
0 0.27163462 0.14543269 0.02043269 0.03365385
0 0.22355769 0.98798077 0.02884615 0.02403846
