0 0.44951923 0.61778846 0.03485577 0.04326923
0 0.21033654 0.65745192 0.02403846 0.03125000
0 0.39423077 0.77764423 0.05168269 0.04086538
0 0.44471154 0.40264423 0.02764423 0.03846154
0 0.34495192 0.44831731 0.01923077 0.03605769
0 0.38341346 0.48798077 0.02163462 0.03125000
0 0.34254808 0.40144231 0.01923077 0.03725962
0 0.39663462 0.42307692 0.01682692 0.03245192
0 0.26562500 0.41586538 0.02764423 0.04687500
0 0.44350962 0.31850962 0.02524038 0.04086538
0 0.41346154 0.44350962 0.02163462 0.03125000
0 0.31129808 0.55288462 0.01923077 0.02764423
0 0.43028846 0.24399038 0.02644231 0.04567308
0 0.27403846 0.50600962 0.01923077 0.03605769
0 0.33413462 0.65745192 0.03125000 0.03605769
0 0.34014423 0.56129808 0.01923077 0.02644231
