0 0.43870192 0.03725962 0.03786058 0.05468750
0 0.98197115 0.40024038 0.01682692 0.01682692
0 0.81971154 0.16466346 0.02704327 0.04687500
0 0.80048077 0.20432692 0.02824519 0.04867788
0 0.93389423 0.31971154 0.02163462 0.05288462
0 0.89062500 0.38581731 0.02163462 0.04266827
0 0.97716346 0.33774038 0.02343750 0.03485577
0 0.96875000 0.33533654 0.01862981 0.03605769
0 0.47235577 0.74399038 0.02644231 0.04507212
0 0.55649038 0.49399038 0.02764423 0.04987981
0 0.12500000 0.56490385 0.04927885 0.07091346
0 0.38942308 0.77403846 0.02524038 0.03485577
0 0.47115385 0.53004808 0.02704327 0.04687500
0 0.28966346 0.69591346 0.02644231 0.04507212
0 0.31250000 0.79807692 0.03305288 0.04447115
0 0.01562500 0.59975962 0.03125000 0.05528846
0 0.40745192 0.99038462 0.04086538 0.01923077
0 0.24519231 0.72235577 0.02524038 0.03665865
0 0.34375000 0.84375000 0.04326923 0.07091346
0 0.40504808 0.69831731 0.02584135 0.03365385
0 0.41706731 0.86538462 0.01802885 0.03365385
0 0.38100962 0.73677885 0.01682692 0.03665865
0 0.36538462 0.73557692 0.01682692 0.04447115
