0 0.03846154 0.14302885 0.03185096 0.03786058
0 0.01802885 0.34254808 0.03605769 0.05528846
0 0.03365385 0.00841346 0.02403846 0.01682692
0 0.00240385 0.12259615 0.00480769 0.03365385
0 0.00480769 0.08774038 0.00961538 0.04086538
0 0.59855769 0.34495192 0.02043269 0.03846154
0 0.70192308 0.46995192 0.02403846 0.03605769
0 0.51802885 0.23317308 0.03365385 0.05588942
0 0.46274038 0.21634615 0.02764423 0.05408654
0 0.56730769 0.09615385 0.01442308 0.03245192
0 0.58173077 0.11057692 0.02283654 0.03725962
0 0.56009615 0.14062500 0.01081731 0.04206731
0 0.54807692 0.15625000 0.02524038 0.04447115
0 0.53846154 0.02644231 0.02283654 0.04206731
0 0.55288462 0.02403846 0.01562500 0.03365385
0 0.53365385 0.05408654 0.02043269 0.02764423
0 0.53125000 0.08173077 0.01802885 0.02764423
0 0.51802885 0.06850962 0.01081731 0.02764423
0 0.51322115 0.08533654 0.01081731 0.02884615
0 0.38461538 0.24038462 0.00961538 0.03365385
0 0.39543269 0.34254808 0.01802885 0.04447115
0 0.49399038 0.58293269 0.02944712 0.05408654
0 0.55889423 0.77644231 0.02223558 0.04807692
0 0.48557692 0.75480769 0.01862981 0.03365385
0 0.62620192 0.89543269 0.03004808 0.06069712
0 0.53485577 0.61298077 0.02704327 0.05769231
0 0.52283654 0.51322115 0.02764423 0.04627404
0 0.41225962 0.60216346 0.02283654 0.04627404
0 0.43149038 0.59495192 0.02524038 0.05288462
0 0.64302885 0.92908654 0.01802885 0.04447115
0 0.63822115 0.96754808 0.02403846 0.03485577
0 0.51201923 0.49278846 0.01923077 0.00961538
