0 0.45793269 0.26682692 0.04206731 0.05949519
0 0.36658654 0.32572115 0.03485577 0.05108173
0 0.33173077 0.29687500 0.03425481 0.04086538
0 0.27644231 0.24158654 0.03545673 0.04567308
0 0.14182692 0.00961538 0.03365385 0.01923077
0 0.20432692 0.23317308 0.03545673 0.05468750
0 0.22115385 0.02043269 0.02884615 0.04086538
0 0.38701923 0.33774038 0.03725962 0.04387019
0 0.40144231 0.21394231 0.03365385 0.05588942
0 0.30048077 0.28605769 0.02704327 0.03966346
0 0.27283654 0.39182692 0.01682692 0.01442308
0 0.54206731 0.94110577 0.02644231 0.02644231
0 0.09014423 0.63221154 0.02704327 0.04927885
