0 0.58173077 0.73798077 0.03125000 0.03004808
0 0.63942308 0.37860577 0.02043269 0.03725962
0 0.55649038 0.61298077 0.03004808 0.04807692
0 0.67548077 0.69110577 0.01923077 0.03605769
0 0.82692308 0.45192308 0.03004808 0.04687500
0 0.41466346 0.66586538 0.02163462 0.04206731
0 0.58533654 0.34495192 0.02403846 0.05048077
0 0.47956731 0.91586538 0.02764423 0.05769231
0 0.58533654 0.61298077 0.03004808 0.04326923
0 0.93028846 0.51201923 0.02644231 0.06971154
0 0.30889423 0.40504808 0.03004808 0.06370192
0 0.53004808 0.69350962 0.01201923 0.03725962
0 0.40264423 0.36538462 0.02163462 0.05649038
0 0.49158654 0.68509615 0.02403846 0.03125000
0 0.46514423 0.78725962 0.01682692 0.02644231
0 0.44110577 0.66105769 0.01682692 0.02764423
0 0.45552885 0.63461538 0.02163462 0.03125000
