0 0.04447115 0.51322115 0.02764423 0.04266827
0 0.27283654 0.33052885 0.01201923 0.04567308
0 0.26562500 0.48918269 0.02644231 0.04567308
0 0.15024038 0.51802885 0.02163462 0.04086538
0 0.21274038 0.27764423 0.02704327 0.04627404
0 0.22956731 0.27644231 0.02824519 0.04927885
0 0.25841346 0.21875000 0.02884615 0.04387019
0 0.22596154 0.22716346 0.01923077 0.03665865
0 0.23798077 0.52403846 0.02884615 0.02884615
0 0.23918269 0.17187500 0.03185096 0.04266827
0 0.16586538 0.37019231 0.03906250 0.05468750
0 0.01802885 0.49399038 0.02343750 0.04026442
0 0.00961538 0.44711538 0.01923077 0.03846154
0 0.00841346 0.19711538 0.01682692 0.04326923
0 0.25240385 0.91105769 0.02584135 0.03004808
0 0.10937500 0.84975962 0.02343750 0.03185096
