0 0.31370192 0.75600962 0.01923077 0.03485577
0 0.48317308 0.56850962 0.02524038 0.04086538
0 0.47596154 0.61298077 0.02524038 0.03846154
0 0.56490385 0.68389423 0.01923077 0.03605769
0 0.54567308 0.25480769 0.02403846 0.03125000
0 0.57692308 0.74278846 0.02764423 0.05168269
0 0.53365385 0.75841346 0.02403846 0.03605769
0 0.51682692 0.44471154 0.03004808 0.03846154
0 0.62620192 0.20192308 0.02524038 0.04326923
0 0.61899038 0.54326923 0.03245192 0.04086538
0 0.54206731 0.58653846 0.02644231 0.03846154
0 0.83533654 0.40745192 0.01562500 0.04086538
0 0.83653846 0.31850962 0.02764423 0.03846154
0 0.54807692 0.49278846 0.02524038 0.04326923
0 0.49519231 0.81370192 0.02524038 0.03485577
0 0.48317308 0.49639423 0.02644231 0.04086538
0 0.56129808 0.38461538 0.02524038 0.03125000
0 0.74278846 0.17187500 0.02644231 0.04326923
0 0.61538462 0.56730769 0.01562500 0.02403846
0 0.69951923 0.16947115 0.01923077 0.02524038
0 0.68629808 0.19591346 0.01201923 0.04326923
0 0.66346154 0.23918269 0.01923077 0.05288462
0 0.59134615 0.23076923 0.01682692 0.03485577
0 0.60336538 0.23677885 0.01081731 0.03605769
0 0.62139423 0.24038462 0.02163462 0.03004808
0 0.46754808 0.20913462 0.01682692 0.03485577
0 0.47115385 0.14783654 0.02163462 0.05288462
0 0.27163462 0.52884615 0.01201923 0.02524038
0 0.27403846 0.73918269 0.01562500 0.03004808
0 0.28846154 0.73317308 0.01442308 0.03125000
0 0.44951923 0.74278846 0.01442308 0.05889423
0 0.46754808 0.74879808 0.02403846 0.05889423
