0 0.25480769 0.36658654 0.01502404 0.02884615
0 0.35817308 0.36177885 0.01802885 0.04146635
0 0.59975962 0.33533654 0.01682692 0.04567308
0 0.49038462 0.49038462 0.02163462 0.05288462
0 0.44591346 0.50961538 0.02223558 0.03485577
0 0.45432692 0.50600962 0.02223558 0.03725962
0 0.61778846 0.06129808 0.01923077 0.05048077
0 0.64663462 0.07692308 0.03365385 0.04987981
0 0.92067308 0.69230769 0.02463942 0.03846154
0 0.95793269 0.84134615 0.01682692 0.03846154
0 0.99639423 0.57932692 0.00721154 0.03846154
0 0.95192308 0.67187500 0.03485577 0.04687500
0 0.71875000 0.55048077 0.02403846 0.04326923
0 0.84975962 0.58653846 0.02824519 0.04387019
0 0.97355769 0.90264423 0.02043269 0.03846154
