0 0.45673077 0.25961538 0.02163462 0.04387019
0 0.34735577 0.18750000 0.01923077 0.03485577
0 0.39903846 0.31850962 0.02163462 0.04146635
0 0.40024038 0.24519231 0.01382212 0.03485577
0 0.33173077 0.09375000 0.01923077 0.03786058
0 0.34975962 0.37860577 0.02283654 0.05468750
0 0.29206731 0.44350962 0.02163462 0.03725962
0 0.37860577 0.43149038 0.01682692 0.04026442
0 0.21514423 0.33413462 0.02283654 0.03725962
0 0.28365385 0.16947115 0.01802885 0.04086538
0 0.43750000 0.43149038 0.03125000 0.05408654
0 0.41225962 0.17668269 0.02043269 0.04146635
0 0.36538462 0.27403846 0.02103365 0.03425481
0 0.83653846 0.22355769 0.03245192 0.05588942
0 0.80288462 0.22355769 0.03004808 0.05408654
0 0.79326923 0.30288462 0.03004808 0.05889423
0 0.74158654 0.25120192 0.03185096 0.04627404
0 0.83413462 0.44831731 0.03004808 0.04266827
0 0.63942308 0.35817308 0.03425481 0.04867788
0 0.81009615 0.37860577 0.02524038 0.05288462
0 0.85096154 0.14663462 0.03906250 0.05288462
0 0.85697115 0.39182692 0.04026442 0.06550481
0 0.74158654 0.11057692 0.04206731 0.05468750
0 0.74759615 0.38581731 0.04266827 0.05228365
0 0.61899038 0.35697115 0.04206731 0.06009615
0 0.76802885 0.44831731 0.03125000 0.05108173
0 0.61899038 0.70793269 0.02403846 0.03245192
0 0.64903846 0.72115385 0.02283654 0.03004808
0 0.63100962 0.70913462 0.02283654 0.03365385
0 0.61418269 0.97716346 0.05528846 0.04567308
0 0.51802885 0.86778846 0.03425481 0.04507212
0 0.79326923 0.55288462 0.02884615 0.00961538
0 0.51442308 0.91947115 0.02884615 0.04567308
0 0.53245192 0.91346154 0.03425481 0.04206731
0 0.57692308 0.81490385 0.02764423 0.04206731
0 0.50360577 0.95072115 0.00721154 0.04567308
0 0.86177885 0.71033654 0.02764423 0.04447115
0 0.85937500 0.79927885 0.03125000 0.04086538
0 0.52163462 0.60336538 0.02163462 0.03245192
0 0.53485577 0.63581731 0.01682692 0.03485577
0 0.70432692 0.62740385 0.01682692 0.05408654
0 0.71995192 0.60336538 0.02403846 0.03125000
0 0.74278846 0.57932692 0.01923077 0.03245192
0 0.66225962 0.71394231 0.01322115 0.03605769
