0 0.66947115 0.58052885 0.01562500 0.04086538
0 0.56610577 0.51081731 0.01923077 0.03485577
0 0.61538462 0.63701923 0.01562500 0.03725962
0 0.61538462 0.56610577 0.01201923 0.03485577
0 0.55048077 0.42187500 0.01923077 0.03605769
0 0.56850962 0.69350962 0.02043269 0.05168269
0 0.51201923 0.75600962 0.01923077 0.03485577
0 0.59495192 0.74399038 0.01562500 0.03725962
0 0.43870192 0.65144231 0.02043269 0.03485577
0 0.73798077 0.62379808 0.01682692 0.03485577
0 0.50480769 0.49399038 0.01562500 0.03846154
0 0.53485577 0.95913462 0.01562500 0.03846154
0 0.65144231 0.74399038 0.02524038 0.05048077
0 0.49038462 0.22475962 0.02764423 0.05168269
0 0.62740385 0.50120192 0.01562500 0.03725962
0 0.58173077 0.59375000 0.01682692 0.03125000
