0 0.30528846 0.45432692 0.04086538 0.05048077
0 0.18870192 0.28725962 0.03725962 0.04627404
0 0.33413462 0.22596154 0.04687500 0.03485577
0 0.33413462 0.18269231 0.04146635 0.04747596
0 0.20913462 0.36778846 0.03725962 0.04507212
0 0.18509615 0.42427885 0.03365385 0.04627404
0 0.12259615 0.35937500 0.04747596 0.06129808
0 0.34495192 0.25721154 0.04326923 0.03966346
0 0.15985577 0.17548077 0.05829327 0.05168269
0 0.41706731 0.18389423 0.04507212 0.03846154
0 0.36177885 0.31250000 0.04266827 0.03245192
0 0.36778846 0.28605769 0.03305288 0.03786058
0 0.12379808 0.23557692 0.02103365 0.02403846
0 0.81610577 0.15384615 0.03846154 0.05108173
0 0.83533654 0.31490385 0.03485577 0.05889423
0 0.88100962 0.20312500 0.03425481 0.04387019
0 0.86298077 0.25841346 0.02764423 0.05288462
0 0.87259615 0.47836538 0.04567308 0.08353365
0 0.94230769 0.52043269 0.03064904 0.04567308
0 0.90745192 0.59855769 0.03004808 0.03545673
0 0.90985577 0.50120192 0.03064904 0.06189904
0 0.97956731 0.64423077 0.04086538 0.02884615
0 0.91586538 0.19591346 0.04507212 0.08173077
0 0.95793269 0.35336538 0.02764423 0.07211538
0 0.90144231 0.43509615 0.03846154 0.08112981
0 0.79326923 0.34254808 0.04326923 0.07211538
0 0.93269231 0.37860577 0.02704327 0.09134615
0 0.66225962 0.82932692 0.01682692 0.02944712
0 0.62259615 0.97716346 0.01021635 0.01442308
