0 0.45913462 0.66586538 0.02764423 0.04567308
0 0.39182692 0.72836538 0.02524038 0.04326923
0 0.74879808 0.57091346 0.02764423 0.05528846
0 0.35817308 0.68149038 0.03485577 0.04086538
0 0.65504808 0.53365385 0.03125000 0.06129808
0 0.43028846 0.77043269 0.03245192 0.04807692
0 0.21754808 0.46274038 0.02524038 0.03125000
0 0.29807692 0.48918269 0.02764423 0.03846154
0 0.51081731 0.70793269 0.02644231 0.04687500
0 0.44591346 0.77524038 0.03725962 0.04086538
0 0.34855769 0.96274038 0.03605769 0.03605769
0 0.27644231 0.68629808 0.02764423 0.05288462
0 0.47956731 0.38581731 0.01562500 0.03846154
0 0.49158654 0.38221154 0.01562500 0.04086538
0 0.34134615 0.83653846 0.01682692 0.03125000
