0 0.42908654 0.41105769 0.03125000 0.01442308
0 0.39062500 0.40504808 0.03125000 0.02644231
0 0.28605769 0.15144231 0.03545673 0.07752404
0 0.38461538 0.15264423 0.02884615 0.05588942
0 0.95072115 0.29687500 0.03004808 0.04987981
0 0.99519231 0.21514423 0.00961538 0.06009615
0 0.89543269 0.33173077 0.03485577 0.04507212
0 0.94471154 0.38701923 0.02704327 0.05829327
0 0.99158654 0.28004808 0.01682692 0.05048077
0 0.88942308 0.16466346 0.02884615 0.04987981
0 0.10697115 0.84615385 0.04567308 0.06129808
0 0.26081731 0.98076923 0.03605769 0.03846154
0 0.18750000 0.70913462 0.03605769 0.04867788
0 0.18269231 0.80769231 0.03725962 0.04927885
0 0.11778846 0.91105769 0.02824519 0.04747596
0 0.03846154 0.89663462 0.02463942 0.04447115
0 0.53846154 0.54326923 0.01923077 0.04807692
0 0.54807692 0.63100962 0.02644231 0.03725962
0 0.60216346 0.63942308 0.02403846 0.06189904
0 0.56610577 0.50120192 0.02223558 0.03605769
0 0.53365385 0.75600962 0.00961538 0.09375000
