0 0.30649038 0.72836538 0.01562500 0.03485577
0 0.59495192 0.22596154 0.02043269 0.03605769
0 0.60937500 0.22596154 0.01923077 0.03846154
0 0.26201923 0.50600962 0.02043269 0.02764423
0 0.62620192 0.23918269 0.02043269 0.03485577
0 0.28605769 0.69831731 0.01923077 0.03605769
0 0.64182692 0.18870192 0.02403846 0.04086538
0 0.75360577 0.19711538 0.02163462 0.03725962
0 0.48798077 0.49399038 0.02644231 0.04326923
0 0.43990385 0.71875000 0.02644231 0.07692308
0 0.48317308 0.57572115 0.02403846 0.04326923
0 0.84735577 0.35096154 0.02644231 0.05048077
0 0.46995192 0.75600962 0.01682692 0.04326923
0 0.56009615 0.26682692 0.02043269 0.03846154
0 0.46274038 0.62019231 0.02403846 0.04807692
0 0.52163462 0.45312500 0.03245192 0.04326923
0 0.57091346 0.74879808 0.03725962 0.07451923
0 0.61658654 0.54927885 0.03725962 0.03605769
0 0.56370192 0.39423077 0.02043269 0.03485577
0 0.52644231 0.75600962 0.02644231 0.03725962
0 0.48437500 0.81850962 0.02403846 0.03846154
0 0.54567308 0.58173077 0.03125000 0.04687500
0 0.54807692 0.49639423 0.02644231 0.05048077
0 0.56490385 0.68149038 0.01442308 0.03846154
0 0.83653846 0.45072115 0.02764423 0.05048077
0 0.27283654 0.71634615 0.01682692 0.03125000
0 0.61899038 0.57692308 0.01923077 0.02764423
0 0.47475962 0.14903846 0.02644231 0.03846154
0 0.46875000 0.19951923 0.01442308 0.02764423
0 0.70793269 0.18990385 0.01201923 0.03245192
0 0.69230769 0.24399038 0.01562500 0.04086538
