0 0.51682692 0.70192308 0.03725962 0.05528846
0 0.75721154 0.56610577 0.03004808 0.04807692
0 0.66706731 0.50961538 0.03125000 0.05048077
0 0.43149038 0.75721154 0.03125000 0.04807692
0 0.39903846 0.73076923 0.03004808 0.03725962
0 0.34855769 0.68028846 0.03004808 0.04086538
0 0.22475962 0.44831731 0.03004808 0.04687500
0 0.28125000 0.67187500 0.03004808 0.05048077
0 0.29807692 0.47235577 0.02163462 0.04086538
0 0.34975962 0.96274038 0.03245192 0.03725962
0 0.45192308 0.76923077 0.03125000 0.03846154
0 0.46394231 0.65264423 0.02644231 0.05048077
0 0.48677885 0.38822115 0.01682692 0.03725962
0 0.50000000 0.38461538 0.01682692 0.03846154
0 0.37019231 0.72115385 0.02403846 0.03605769
0 0.34615385 0.82932692 0.01442308 0.03125000
