0 0.27163462 0.42908654 0.02163462 0.03966346
0 0.44230769 0.46514423 0.02403846 0.02644231
0 0.34014423 0.30528846 0.02043269 0.04266827
0 0.26682692 0.37500000 0.02283654 0.03605769
0 0.20432692 0.47355769 0.01442308 0.00961538
0 0.32211538 0.06971154 0.01562500 0.03305288
0 0.50000000 0.94471154 0.03425481 0.03425481
0 0.02524038 0.49759615 0.02644231 0.03846154
0 0.35697115 0.97596154 0.03605769 0.03605769
0 0.32331731 0.86778846 0.05649038 0.05348558
0 0.49038462 0.87019231 0.03485577 0.03966346
0 0.28004808 0.92908654 0.01322115 0.03605769
0 0.49399038 0.91466346 0.03846154 0.02764423
0 0.52283654 0.96634615 0.01201923 0.03365385
0 0.01682692 0.60096154 0.03125000 0.02764423
0 0.73317308 0.52524038 0.03125000 0.02884615
0 0.86057692 0.48197115 0.02403846 0.00721154
