0 0.27163462 0.55168269 0.02403846 0.01201923
0 0.31610577 0.51081731 0.02403846 0.04807692
0 0.48798077 0.55168269 0.03846154 0.01201923
0 0.48557692 0.51923077 0.03846154 0.02584135
0 0.58293269 0.52163462 0.01862981 0.03425481
0 0.65264423 0.50961538 0.01442308 0.02884615
0 0.69591346 0.55048077 0.01682692 0.01442308
0 0.76201923 0.47956731 0.02103365 0.03185096
0 0.71514423 0.36057692 0.01923077 0.03365385
0 0.70192308 0.47235577 0.01562500 0.02884615
0 0.70192308 0.54807692 0.01442308 0.01923077
0 0.76562500 0.20312500 0.03185096 0.04927885
0 0.63581731 0.43629808 0.01862981 0.03485577
0 0.74158654 0.47235577 0.01862981 0.03004808
0 0.64543269 0.55288462 0.01682692 0.00961538
0 0.16105769 0.60096154 0.03906250 0.05468750
0 0.88822115 0.97596154 0.03786058 0.04507212
0 0.89302885 0.75600962 0.03125000 0.04146635
0 0.99278846 0.80048077 0.01442308 0.03846154
0 0.95432692 0.84254808 0.02463942 0.03305288
0 0.99278846 0.75480769 0.01442308 0.03846154
0 0.94230769 0.77644231 0.01862981 0.03365385
0 0.89423077 0.66826923 0.02584135 0.04266827
0 0.92427885 0.79687500 0.02343750 0.03185096
0 0.90745192 0.59375000 0.02824519 0.04747596
0 0.99399038 0.91586538 0.01201923 0.02884615
