0 0.40024038 0.68629808 0.02043269 0.03846154
0 0.39423077 0.37740385 0.03004808 0.08173077
0 0.90504808 0.51802885 0.03004808 0.05168269
0 0.43990385 0.62019231 0.03004808 0.03485577
0 0.56971154 0.34735577 0.02524038 0.04206731
0 0.54206731 0.62379808 0.03605769 0.06610577
0 0.47355769 0.92548077 0.03605769 0.05528846
0 0.81370192 0.46514423 0.02644231 0.06730769
0 0.66466346 0.69471154 0.02403846 0.04326923
0 0.29567308 0.41947115 0.02163462 0.04807692
0 0.57331731 0.61418269 0.03605769 0.04687500
0 0.52043269 0.70913462 0.02403846 0.03846154
0 0.62620192 0.38100962 0.01923077 0.03846154
0 0.43149038 0.66826923 0.03004808 0.04567308
0 0.56850962 0.74278846 0.01923077 0.03125000
0 0.45432692 0.79086538 0.01562500 0.03125000
