0 0.17427885 0.13341346 0.02644231 0.06009615
0 0.05528846 0.35096154 0.02463942 0.05408654
0 0.10576923 0.31971154 0.03185096 0.05348558
0 0.14182692 0.09975962 0.02824519 0.06069712
0 0.09495192 0.46033654 0.02704327 0.04927885
0 0.13581731 0.37740385 0.02584135 0.05769231
0 0.03365385 0.28485577 0.01682692 0.04146635
0 0.23677885 0.74879808 0.05288462 0.07572115
0 0.13701923 0.62980769 0.03786058 0.04086538
0 0.04567308 0.72475962 0.04086538 0.04086538
0 0.31250000 0.64903846 0.05709135 0.07211538
0 0.22836538 0.97836538 0.02884615 0.04326923
0 0.21634615 0.55408654 0.02403846 0.03125000
0 0.26322115 0.57692308 0.02884615 0.05168269
0 0.28365385 0.79567308 0.03125000 0.06009615
0 0.00841346 0.90745192 0.01682692 0.03605769
0 0.02524038 0.91947115 0.01682692 0.03846154
0 0.05528846 0.92908654 0.02043269 0.03485577
0 0.28485577 0.92668269 0.03125000 0.03966346
0 0.31129808 0.94831731 0.03485577 0.08293269
0 0.31490385 0.66466346 0.01442308 0.03245192
