0 0.52764423 0.62379808 0.01682692 0.02764423
0 0.45913462 0.68870192 0.01682692 0.03846154
0 0.46274038 0.42307692 0.01682692 0.03485577
0 0.41947115 0.56850962 0.01682692 0.03846154
0 0.53725962 0.50600962 0.01562500 0.03125000
0 0.47596154 0.62019231 0.01562500 0.03125000
0 0.56610577 0.73798077 0.01682692 0.03004808
0 0.51562500 0.74038462 0.01562500 0.03125000
0 0.37139423 0.68028846 0.01562500 0.04086538
0 0.47836538 0.53485577 0.01682692 0.02644231
0 0.45913462 0.96394231 0.02043269 0.03485577
0 0.65745192 0.65264423 0.01562500 0.03605769
0 0.43028846 0.74759615 0.01682692 0.02524038
0 0.51923077 0.56610577 0.01442308 0.02524038
0 0.60096154 0.57572115 0.02043269 0.04807692
0 0.41586538 0.28004808 0.01923077 0.03245192
