0 0.18389423 0.30408654 0.02103365 0.04627404
0 0.18870192 0.30168269 0.01382212 0.04507212
0 0.65745192 0.42067308 0.02163462 0.01442308
0 0.59495192 0.41706731 0.02163462 0.02163462
0 0.64543269 0.32451923 0.02043269 0.03425481
0 0.71995192 0.40144231 0.01983173 0.03906250
0 0.59014423 0.15144231 0.01862981 0.03064904
0 0.43028846 0.64903846 0.03786058 0.07331731
0 0.39062500 0.63461538 0.03185096 0.06370192
0 0.28966346 0.77163462 0.03605769 0.06310096
0 0.33293269 0.49879808 0.02884615 0.05288462
0 0.33052885 0.81490385 0.02704327 0.06189904
0 0.37379808 0.55769231 0.03605769 0.06610577
0 0.25480769 0.98557692 0.03846154 0.02884615
0 0.35456731 0.49278846 0.03064904 0.04867788
0 0.29326923 0.82692308 0.02644231 0.06189904
0 0.41706731 0.47115385 0.03846154 0.07211538
0 0.37740385 0.75480769 0.03545673 0.07331731
0 0.18509615 0.89543269 0.04086538 0.09735577
0 0.27043269 0.69831731 0.03185096 0.07512019
0 0.29326923 0.71514423 0.03786058 0.07992788
0 0.33533654 0.84855769 0.03605769 0.04447115
0 0.77884615 0.87500000 0.01983173 0.03305288
0 0.58894231 0.67788462 0.02163462 0.03966346
0 0.60336538 0.75600962 0.02043269 0.03545673
0 0.63221154 0.85576923 0.01862981 0.03786058
0 0.62019231 0.94110577 0.01502404 0.03365385
0 0.65384615 0.89663462 0.01983173 0.04266827
0 0.65985577 0.82692308 0.01983173 0.04747596
0 0.53605769 0.70552885 0.02163462 0.03786058
0 0.66706731 0.76562500 0.01862981 0.04026442
0 0.69951923 0.83173077 0.01742788 0.03846154
0 0.62500000 0.98437500 0.02403846 0.03125000
0 0.68509615 0.98197115 0.02884615 0.03605769
0 0.51562500 0.44831731 0.01862981 0.03665865
