0 0.27764423 0.70072115 0.03004808 0.04807692
0 0.45673077 0.68028846 0.03245192 0.04687500
0 0.35096154 0.68629808 0.02644231 0.03485577
0 0.21274038 0.48197115 0.02524038 0.03846154
0 0.64302885 0.54927885 0.03485577 0.04326923
0 0.37620192 0.73798077 0.02524038 0.03605769
0 0.44951923 0.78605769 0.03125000 0.03725962
0 0.34735577 0.96754808 0.04326923 0.03605769
0 0.41346154 0.80168269 0.03004808 0.03846154
0 0.73076923 0.58052885 0.03125000 0.04326923
0 0.37379808 0.70072115 0.03004808 0.04086538
0 0.50120192 0.71153846 0.03004808 0.04807692
0 0.29206731 0.51081731 0.02403846 0.04086538
0 0.46995192 0.38100962 0.01562500 0.03846154
0 0.48076923 0.37860577 0.01442308 0.04326923
0 0.34014423 0.84855769 0.01682692 0.03725962
