0 0.59735577 0.35576923 0.01923077 0.03004808
0 0.62500000 0.35697115 0.02163462 0.02764423
0 0.31129808 0.87019231 0.02043269 0.03245192
0 0.28846154 0.84495192 0.01682692 0.03485577
0 0.60937500 0.34975962 0.01682692 0.02764423
0 0.59855769 0.62860577 0.04206731 0.05769231
0 0.72475962 0.10937500 0.02644231 0.05168269
0 0.51923077 0.57812500 0.02403846 0.04326923
0 0.56850962 0.87740385 0.02764423 0.07932692
0 0.55649038 0.75360577 0.02644231 0.04807692
0 0.51562500 0.29086538 0.02524038 0.03125000
0 0.40024038 0.87379808 0.03125000 0.04086538
0 0.75961538 0.20793269 0.02764423 0.04086538
0 0.83052885 0.36899038 0.02764423 0.04086538
0 0.47836538 0.60697115 0.02524038 0.04326923
0 0.55288462 0.70072115 0.02764423 0.04326923
0 0.52524038 0.84375000 0.02764423 0.05288462
0 0.50721154 0.88822115 0.02163462 0.05288462
0 0.49519231 0.56610577 0.02524038 0.04567308
0 0.41947115 0.65264423 0.02764423 0.05889423
0 0.56129808 0.46153846 0.02764423 0.03605769
0 0.28846154 0.78365385 0.02524038 0.04086538
0 0.82692308 0.45312500 0.02764423 0.04086538
0 0.29326923 0.52403846 0.01923077 0.04086538
0 0.50120192 0.52644231 0.02043269 0.03605769
0 0.67908654 0.27644231 0.02043269 0.04086538
0 0.69350962 0.25360577 0.02524038 0.03004808
0 0.71514423 0.24038462 0.01682692 0.03485577
0 0.63701923 0.35937500 0.01442308 0.03125000
0 0.47355769 0.27163462 0.01682692 0.03485577
0 0.49759615 0.24759615 0.02043269 0.02764423
