0 0.50721154 0.47836538 0.02524038 0.05168269
0 0.46875000 0.82812500 0.01923077 0.03485577
0 0.47836538 0.88461538 0.01682692 0.03605769
0 0.56850962 0.77403846 0.01562500 0.03605769
0 0.56129808 0.81490385 0.02043269 0.03125000
0 0.61899038 0.95072115 0.02403846 0.04567308
0 0.38581731 0.84735577 0.02403846 0.03846154
0 0.51562500 0.80048077 0.01562500 0.03125000
0 0.53125000 0.65865385 0.02043269 0.02764423
0 0.32692308 0.98677885 0.01562500 0.02163462
0 0.58293269 0.29687500 0.02524038 0.04326923
0 0.52524038 0.91826923 0.03605769 0.06850962
0 0.51201923 0.84975962 0.01562500 0.03125000
0 0.54687500 0.62379808 0.01923077 0.03125000
0 0.36538462 0.53966346 0.02764423 0.06250000
0 0.55048077 0.83293269 0.02403846 0.03485577
