0 0.64062500 0.75600962 0.01562500 0.03125000
0 0.62860577 0.74278846 0.01682692 0.03605769
0 0.56730769 0.62860577 0.01562500 0.03725962
0 0.59134615 0.76322115 0.01562500 0.03485577
0 0.60456731 0.80288462 0.01562500 0.04326923
0 0.40264423 0.67307692 0.02163462 0.04326923
0 0.50240385 0.50841346 0.01923077 0.04086538
0 0.62379808 0.91586538 0.02524038 0.03846154
0 0.57211538 0.57572115 0.01923077 0.03485577
0 0.63100962 0.68629808 0.01201923 0.04086538
0 0.49038462 0.90264423 0.01682692 0.03125000
0 0.56370192 0.84495192 0.01682692 0.03605769
0 0.72836538 0.81370192 0.01682692 0.03605769
0 0.58052885 0.84254808 0.02403846 0.03245192
0 0.51923077 0.28245192 0.01562500 0.03125000
