0 0.65024038 0.27524038 0.02043269 0.06250000
0 0.60697115 0.36899038 0.01923077 0.03846154
0 0.68269231 0.05528846 0.02764423 0.06850962
0 0.58653846 0.23918269 0.02403846 0.05168269
0 0.51081731 0.28725962 0.02403846 0.04807692
0 0.47836538 0.29086538 0.03125000 0.04326923
0 0.64903846 0.02524038 0.02644231 0.05048077
0 0.52043269 0.31009615 0.02043269 0.03125000
0 0.44471154 0.09975962 0.02163462 0.05168269
0 0.62379808 0.23918269 0.02043269 0.04807692
0 0.55168269 0.21754808 0.02163462 0.03485577
0 0.98197115 0.07692308 0.02764423 0.05168269
0 0.53725962 0.46514423 0.03485577 0.05048077
0 0.38701923 0.02884615 0.03245192 0.05048077
0 0.54326923 0.25961538 0.02043269 0.03245192
0 0.52524038 0.36538462 0.02644231 0.04687500
