0 0.94711538 0.68269231 0.02764423 0.04807692
0 0.96153846 0.69350962 0.02163462 0.02764423
0 0.10456731 0.83894231 0.02644231 0.03125000
0 0.17427885 0.69471154 0.02524038 0.04687500
0 0.01682692 0.48798077 0.02403846 0.03125000
0 0.19350962 0.62019231 0.02524038 0.04687500
0 0.25120192 0.69350962 0.02764423 0.04326923
0 0.67067308 0.52403846 0.02403846 0.05168269
0 0.77043269 0.31250000 0.02403846 0.04326923
0 0.58653846 0.48557692 0.02644231 0.04326923
0 0.23798077 0.76923077 0.03125000 0.03605769
0 0.93028846 0.24639423 0.03605769 0.04567308
0 0.11538462 0.53846154 0.02644231 0.03485577
0 0.13100962 0.57572115 0.01923077 0.02524038
0 0.12379808 0.60576923 0.01562500 0.03125000
0 0.12139423 0.63581731 0.01081731 0.02403846
0 0.13341346 0.65985577 0.01923077 0.03125000
0 0.28846154 0.49879808 0.01562500 0.03725962
0 0.31009615 0.51201923 0.03485577 0.03485577
0 0.68269231 0.34254808 0.02403846 0.04567308
0 0.77644231 0.23677885 0.01562500 0.03004808
