0 0.39062500 0.37139423 0.02463942 0.05228365
0 0.18149038 0.43028846 0.02043269 0.04206731
0 0.28605769 0.51201923 0.01502404 0.04387019
0 0.35336538 0.56490385 0.01923077 0.02884615
0 0.41586538 0.39182692 0.02403846 0.05228365
0 0.09615385 0.37620192 0.02043269 0.02524038
0 0.77884615 0.05528846 0.03125000 0.03004808
0 0.97596154 0.09014423 0.03305288 0.04747596
0 0.82451923 0.00480769 0.02884615 0.00961538
0 0.75360577 0.38221154 0.01802885 0.04206731
0 0.90504808 0.26322115 0.01923077 0.03245192
0 0.92427885 0.30769231 0.02584135 0.03966346
0 0.95432692 0.18269231 0.02884615 0.04867788
0 0.16586538 0.63942308 0.03064904 0.02463942
0 0.75600962 0.81971154 0.02463942 0.04026442
0 0.79567308 0.75240385 0.03185096 0.03545673
0 0.89903846 0.75600962 0.03605769 0.06550481
0 0.93028846 0.74639423 0.04086538 0.04987981
0 0.87740385 0.84254808 0.02644231 0.04146635
0 0.78725962 0.80168269 0.03004808 0.04567308
0 0.92548077 0.87620192 0.01923077 0.03125000
0 0.81009615 0.92427885 0.01562500 0.03125000
