0 0.45673077 0.78725962 0.01682692 0.03485577
0 0.40745192 0.85576923 0.01923077 0.03605769
0 0.46153846 0.88942308 0.01682692 0.03004808
0 0.51682692 0.45432692 0.02524038 0.06850962
0 0.50480769 0.83052885 0.02043269 0.03125000
0 0.40985577 0.78605769 0.02163462 0.03245192
0 0.52403846 0.64182692 0.02043269 0.03485577
0 0.24519231 0.84975962 0.01682692 0.03846154
0 0.62259615 0.34254808 0.02524038 0.04687500
0 0.49158654 0.82812500 0.02524038 0.05889423
0 0.49639423 0.66586538 0.02043269 0.02764423
0 0.36538462 0.44591346 0.02403846 0.05769231
0 0.44951923 0.82692308 0.01682692 0.03605769
0 0.51682692 0.79086538 0.02043269 0.03605769
0 0.53485577 0.98076923 0.02764423 0.03846154
0 0.32932692 0.75961538 0.01682692 0.03245192
