0 0.32812500 0.29447115 0.02403846 0.05588942
0 0.21875000 0.49519231 0.02223558 0.05228365
0 0.12860577 0.53365385 0.02704327 0.04387019
0 0.15985577 0.52163462 0.01682692 0.03906250
0 0.08894231 0.33894231 0.02103365 0.04326923
0 0.26442308 0.46634615 0.02944712 0.04927885
0 0.29807692 0.26322115 0.02103365 0.05468750
0 0.25480769 0.59615385 0.01983173 0.04387019
0 0.29326923 0.51923077 0.02343750 0.05228365
0 0.19831731 0.43389423 0.01862981 0.03966346
0 0.01923077 0.27283654 0.03245192 0.04387019
0 0.96514423 0.43149038 0.02223558 0.03185096
0 0.82812500 0.32692308 0.02944712 0.03906250
0 0.79326923 0.32331731 0.02824519 0.05468750
0 0.98076923 0.04927885 0.02584135 0.04447115
0 0.69230769 0.06971154 0.02944712 0.07331731
0 0.85937500 0.57572115 0.03365385 0.04747596
0 0.84975962 0.35096154 0.02704327 0.03305288
0 0.95072115 0.28245192 0.03245192 0.04927885
0 0.78605769 0.06971154 0.02463942 0.05228365
0 0.97596154 0.30288462 0.01802885 0.03365385
0 0.91947115 0.36057692 0.01562500 0.03966346
0 0.88341346 0.34855769 0.01802885 0.02043269
0 0.85576923 0.48197115 0.01802885 0.02884615
0 0.06370192 0.72956731 0.02163462 0.02103365
0 0.80408654 0.97836538 0.03605769 0.04326923
0 0.90024038 0.98918269 0.03125000 0.02163462
0 0.63461538 0.78485577 0.01562500 0.03725962
0 0.64783654 0.78245192 0.01322115 0.03846154
