0 0.67307692 0.18389423 0.02644231 0.04687500
0 0.43389423 0.24399038 0.03004808 0.05168269
0 0.50480769 0.47475962 0.02764423 0.05168269
0 0.63341346 0.16826923 0.02644231 0.04567308
0 0.55408654 0.39062500 0.02644231 0.05048077
0 0.36538462 0.17187500 0.03605769 0.04567308
0 0.46394231 0.42788462 0.03485577 0.04086538
0 0.61298077 0.38942308 0.02524038 0.04687500
0 0.59254808 0.37860577 0.02644231 0.05649038
0 0.49278846 0.43149038 0.03004808 0.04687500
0 0.59375000 0.53125000 0.01923077 0.03125000
0 0.64423077 0.44110577 0.03725962 0.04807692
0 0.51923077 0.61177885 0.03245192 0.05528846
0 0.52884615 0.40625000 0.02403846 0.05649038
0 0.52043269 0.53245192 0.01201923 0.02764423
0 0.93990385 0.22836538 0.04326923 0.04567308
