0 0.44711538 0.69591346 0.03605769 0.05048077
0 0.47956731 0.75360577 0.02764423 0.03846154
0 0.34735577 0.64903846 0.03125000 0.03485577
0 0.30649038 0.65264423 0.02403846 0.05168269
0 0.52644231 0.39423077 0.02403846 0.04206731
0 0.38701923 0.96634615 0.03725962 0.04206731
0 0.43389423 0.72596154 0.03125000 0.04326923
0 0.71033654 0.50600962 0.04086538 0.05649038
0 0.38461538 0.69471154 0.03485577 0.05048077
0 0.55048077 0.70192308 0.02524038 0.03846154
0 0.49038462 0.38461538 0.03004808 0.03846154
0 0.47836538 0.62860577 0.02524038 0.04206731
0 0.22956731 0.45673077 0.02764423 0.05769231
0 0.35697115 0.67307692 0.02524038 0.03605769
0 0.31129808 0.43028846 0.02403846 0.04567308
0 0.78245192 0.54206731 0.02644231 0.04807692
0 0.36778846 0.81490385 0.01682692 0.03245192
