0 0.92187500 0.42187500 0.02043269 0.03725962
0 0.78966346 0.46153846 0.01682692 0.02944712
0 0.78365385 0.26322115 0.01802885 0.03125000
0 0.83653846 0.40144231 0.01442308 0.02463942
0 0.83413462 0.56610577 0.02403846 0.00721154
0 0.69471154 0.52524038 0.02524038 0.04627404
0 0.78125000 0.54206731 0.02043269 0.03605769
0 0.74759615 0.43269231 0.02043269 0.03725962
0 0.85937500 0.34134615 0.01562500 0.02884615
0 0.97596154 0.51201923 0.02704327 0.06370192
0 0.80168269 0.37620192 0.01442308 0.02403846
0 0.74038462 0.13461538 0.01682692 0.03425481
0 0.88822115 0.56250000 0.02163462 0.01442308
0 0.84134615 0.46875000 0.02163462 0.03004808
0 0.30649038 0.97115385 0.02644231 0.05348558
0 0.40625000 0.75961538 0.02524038 0.04387019
0 0.22235577 0.93389423 0.03004808 0.04627404
0 0.56370192 0.69350962 0.03125000 0.04567308
0 0.31850962 0.78966346 0.02403846 0.04567308
0 0.41346154 0.68269231 0.01562500 0.03004808
