0 0.40144231 0.61658654 0.02644231 0.03485577
0 0.23677885 0.67788462 0.02163462 0.03245192
0 0.37980769 0.81129808 0.03725962 0.05048077
0 0.27403846 0.44951923 0.02764423 0.03605769
0 0.39903846 0.47596154 0.02043269 0.03485577
0 0.35817308 0.59735577 0.02043269 0.03125000
0 0.44471154 0.41826923 0.02524038 0.04567308
0 0.46274038 0.39663462 0.02764423 0.04326923
0 0.42307692 0.41947115 0.02524038 0.03846154
0 0.28846154 0.53125000 0.02043269 0.03245192
0 0.34855769 0.65024038 0.03125000 0.06610577
0 0.42427885 0.30408654 0.02644231 0.04326923
0 0.35817308 0.56370192 0.03125000 0.03846154
0 0.37139423 0.39182692 0.02644231 0.04326923
0 0.28125000 0.42788462 0.01923077 0.02764423
0 0.47115385 0.32091346 0.01923077 0.03846154
