0 0.75480769 0.22115385 0.02043269 0.03485577
0 0.72596154 0.07572115 0.02163462 0.03846154
0 0.86298077 0.05168269 0.02223558 0.04206731
0 0.95432692 0.29927885 0.03365385 0.01682692
0 0.80048077 0.25000000 0.02584135 0.03425481
0 0.98918269 0.27884615 0.02163462 0.04807692
0 0.88942308 0.03365385 0.03305288 0.05949519
0 0.90504808 0.26682692 0.02704327 0.04687500
0 0.80168269 0.01682692 0.02644231 0.03365385
0 0.96875000 0.27644231 0.02163462 0.03125000
0 0.36057692 0.65384615 0.03425481 0.05108173
0 0.51442308 0.63822115 0.03425481 0.04086538
0 0.32451923 0.49879808 0.02944712 0.04807692
0 0.28846154 0.89903846 0.03906250 0.04867788
0 0.35096154 0.72115385 0.02764423 0.04086538
0 0.26562500 0.42067308 0.04326923 0.06009615
0 0.37740385 0.53365385 0.03665865 0.04567308
0 0.30048077 0.65264423 0.02824519 0.05228365
0 0.27163462 0.71995192 0.04867788 0.04807692
0 0.33413462 0.90504808 0.03125000 0.04206731
0 0.32932692 0.58653846 0.02944712 0.05468750
0 0.27644231 0.48317308 0.03125000 0.04927885
0 0.47596154 0.93389423 0.04206731 0.04807692
0 0.48677885 0.63341346 0.02944712 0.04206731
0 0.38341346 0.37019231 0.02704327 0.04807692
0 0.48677885 0.87259615 0.03305288 0.04987981
0 0.46875000 0.95192308 0.03485577 0.04927885
0 0.29927885 0.95913462 0.03605769 0.04447115
0 0.24759615 0.66826923 0.03786058 0.06430288
0 0.80168269 0.92548077 0.03305288 0.05288462
0 0.74879808 0.95673077 0.04086538 0.05889423
0 0.59735577 0.77764423 0.03425481 0.05408654
0 0.87740385 0.98076923 0.03365385 0.03846154
0 0.98557692 0.94591346 0.02884615 0.05528846
0 0.97235577 0.73918269 0.03064904 0.04507212
0 0.78245192 0.61538462 0.02103365 0.04326923
0 0.76923077 0.61418269 0.02223558 0.04687500
0 0.89543269 0.97596154 0.02163462 0.04807692
0 0.90024038 0.94350962 0.01923077 0.04507212
0 0.91826923 0.94350962 0.02043269 0.03846154
