0 0.13461538 0.06009615 0.03725962 0.04567308
0 0.43750000 0.15384615 0.02524038 0.04266827
0 0.50240385 0.22956731 0.02163462 0.03605769
0 0.47355769 0.10817308 0.02403846 0.03485577
0 0.42187500 0.04326923 0.03125000 0.03485577
0 0.49879808 0.25961538 0.02764423 0.04687500
0 0.36418269 0.20552885 0.03485577 0.04987981
0 0.44230769 0.25240385 0.02944712 0.04567308
0 0.50240385 0.16105769 0.02584135 0.03425481
0 0.36418269 0.23798077 0.01682692 0.02824519
0 0.46995192 0.82331731 0.03365385 0.06069712
