0 0.43629808 0.62139423 0.02163462 0.02764423
0 0.26201923 0.42067308 0.02644231 0.04807692
0 0.20913462 0.65865385 0.02163462 0.03485577
0 0.39543269 0.42067308 0.02403846 0.03125000
0 0.27163462 0.51201923 0.02043269 0.03605769
0 0.34134615 0.45312500 0.02163462 0.03846154
0 0.41826923 0.25841346 0.02764423 0.04326923
0 0.34495192 0.41346154 0.01682692 0.03485577
0 0.44591346 0.40024038 0.02644231 0.03846154
0 0.38221154 0.78605769 0.03485577 0.04807692
0 0.41346154 0.44471154 0.02163462 0.03125000
0 0.44230769 0.31850962 0.02764423 0.04326923
0 0.31370192 0.56370192 0.01923077 0.02764423
0 0.31370192 0.65264423 0.02163462 0.03846154
0 0.34014423 0.55649038 0.01562500 0.02403846
0 0.37740385 0.49158654 0.02163462 0.03004808
