0 0.30408654 0.31610577 0.01382212 0.03545673
0 0.29687500 0.31370192 0.01382212 0.03665865
0 0.12860577 0.10697115 0.02884615 0.05108173
0 0.17668269 0.35216346 0.02944712 0.04627404
0 0.19831731 0.40625000 0.02944712 0.04026442
0 0.15024038 0.07451923 0.02584135 0.04867788
0 0.25721154 0.35336538 0.02223558 0.05288462
0 0.37620192 0.11177885 0.02343750 0.04507212
0 0.33413462 0.33533654 0.02463942 0.04807692
0 0.30649038 0.35937500 0.01862981 0.03365385
0 0.29206731 0.24278846 0.01983173 0.04026442
0 0.29447115 0.25480769 0.01622596 0.04266827
0 0.20552885 0.28365385 0.01682692 0.03786058
0 0.25961538 0.21394231 0.01742788 0.04387019
0 0.82451923 0.12500000 0.03425481 0.06730769
0 0.82091346 0.33052885 0.01862981 0.02584135
0 0.76802885 0.17307692 0.03966346 0.07031250
0 0.95552885 0.06490385 0.02644231 0.04807692
0 0.99519231 0.40625000 0.00961538 0.03365385
0 0.94831731 0.33894231 0.03185096 0.04326923
0 0.76802885 0.33653846 0.01622596 0.03425481
0 0.79206731 0.05769231 0.03064904 0.06430288
0 0.97355769 0.40264423 0.02043269 0.03245192
0 0.80168269 0.05048077 0.03966346 0.09615385
0 0.88221154 0.15745192 0.02524038 0.04927885
0 0.98076923 0.43389423 0.03365385 0.03125000
0 0.90384615 0.15384615 0.02884615 0.05168269
