0 0.28605769 0.12740385 0.03305288 0.05048077
0 0.03846154 0.18870192 0.02944712 0.05288462
0 0.11177885 0.42788462 0.03125000 0.05408654
0 0.24399038 0.11177885 0.02944712 0.04747596
0 0.16225962 0.34014423 0.02944712 0.05228365
0 0.06971154 0.37980769 0.04086538 0.04627404
0 0.22355769 0.34014423 0.02704327 0.04927885
0 0.20192308 0.32812500 0.02824519 0.05769231
0 0.09855769 0.38221154 0.03185096 0.04927885
0 0.25600962 0.39182692 0.04206731 0.05408654
0 0.13581731 0.35697115 0.02524038 0.05769231
0 0.55288462 0.17307692 0.03365385 0.04807692
0 0.18509615 0.96514423 0.02103365 0.03665865
0 0.01081731 0.83293269 0.02163462 0.04567308
0 0.31370192 0.93269231 0.02343750 0.03906250
0 0.13942308 0.93870192 0.02163462 0.04086538
0 0.32091346 0.84134615 0.03365385 0.05528846
0 0.35336538 0.96394231 0.01742788 0.05709135
0 0.24519231 0.99278846 0.01442308 0.01442308
0 0.01442308 0.76442308 0.01562500 0.02524038
0 0.00841346 0.73677885 0.01442308 0.03365385
0 0.02403846 0.72235577 0.01562500 0.03245192
0 0.04086538 0.80528846 0.01562500 0.02524038
0 0.05408654 0.77043269 0.01802885 0.04206731
0 0.07331731 0.79086538 0.01442308 0.03245192
0 0.09735577 0.79807692 0.03245192 0.05048077
0 0.08774038 0.83774038 0.02043269 0.02524038
0 0.13581731 0.85336538 0.01923077 0.04206731
0 0.80528846 0.83413462 0.06189904 0.09134615
