0 0.82812500 0.55528846 0.02163462 0.03125000
0 0.10096154 0.85336538 0.03846154 0.03004808
0 0.93629808 0.87379808 0.02403846 0.05168269
0 0.19951923 0.89903846 0.03725962 0.03605769
0 0.51923077 0.95312500 0.03605769 0.05889423
0 0.84134615 0.84735577 0.02524038 0.05528846
0 0.89663462 0.60456731 0.02524038 0.03846154
0 0.47475962 0.90264423 0.04687500 0.05168269
0 0.30769231 0.90504808 0.03125000 0.03245192
0 0.97475962 0.55288462 0.03004808 0.03846154
0 0.31009615 0.99038462 0.01442308 0.01923077
0 0.30649038 0.95312500 0.01682692 0.03485577
0 0.82451923 0.69711538 0.02524038 0.04206731
0 0.42427885 0.99158654 0.02163462 0.01682692
