0 0.16105769 0.06250000 0.03545673 0.04387019
0 0.15384615 0.15144231 0.02463942 0.04326923
0 0.23437500 0.31129808 0.03245192 0.04627404
0 0.18028846 0.32692308 0.02824519 0.04326923
0 0.21394231 0.15384615 0.04867788 0.06430288
0 0.28245192 0.15985577 0.02944712 0.04687500
0 0.10216346 0.24399038 0.02403846 0.04146635
0 0.21754808 0.26562500 0.03605769 0.04747596
0 0.13100962 0.30288462 0.03125000 0.04627404
0 0.11658654 0.18028846 0.02824519 0.04867788
0 0.28245192 0.13581731 0.03365385 0.05649038
0 0.21514423 0.06129808 0.03485577 0.04687500
0 0.50480769 0.07692308 0.02884615 0.04326923
0 0.19471154 0.03245192 0.02043269 0.02524038
0 0.41826923 0.49158654 0.02163462 0.03004808
0 0.12740385 0.99639423 0.02403846 0.00721154
0 0.50360577 0.43389423 0.02163462 0.03365385
0 0.44591346 0.48918269 0.02223558 0.02764423
0 0.36658654 0.73557692 0.02524038 0.03966346
0 0.30288462 0.80889423 0.02103365 0.03545673
0 0.38461538 0.93509615 0.02944712 0.04507212
0 0.27043269 0.95192308 0.02403846 0.03545673
0 0.33052885 0.69110577 0.02524038 0.03665865
0 0.38100962 0.62860577 0.03004808 0.03365385
0 0.30649038 0.83894231 0.02824519 0.04507212
0 0.35456731 0.99278846 0.02644231 0.01442308
0 0.38942308 0.98197115 0.04807692 0.03605769
0 0.43629808 0.78605769 0.03485577 0.04747596
0 0.36177885 0.47956731 0.03004808 0.04266827
0 0.36177885 0.83173077 0.02644231 0.04387019
0 0.30288462 0.74278846 0.02403846 0.03245192
0 0.08774038 0.96875000 0.01923077 0.03545673
0 0.10336538 0.98557692 0.01923077 0.02884615
0 0.08894231 0.75240385 0.01502404 0.03425481
0 0.43629808 0.81850962 0.01742788 0.02644231
0 0.29086538 0.43870192 0.01382212 0.03365385
0 0.29567308 0.38461538 0.02283654 0.06009615
0 0.49038462 0.45913462 0.01742788 0.03425481
0 0.64543269 0.85336538 0.03245192 0.04387019
0 0.65264423 0.91225962 0.03485577 0.03665865
0 0.65865385 0.77764423 0.03004808 0.04627404
0 0.61778846 0.64663462 0.03425481 0.04987981
0 0.60937500 0.75120192 0.01923077 0.03725962
0 0.54447115 0.89423077 0.02463942 0.03966346
0 0.59014423 0.87860577 0.02584135 0.04026442
0 0.53365385 0.83052885 0.02043269 0.02704327
0 0.53966346 0.81250000 0.01923077 0.03125000
