0 0.28966346 0.68629808 0.02524038 0.04086538
0 0.20312500 0.45552885 0.02524038 0.04567308
0 0.59495192 0.52403846 0.02644231 0.05288462
0 0.37379808 0.71514423 0.02043269 0.03125000
0 0.28485577 0.49158654 0.02403846 0.04206731
0 0.45192308 0.63942308 0.02524038 0.03846154
0 0.42908654 0.73798077 0.03004808 0.03846154
0 0.69711538 0.55408654 0.02764423 0.05048077
0 0.34375000 0.92067308 0.03605769 0.03725962
0 0.49038462 0.66586538 0.02043269 0.03485577
0 0.39783654 0.78125000 0.03245192 0.06370192
0 0.34375000 0.64182692 0.02524038 0.03485577
0 0.33774038 0.78245192 0.01562500 0.03125000
0 0.44951923 0.30889423 0.01562500 0.04326923
0 0.45312500 0.30528846 0.01081731 0.04326923
0 0.36899038 0.67788462 0.01562500 0.03485577
0 0.38461538 0.67548077 0.01562500 0.04086538
0 0.35096154 0.68870192 0.01562500 0.04206731
