0 0.14062500 0.52163462 0.02163462 0.03365385
0 0.18149038 0.44711538 0.02704327 0.04387019
0 0.28605769 0.46394231 0.02944712 0.04807692
0 0.40865385 0.52644231 0.02884615 0.02403846
0 0.32692308 0.17067308 0.02644231 0.04867788
0 0.32451923 0.44591346 0.02944712 0.04507212
0 0.17908654 0.50120192 0.03545673 0.04747596
0 0.55168269 0.30408654 0.01201923 0.05528846
0 0.04326923 0.23798077 0.03245192 0.05288462
0 0.37139423 0.20793269 0.02103365 0.04026442
0 0.13701923 0.21514423 0.03305288 0.07031250
0 0.77764423 0.10096154 0.03125000 0.02884615
0 0.97716346 0.13581731 0.03425481 0.04747596
0 0.90384615 0.01682692 0.02524038 0.03004808
0 0.82331731 0.03485577 0.03004808 0.04026442
0 0.75240385 0.43028846 0.01442308 0.03966346
0 0.90504808 0.31009615 0.01983173 0.03125000
0 0.92427885 0.35576923 0.03064904 0.04447115
0 0.95432692 0.22956731 0.02524038 0.04807692
0 0.65625000 0.01923077 0.04807692 0.03846154
0 0.43990385 0.68750000 0.02043269 0.03004808
0 0.54687500 0.99158654 0.02163462 0.01682692
0 0.45192308 0.97716346 0.02884615 0.04567308
0 0.50841346 0.73798077 0.02944712 0.04146635
0 0.43629808 0.83173077 0.02584135 0.04326923
0 0.99519231 0.56129808 0.00961538 0.04567308
