0 0.09375000 0.35336538 0.02764423 0.03966346
0 0.48677885 0.35697115 0.01802885 0.04206731
0 0.07572115 0.91826923 0.02163462 0.05348558
0 0.32932692 0.92427885 0.01983173 0.03665865
0 0.33052885 0.83774038 0.02644231 0.05769231
0 0.27283654 0.49399038 0.03064904 0.05048077
0 0.26081731 0.97836538 0.03125000 0.04326923
0 0.20913462 0.73437500 0.03245192 0.05769231
0 0.13822115 0.92548077 0.01682692 0.03725962
0 0.12980769 0.81730769 0.02163462 0.04807692
0 0.32572115 0.73918269 0.01802885 0.02764423
0 0.30288462 0.69591346 0.02163462 0.03725962
0 0.28245192 0.72716346 0.02283654 0.03725962
0 0.28725962 0.67067308 0.01322115 0.03245192
0 0.26562500 0.67548077 0.01802885 0.03125000
0 0.27764423 0.61298077 0.01802885 0.02764423
0 0.28245192 0.59014423 0.01442308 0.02764423
0 0.28966346 0.62860577 0.01802885 0.04086538
