0 0.44471154 0.56250000 0.02463942 0.03305288
0 0.30649038 0.45673077 0.02944712 0.03906250
0 0.27043269 0.45312500 0.02824519 0.05528846
0 0.46033654 0.17548077 0.02463942 0.04326923
0 0.16947115 0.19591346 0.03064904 0.07331731
0 0.33653846 0.70072115 0.03365385 0.03605769
0 0.52163462 0.50000000 0.02884615 0.05288462
0 0.32812500 0.47956731 0.02824519 0.03185096
0 0.43028846 0.41105769 0.03004808 0.04807692
0 0.51322115 0.19831731 0.01742788 0.03846154
0 0.26442308 0.19711538 0.02824519 0.05348558
0 0.45552885 0.43149038 0.01862981 0.03365385
0 0.39903846 0.48918269 0.01622596 0.04086538
0 0.36177885 0.47836538 0.01862981 0.01983173
0 0.33413462 0.61177885 0.01983173 0.02884615
0 0.73437500 0.54567308 0.03185096 0.04326923
0 0.85336538 0.43269231 0.03064904 0.04807692
0 0.61418269 0.47235577 0.03125000 0.04567308
0 0.88942308 0.59134615 0.03125000 0.05829327
0 0.91947115 0.54206731 0.02644231 0.04687500
0 0.84254808 0.36418269 0.03846154 0.05348558
0 0.90985577 0.32091346 0.04206731 0.04447115
0 0.72115385 0.22956731 0.02824519 0.06250000
0 0.92067308 0.24278846 0.03004808 0.03786058
0 0.97956731 0.51081731 0.03305288 0.05889423
0 0.77764423 0.41466346 0.01862981 0.03605769
