0 0.03125000 0.71274038 0.01923077 0.03125000
0 0.09615385 0.35456731 0.03425481 0.07572115
0 0.10456731 0.55889423 0.02403846 0.03786058
0 0.21153846 0.23197115 0.03185096 0.05228365
0 0.07331731 0.58653846 0.02163462 0.03004808
0 0.09495192 0.71514423 0.02163462 0.02644231
0 0.62620192 0.00721154 0.03125000 0.01442308
0 0.58052885 0.07451923 0.02524038 0.04807692
0 0.52043269 0.57331731 0.02944712 0.03786058
0 0.56129808 0.24639423 0.02524038 0.03365385
0 0.61418269 0.14783654 0.02403846 0.04206731
0 0.58173077 0.02283654 0.03365385 0.04567308
