0 0.88461538 0.85937500 0.03004808 0.04807692
0 0.55889423 0.96153846 0.02403846 0.04807692
0 0.51682692 0.90144231 0.02403846 0.04687500
0 0.15504808 0.85576923 0.03245192 0.02764423
0 0.25000000 0.89783654 0.02644231 0.03125000
0 0.98317308 0.87259615 0.03125000 0.04807692
0 0.91826923 0.61538462 0.02644231 0.03605769
0 0.33533654 0.98557692 0.02644231 0.02524038
0 0.34855769 0.94831731 0.03725962 0.02163462
0 0.35096154 0.90985577 0.03725962 0.02524038
0 0.84495192 0.68028846 0.02524038 0.04807692
0 0.84014423 0.55048077 0.01682692 0.03004808
0 0.97956731 0.53725962 0.02043269 0.04206731
