0 0.07331731 0.53846154 0.02644231 0.01923077
0 0.16706731 0.30288462 0.02884615 0.04987981
0 0.07932692 0.34134615 0.02463942 0.04447115
0 0.01562500 0.50480769 0.02644231 0.03786058
0 0.00721154 0.53966346 0.01442308 0.01682692
0 0.79086538 0.38341346 0.02584135 0.03786058
0 0.87980769 0.71033654 0.02403846 0.03365385
0 0.95673077 0.74519231 0.03245192 0.04387019
0 0.57812500 0.57692308 0.03906250 0.04387019
0 0.85456731 0.73677885 0.03365385 0.04146635
0 0.81129808 0.83413462 0.04266827 0.06971154
0 0.78125000 0.81490385 0.02704327 0.03485577
0 0.76442308 0.70673077 0.03605769 0.05468750
0 0.47596154 0.60216346 0.03305288 0.04747596
0 0.71754808 0.74399038 0.03425481 0.05408654
0 0.85456731 0.77884615 0.02403846 0.03365385
0 0.89062500 0.88341346 0.01862981 0.03485577
