0 0.29326923 0.57091346 0.02283654 0.03966346
0 0.35937500 0.61778846 0.02043269 0.03846154
0 0.17908654 0.68269231 0.02343750 0.03906250
0 0.37740385 0.35456731 0.02163462 0.03966346
0 0.12259615 0.37019231 0.02343750 0.05228365
0 0.48076923 0.37139423 0.03305288 0.04266827
0 0.20552885 0.54206731 0.01983173 0.03725962
0 0.23798077 0.61778846 0.02283654 0.04447115
0 0.28966346 0.50721154 0.02644231 0.04987981
0 0.12740385 0.35336538 0.02824519 0.06850962
0 0.30769231 0.58293269 0.01562500 0.02704327
0 0.24879808 0.55769231 0.03425481 0.05829327
0 0.24639423 0.48918269 0.02644231 0.05408654
0 0.15264423 0.63100962 0.03064904 0.05108173
