0 0.43269231 0.62139423 0.02163462 0.02764423
0 0.37259615 0.78966346 0.05528846 0.03846154
0 0.34735577 0.46033654 0.02043269 0.03725962
0 0.44471154 0.31850962 0.02764423 0.04326923
0 0.34495192 0.42067308 0.02163462 0.03245192
0 0.44591346 0.39302885 0.02764423 0.04326923
0 0.31490385 0.57451923 0.01682692 0.03004808
0 0.21033654 0.66346154 0.02163462 0.03125000
0 0.37379808 0.49038462 0.02043269 0.03245192
0 0.39903846 0.42187500 0.02764423 0.03846154
0 0.25961538 0.42307692 0.02764423 0.05168269
0 0.32091346 0.65144231 0.03485577 0.05528846
0 0.41466346 0.43870192 0.02644231 0.03846154
0 0.27043269 0.51923077 0.02163462 0.03485577
0 0.41706731 0.25961538 0.02644231 0.04807692
0 0.34014423 0.55288462 0.01562500 0.02403846
