0 0.12740385 0.27163462 0.02944712 0.05889423
0 0.08653846 0.27283654 0.03365385 0.05348558
0 0.01562500 0.30408654 0.02824519 0.05889423
0 0.12860577 0.50360577 0.04086538 0.06310096
0 0.18990385 0.32812500 0.04326923 0.05228365
0 0.01442308 0.03966346 0.02884615 0.05528846
0 0.22956731 0.12139423 0.03064904 0.05108173
0 0.15504808 0.31850962 0.02403846 0.05769231
0 0.04326923 0.25841346 0.03245192 0.05228365
0 0.29687500 0.05649038 0.03485577 0.04326923
0 0.05769231 0.39903846 0.02944712 0.04807692
0 0.11899038 0.23677885 0.02283654 0.04146635
0 0.78605769 0.12019231 0.01923077 0.03125000
