0 0.17067308 0.01081731 0.02884615 0.02163462
0 0.21394231 0.08774038 0.02764423 0.04687500
0 0.44471154 0.37379808 0.02163462 0.03786058
0 0.53966346 0.34735577 0.01262019 0.03064904
0 0.57211538 0.33052885 0.01802885 0.03185096
0 0.51562500 0.28365385 0.01262019 0.03966346
0 0.59134615 0.21514423 0.01983173 0.03185096
0 0.59735577 0.50360577 0.02163462 0.03125000
0 0.62139423 0.38942308 0.01562500 0.03966346
0 0.68269231 0.48798077 0.02764423 0.04867788
0 0.59014423 0.42067308 0.01862981 0.03786058
0 0.39783654 0.49519231 0.03125000 0.04807692
0 0.63581731 0.09855769 0.01682692 0.04447115
0 0.54206731 0.42307692 0.01923077 0.03485577
0 0.13942308 0.91826923 0.03425481 0.05108173
0 0.12259615 0.70312500 0.03305288 0.05228365
0 0.04927885 0.96634615 0.03425481 0.04507212
0 0.01322115 0.98437500 0.02644231 0.03125000
0 0.20793269 0.69110577 0.02283654 0.04266827
0 0.07331731 0.93990385 0.01802885 0.03125000
0 0.07211538 0.91586538 0.01923077 0.03245192
