0 0.23918269 0.47716346 0.02163462 0.02163462
0 0.32091346 0.27764423 0.02283654 0.03786058
0 0.07451923 0.29326923 0.02704327 0.04987981
0 0.42187500 0.29447115 0.02884615 0.03846154
0 0.15504808 0.45913462 0.01983173 0.03545673
0 0.23677885 0.42548077 0.02103365 0.04807692
0 0.08052885 0.27764423 0.02704327 0.06730769
0 0.19591346 0.46634615 0.03605769 0.04326923
0 0.19471154 0.40865385 0.02463942 0.05348558
0 0.80769231 0.40384615 0.01862981 0.03425481
0 0.87740385 0.39182692 0.01562500 0.02884615
0 0.92187500 0.43990385 0.01562500 0.02824519
0 0.98677885 0.36177885 0.02103365 0.03185096
0 0.93990385 0.24399038 0.02163462 0.03485577
0 0.92668269 0.35576923 0.01442308 0.02884615
0 0.74038462 0.46394231 0.01983173 0.04387019
0 0.92668269 0.43629808 0.01862981 0.02824519
0 0.98677885 0.08653846 0.02644231 0.04807692
0 0.85937500 0.31971154 0.01742788 0.03365385
0 0.96514423 0.35576923 0.01562500 0.02884615
0 0.87139423 0.44831731 0.01802885 0.03245192
