0 0.19110577 0.81610577 0.02103365 0.03846154
0 0.12379808 0.86418269 0.02463942 0.03966346
0 0.30649038 0.92908654 0.02584135 0.04146635
0 0.10697115 0.59735577 0.02343750 0.03966346
0 0.36418269 0.61418269 0.02343750 0.05108173
0 0.00721154 0.61418269 0.01442308 0.04086538
0 0.28004808 0.78725962 0.01742788 0.03665865
0 0.24759615 0.86418269 0.01983173 0.04326923
0 0.19471154 0.75240385 0.02283654 0.05168269
0 0.35817308 0.59735577 0.03605769 0.07091346
0 0.17668269 0.82932692 0.01562500 0.02884615
0 0.23557692 0.80288462 0.03185096 0.05709135
0 0.23798077 0.73437500 0.02764423 0.05408654
0 0.33293269 0.87740385 0.03064904 0.05288462
0 0.77644231 0.24519231 0.02884615 0.03425481
0 0.61899038 0.62620192 0.03725962 0.05829327
0 0.68028846 0.66586538 0.03185096 0.05408654
0 0.71274038 0.36658654 0.02223558 0.04807692
0 0.62379808 0.82451923 0.02704327 0.05829327
0 0.62019231 0.40625000 0.02584135 0.03545673
0 0.64302885 0.30769231 0.02704327 0.03846154
0 0.98076923 0.24158654 0.03725962 0.04867788
0 0.75480769 0.22956731 0.02163462 0.05528846
0 0.73677885 0.20552885 0.02043269 0.03725962
0 0.66586538 0.44350962 0.01682692 0.03004808
0 0.67908654 0.44951923 0.02163462 0.03966346
0 0.70673077 0.51322115 0.04687500 0.07812500
0 0.70673077 0.53365385 0.01682692 0.03365385
0 0.68629808 0.77884615 0.02644231 0.04447115
0 0.71033654 0.78966346 0.02283654 0.03846154
