0 0.34975962 0.78725962 0.02403846 0.03846154
0 0.50120192 0.63942308 0.02043269 0.03605769
0 0.19831731 0.67427885 0.01923077 0.03846154
0 0.45192308 0.81250000 0.02043269 0.03004808
0 0.39302885 0.76923077 0.02043269 0.03485577
0 0.46754808 0.77644231 0.02043269 0.02764423
0 0.46875000 0.64903846 0.02043269 0.03004808
0 0.44350962 0.97355769 0.03846154 0.05048077
0 0.36538462 0.71514423 0.02764423 0.04086538
0 0.29326923 0.64423077 0.02043269 0.03846154
0 0.40985577 0.74038462 0.02043269 0.02764423
0 0.43149038 0.78846154 0.03004808 0.05889423
0 0.65024038 0.40264423 0.02043269 0.03485577
0 0.38461538 0.35576923 0.03004808 0.05889423
0 0.53245192 0.46634615 0.02764423 0.05889423
0 0.40264423 0.84014423 0.01923077 0.03725962
