0 0.06850962 0.52403846 0.01862981 0.04266827
0 0.06490385 0.44711538 0.02103365 0.02884615
0 0.12740385 0.56610577 0.03846154 0.02644231
0 0.65504808 0.30048077 0.01201923 0.03365385
0 0.73076923 0.53725962 0.03004808 0.04326923
0 0.74158654 0.45552885 0.02884615 0.05228365
0 0.68870192 0.56850962 0.02163462 0.02163462
0 0.76802885 0.25721154 0.02403846 0.04387019
0 0.66826923 0.21514423 0.03125000 0.05168269
0 0.65384615 0.09735577 0.00961538 0.04567308
0 0.81250000 0.11778846 0.02884615 0.04567308
0 0.97716346 0.64783654 0.03425481 0.04266827
0 0.74519231 0.69471154 0.03485577 0.05588942
0 0.65625000 0.98437500 0.01442308 0.03125000
0 0.97355769 0.71394231 0.02223558 0.03966346
0 0.65264423 0.79567308 0.00721154 0.05288462
0 0.74038462 0.92067308 0.03185096 0.04867788
0 0.74399038 0.77884615 0.02283654 0.04747596
0 0.83293269 0.83293269 0.03245192 0.06129808
0 0.90745192 0.79567308 0.02283654 0.03786058
0 0.98076923 0.79326923 0.02884615 0.04807692
0 0.96754808 0.81610577 0.02524038 0.05048077
0 0.97596154 0.75721154 0.02584135 0.05829327
0 0.80288462 0.92788462 0.02463942 0.03786058
0 0.91225962 0.99038462 0.02644231 0.01923077
0 0.66466346 0.95192308 0.02403846 0.03485577
0 0.82451923 0.80168269 0.01682692 0.03245192
0 0.92668269 0.68990385 0.03245192 0.04807692
0 0.99399038 0.62980769 0.01201923 0.03365385
