0 0.53725962 0.74038462 0.01682692 0.03485577
0 0.50360577 0.76923077 0.01923077 0.03485577
0 0.67067308 0.50480769 0.02043269 0.05168269
0 0.62500000 0.82692308 0.02043269 0.03725962
0 0.46153846 0.56370192 0.01682692 0.04086538
0 0.65024038 0.75721154 0.02043269 0.04687500
0 0.56610577 0.64423077 0.01562500 0.04326923
0 0.63461538 0.70192308 0.01562500 0.03605769
0 0.55288462 0.93870192 0.03485577 0.04206731
0 0.69471154 0.52403846 0.02163462 0.05168269
0 0.99158654 0.53605769 0.01682692 0.06250000
0 0.37740385 0.50841346 0.01682692 0.02403846
0 0.58173077 0.75961538 0.01682692 0.04567308
