0 0.71754808 0.85937500 0.03245192 0.04807692
0 0.76201923 0.56610577 0.02043269 0.03605769
0 0.80889423 0.62980769 0.02163462 0.03846154
0 0.30288462 0.98677885 0.03365385 0.02644231
0 0.20312500 0.90625000 0.03004808 0.04567308
0 0.07932692 0.90144231 0.03846154 0.04086538
0 0.81370192 0.90384615 0.02524038 0.03725962
0 0.38100962 0.88701923 0.03245192 0.04206731
0 0.91706731 0.56370192 0.03125000 0.05048077
0 0.21394231 0.94831731 0.01923077 0.03605769
0 0.41947115 0.93389423 0.01682692 0.03245192
0 0.73798077 0.69831731 0.02043269 0.04807692
