0 0.28846154 0.61057692 0.02403846 0.04206731
0 0.37980769 0.74278846 0.01923077 0.03605769
0 0.33293269 0.75480769 0.02403846 0.04086538
0 0.19350962 0.62139423 0.02163462 0.03605769
0 0.49639423 0.63822115 0.02524038 0.04326923
0 0.42427885 0.96274038 0.03846154 0.05889423
0 0.54326923 0.46153846 0.03125000 0.05048077
0 0.39302885 0.32692308 0.03245192 0.04807692
0 0.41586538 0.76923077 0.02524038 0.04687500
0 0.35697115 0.69591346 0.02644231 0.04326923
0 0.46274038 0.63701923 0.02644231 0.03846154
0 0.43990385 0.80889423 0.02043269 0.04206731
0 0.65985577 0.41346154 0.02524038 0.04687500
0 0.39302885 0.72596154 0.02403846 0.04807692
0 0.45913462 0.75961538 0.02043269 0.03245192
0 0.39182692 0.82572115 0.01923077 0.03125000
