0 0.21995192 0.34134615 0.03846154 0.05468750
0 0.02884615 0.29567308 0.03125000 0.04387019
0 0.30889423 0.37019231 0.03665865 0.05408654
0 0.77524038 0.17908654 0.02403846 0.03966346
0 0.69951923 0.11658654 0.02704327 0.04266827
0 0.66947115 0.05168269 0.02463942 0.04026442
0 0.78485577 0.18990385 0.02524038 0.03966346
0 0.73798077 0.09254808 0.02944712 0.04627404
0 0.74399038 0.37259615 0.03064904 0.04987981
0 0.66826923 0.18750000 0.02163462 0.03786058
0 0.75841346 0.31971154 0.03004808 0.05528846
0 0.70072115 0.27163462 0.02584135 0.05168269
0 0.63461538 0.20913462 0.03064904 0.05168269
0 0.71033654 0.34495192 0.03365385 0.08293269
0 0.75600962 0.10697115 0.02584135 0.04146635
0 0.85817308 0.37740385 0.02463942 0.03906250
0 0.78846154 0.44350962 0.02403846 0.05048077
0 0.02524038 0.87980769 0.03365385 0.05829327
0 0.36057692 0.85697115 0.01442308 0.04086538
0 0.35336538 0.87139423 0.01442308 0.02283654
0 0.80649038 0.74519231 0.03125000 0.05408654
0 0.70673077 0.84615385 0.02463942 0.05048077
0 0.80168269 0.97115385 0.03305288 0.04867788
0 0.80408654 0.82932692 0.02163462 0.04747596
0 0.89423077 0.88341346 0.02884615 0.06009615
0 0.96754808 0.84615385 0.02283654 0.03786058
0 0.86418269 0.97836538 0.02524038 0.03725962
0 0.72475962 0.99158654 0.02163462 0.01682692
0 0.88581731 0.85216346 0.01682692 0.03125000
0 0.98557692 0.74038462 0.02884615 0.04807692
