0 0.36177885 0.26802885 0.03064904 0.04086538
0 0.32211538 0.28125000 0.02704327 0.04567308
0 0.40144231 0.27043269 0.03966346 0.04747596
0 0.36177885 0.20793269 0.04146635 0.05408654
0 0.40264423 0.54567308 0.03605769 0.04807692
0 0.21995192 0.01081731 0.02644231 0.02163462
0 0.45072115 0.32572115 0.01682692 0.03125000
0 0.38581731 0.40024038 0.01923077 0.03725962
0 0.29447115 0.65384615 0.01562500 0.02824519
0 0.45673077 0.87980769 0.00480769 0.03365385
0 0.42908654 0.89663462 0.02524038 0.03365385
0 0.39182692 0.66105769 0.01983173 0.03846154
0 0.94711538 0.62259615 0.01382212 0.02944712
0 0.91466346 0.60576923 0.01562500 0.02944712
0 0.99759615 0.82091346 0.00480769 0.03125000
0 0.94831731 0.81730769 0.01923077 0.03305288
0 0.96995192 0.57451923 0.01682692 0.00961538
0 0.88942308 0.78485577 0.01923077 0.04026442
0 0.86538462 0.66466346 0.01442308 0.04086538
0 0.85937500 0.83173077 0.01983173 0.02944712
0 0.80288462 0.76442308 0.02884615 0.04867788
0 0.89663462 0.69711538 0.01983173 0.03846154
0 0.94471154 0.69951923 0.02043269 0.03425481
