0 0.15985577 0.21033654 0.02884615 0.05468750
0 0.21995192 0.26201923 0.02884615 0.05528846
0 0.19711538 0.32692308 0.03545673 0.04807692
0 0.28004808 0.08413462 0.03305288 0.05168269
0 0.15384615 0.03245192 0.03305288 0.04867788
0 0.01923077 0.32091346 0.03245192 0.04867788
0 0.30168269 0.35216346 0.03365385 0.06550481
0 0.27043269 0.14543269 0.02644231 0.04627404
0 0.25480769 0.33533654 0.02103365 0.03665865
0 0.28245192 0.39783654 0.03125000 0.05168269
0 0.21995192 0.16466346 0.02644231 0.05408654
0 0.18509615 0.39783654 0.02884615 0.04086538
0 0.04927885 0.31129808 0.02524038 0.04266827
0 0.19831731 0.54326923 0.02644231 0.04807692
0 0.23918269 0.54326923 0.02644231 0.04807692
0 0.31370192 0.57451923 0.02824519 0.05829327
0 0.19711538 0.77884615 0.04146635 0.06490385
0 0.13461538 0.59855769 0.03966346 0.05168269
0 0.17187500 0.58894231 0.02764423 0.05949519
0 0.28365385 0.53605769 0.02884615 0.03365385
0 0.27163462 0.67067308 0.02584135 0.04747596
0 0.75000000 0.61538462 0.03125000 0.06310096
0 0.72716346 0.75600962 0.03846154 0.10216346
0 0.79326923 0.63461538 0.03846154 0.07451923
0 0.65504808 0.75721154 0.04266827 0.06730769
0 0.63581731 0.67788462 0.01201923 0.07692308
0 0.64182692 0.81490385 0.02403846 0.05769231
0 0.64423077 0.69350962 0.02884615 0.07932692
0 0.67908654 0.80889423 0.03004808 0.06370192
0 0.72596154 0.54567308 0.03846154 0.05288462
0 0.69591346 0.83533654 0.04387019 0.05588942
