0 0.31129808 0.83653846 0.03125000 0.05288462
0 0.33533654 0.46153846 0.01923077 0.03485577
0 0.40384615 0.92307692 0.02163462 0.03605769
0 0.41586538 0.76201923 0.02644231 0.04326923
0 0.39423077 0.49038462 0.02403846 0.04567308
0 0.50721154 0.70552885 0.02043269 0.04326923
0 0.40985577 0.53365385 0.02644231 0.04206731
0 0.31129808 0.40985577 0.02163462 0.04807692
0 0.55528846 0.61899038 0.02163462 0.04206731
0 0.32091346 0.57451923 0.01682692 0.03605769
0 0.52524038 0.53245192 0.02403846 0.03605769
0 0.36899038 0.61057692 0.01682692 0.04326923
0 0.53245192 0.50120192 0.02403846 0.03125000
0 0.53725962 0.43629808 0.02524038 0.04807692
0 0.38701923 0.67788462 0.02644231 0.06730769
