0 0.30769231 0.18149038 0.02884615 0.03545673
0 0.32331731 0.31610577 0.01622596 0.04026442
0 0.40264423 0.27764423 0.03185096 0.05108173
0 0.34134615 0.38221154 0.02163462 0.04447115
0 0.08533654 0.02283654 0.03545673 0.04567308
0 0.23437500 0.05649038 0.03725962 0.04146635
0 0.49278846 0.19591346 0.01442308 0.05528846
0 0.18509615 0.49399038 0.02824519 0.05228365
0 0.47836538 0.26322115 0.02704327 0.03966346
0 0.43750000 0.41586538 0.02343750 0.03305288
0 0.46514423 0.18149038 0.02463942 0.03966346
0 0.32331731 0.14543269 0.03425481 0.04447115
0 0.37259615 0.05288462 0.02223558 0.03545673
0 0.38701923 0.02163462 0.01923077 0.03846154
0 0.86778846 0.46995192 0.02524038 0.05468750
0 0.92668269 0.54807692 0.02764423 0.05528846
0 0.84014423 0.32211538 0.03064904 0.04086538
0 0.87620192 0.09375000 0.04567308 0.05168269
0 0.82932692 0.19471154 0.04747596 0.06250000
0 0.82211538 0.73918269 0.03846154 0.04086538
0 0.67067308 0.43149038 0.02524038 0.04627404
0 0.98798077 0.32572115 0.02403846 0.05048077
0 0.85576923 0.14663462 0.03786058 0.05048077
0 0.89182692 0.28846154 0.03125000 0.04867788
0 0.96514423 0.52043269 0.03064904 0.05228365
0 0.66346154 0.49519231 0.03485577 0.05468750
0 0.85216346 0.64663462 0.03365385 0.07331731
0 0.93269231 0.32572115 0.02043269 0.03966346
0 0.71033654 0.80048077 0.01201923 0.01983173
0 0.53605769 0.76562500 0.00961538 0.01201923
0 0.54807692 0.77884615 0.01562500 0.02944712
0 0.54687500 0.76442308 0.01682692 0.00961538
0 0.55408654 0.94230769 0.01442308 0.02043269
0 0.71634615 0.98918269 0.01442308 0.02163462
0 0.54326923 0.99278846 0.00961538 0.01442308
