0 0.45913462 0.23918269 0.02884615 0.04086538
0 0.44711538 0.15745192 0.03485577 0.05889423
0 0.38221154 0.24399038 0.04326923 0.03125000
0 0.50480769 0.01322115 0.04326923 0.02644231
0 0.26442308 0.21875000 0.04206731 0.05949519
0 0.39903846 0.09254808 0.03906250 0.05108173
0 0.29326923 0.20913462 0.04927885 0.06189904
0 0.46274038 0.08533654 0.03305288 0.05108173
0 0.48798077 0.09014423 0.03064904 0.05408654
0 0.50721154 0.24278846 0.03846154 0.03365385
0 0.71153846 0.00961538 0.02884615 0.01923077
0 0.57572115 0.13942308 0.03605769 0.04326923
0 0.56250000 0.02283654 0.00961538 0.04567308
0 0.69711538 0.06129808 0.04146635 0.05829327
0 0.62500000 0.24158654 0.02403846 0.03605769
0 0.66706731 0.14903846 0.05588942 0.05829327
0 0.68028846 0.07091346 0.01983173 0.03125000
0 0.63822115 0.20432692 0.03966346 0.03125000
0 0.56730769 0.79807692 0.01923077 0.04807692
0 0.56250000 0.84855769 0.00961538 0.04326923
0 0.65264423 0.92788462 0.02463942 0.04026442
0 0.63100962 0.44831731 0.02884615 0.03665865
0 0.66586538 0.98197115 0.03846154 0.03605769
0 0.61658654 0.99519231 0.03125000 0.00961538
0 0.59975962 0.65985577 0.03365385 0.04326923
0 0.72235577 0.38942308 0.02704327 0.04867788
0 0.71394231 0.77163462 0.04026442 0.04687500
0 0.62740385 0.81850962 0.03064904 0.04326923
0 0.95552885 0.61899038 0.02103365 0.04567308
0 0.95673077 0.51923077 0.03605769 0.04567308
0 0.63461538 0.71514423 0.03064904 0.05108173
0 0.56730769 0.71634615 0.01923077 0.04807692
0 0.64903846 0.59375000 0.02764423 0.03485577
0 0.85216346 0.35576923 0.03004808 0.04927885
0 0.71033654 0.79807692 0.01802885 0.02644231
0 0.80408654 0.35216346 0.02043269 0.02764423
0 0.78966346 0.38221154 0.01442308 0.04927885
0 0.76322115 0.43028846 0.02043269 0.05889423
0 0.68269231 0.42187500 0.01923077 0.03846154
0 0.69591346 0.42788462 0.01201923 0.03966346
0 0.71754808 0.43269231 0.02403846 0.03365385
