0 0.41826923 0.84975962 0.03245192 0.04807692
0 0.33774038 0.36418269 0.01562500 0.03846154
0 0.53966346 0.34735577 0.02524038 0.05889423
0 0.29567308 0.51081731 0.02524038 0.05168269
0 0.49519231 0.48798077 0.02163462 0.05528846
0 0.27403846 0.41346154 0.02644231 0.05048077
0 0.46033654 0.56850962 0.02043269 0.04807692
0 0.32692308 0.43870192 0.02163462 0.05048077
0 0.47836538 0.41346154 0.02043269 0.04567308
0 0.27764423 0.22836538 0.02764423 0.04567308
0 0.34615385 0.64182692 0.02403846 0.04807692
0 0.35096154 0.76081731 0.02043269 0.03605769
0 0.48677885 0.34014423 0.02403846 0.05048077
0 0.29687500 0.30288462 0.02403846 0.05168269
0 0.24038462 0.71274038 0.04206731 0.05288462
0 0.35216346 0.46514423 0.01562500 0.03725962
