0 0.22475962 0.61057692 0.02163462 0.04387019
0 0.34134615 0.58173077 0.02764423 0.04987981
0 0.26682692 0.36298077 0.02524038 0.05048077
0 0.29326923 0.46033654 0.04867788 0.03605769
0 0.34975962 0.30288462 0.02644231 0.04507212
0 0.41225962 0.39903846 0.02764423 0.06250000
0 0.45793269 0.23317308 0.01983173 0.03545673
0 0.41466346 0.33173077 0.02824519 0.04987981
0 0.38341346 0.38701923 0.02884615 0.04807692
0 0.39543269 0.22475962 0.03365385 0.05228365
0 0.37379808 0.64543269 0.03004808 0.05288462
0 0.24158654 0.36057692 0.02824519 0.07632212
0 0.38942308 0.47596154 0.04927885 0.04266827
0 0.42548077 0.31370192 0.02524038 0.01983173
0 0.43028846 0.29086538 0.02584135 0.03425481
0 0.34615385 0.52043269 0.03125000 0.04326923
0 0.84615385 0.36298077 0.02764423 0.04507212
0 0.71153846 0.53485577 0.02824519 0.04627404
0 0.80288462 0.35817308 0.02103365 0.03425481
0 0.77884615 0.40625000 0.02283654 0.04326923
0 0.77403846 0.48437500 0.02463942 0.08413462
0 0.72475962 0.28725962 0.02043269 0.04026442
0 0.78846154 0.28125000 0.02644231 0.04026442
0 0.74879808 0.50360577 0.02043269 0.03365385
0 0.81971154 0.23557692 0.02463942 0.03846154
0 0.74399038 0.28966346 0.01983173 0.03245192
0 0.65504808 0.53365385 0.02704327 0.04206731
0 0.73918269 0.43750000 0.03245192 0.04927885
0 0.68509615 0.35817308 0.02103365 0.02884615
0 0.69711538 0.34254808 0.02043269 0.03365385
