0 0.37379808 0.71634615 0.02403846 0.04687500
0 0.29086538 0.48197115 0.02644231 0.04206731
0 0.37500000 0.37860577 0.02764423 0.04206731
0 0.43870192 0.37860577 0.03125000 0.04567308
0 0.43389423 0.57812500 0.02644231 0.04326923
0 0.42908654 0.43629808 0.02524038 0.04567308
0 0.26562500 0.47596154 0.03605769 0.07812500
0 0.41826923 0.74399038 0.02644231 0.04687500
0 0.33413462 0.54086538 0.03004808 0.04687500
0 0.44951923 0.51201923 0.02644231 0.04567308
0 0.47475962 0.32932692 0.03485577 0.05288462
0 0.42307692 0.50480769 0.02644231 0.04086538
0 0.41346154 0.81129808 0.03125000 0.03846154
0 0.44951923 0.40745192 0.02163462 0.03605769
0 0.39783654 0.30288462 0.03485577 0.04567308
0 0.25600962 0.72235577 0.03125000 0.06370192
0 0.37019231 0.58173077 0.02403846 0.04206731
