0 0.42187500 0.86298077 0.03846154 0.06129808
0 0.40024038 0.81370192 0.02764423 0.05048077
0 0.32812500 0.46274038 0.02764423 0.05288462
0 0.31730769 0.28846154 0.03004808 0.04567308
0 0.38942308 0.50600962 0.03004808 0.05168269
0 0.19831731 0.55288462 0.03004808 0.06370192
0 0.43629808 0.39182692 0.02764423 0.03846154
0 0.38461538 0.42067308 0.03004808 0.04807692
0 0.34615385 0.62860577 0.02524038 0.04567308
0 0.37620192 0.56610577 0.03004808 0.04326923
0 0.43028846 0.57692308 0.02524038 0.04326923
0 0.43750000 0.80288462 0.03605769 0.05528846
0 0.25721154 0.86177885 0.03846154 0.05769231
0 0.45673077 0.63701923 0.03245192 0.04687500
0 0.44471154 0.32932692 0.03245192 0.04807692
0 0.47836538 0.59254808 0.03245192 0.05528846
0 0.22115385 0.54326923 0.02163462 0.03485577
