0 0.37500000 0.57812500 0.01923077 0.02163462
0 0.20552885 0.79807692 0.01442308 0.04326923
0 0.11057692 0.77163462 0.01622596 0.03846154
0 0.11057692 0.90264423 0.02704327 0.04687500
0 0.17427885 0.69471154 0.02463942 0.05348558
0 0.05769231 0.56009615 0.01802885 0.03966346
0 0.09134615 0.83533654 0.02343750 0.04206731
0 0.23677885 0.83052885 0.01862981 0.04326923
0 0.28846154 0.59855769 0.02463942 0.04867788
0 0.38942308 0.55408654 0.01682692 0.02824519
0 0.22956731 0.81490385 0.02283654 0.05288462
0 0.03485577 0.58293269 0.02283654 0.05288462
0 0.21875000 0.85697115 0.02644231 0.03665865
0 0.16586538 0.84134615 0.02403846 0.05408654
