0 0.59975962 0.33052885 0.01923077 0.03245192
0 0.64182692 0.12620192 0.02644231 0.04807692
0 0.21754808 0.27403846 0.03245192 0.04567308
0 0.41346154 0.09975962 0.02524038 0.04206731
0 0.45192308 0.11418269 0.02163462 0.04807692
0 0.24639423 0.38822115 0.03245192 0.04086538
0 0.26682692 0.28245192 0.03125000 0.03846154
0 0.39302885 0.24158654 0.03245192 0.03605769
0 0.28245192 0.39903846 0.03245192 0.03846154
0 0.25360577 0.20432692 0.03846154 0.05288462
0 0.40625000 0.38701923 0.04086538 0.06370192
0 0.35096154 0.45552885 0.02764423 0.05528846
0 0.33173077 0.23918269 0.02043269 0.06370192
0 0.28966346 0.60576923 0.03605769 0.06250000
0 0.48317308 0.18389423 0.03846154 0.06850962
0 0.31129808 0.32572115 0.02163462 0.03125000
0 0.40024038 0.40024038 0.01682692 0.03605769
0 0.40985577 0.25841346 0.02403846 0.03846154
0 0.59014423 0.36298077 0.02644231 0.03245192
