0 0.00480769 0.07692308 0.00961538 0.05769231
0 0.05288462 0.31370192 0.03846154 0.09555288
0 0.05528846 0.41826923 0.03365385 0.04326923
0 0.01201923 0.32331731 0.02403846 0.04567308
0 0.09375000 0.69591346 0.04507212 0.05228365
0 0.03725962 0.81610577 0.03665865 0.04987981
0 0.02283654 0.72475962 0.04567308 0.05528846
0 0.09375000 0.91466346 0.03185096 0.04747596
0 0.06850962 0.95072115 0.03125000 0.04987981
0 0.10336538 0.61177885 0.04747596 0.05408654
0 0.13822115 0.97716346 0.03605769 0.04567308
0 0.16947115 0.90504808 0.03545673 0.06490385
0 0.61538462 0.61538462 0.01502404 0.02884615
0 0.65504808 0.68389423 0.00901442 0.01682692
0 0.70552885 0.86177885 0.01262019 0.03064904
0 0.71394231 0.84134615 0.01021635 0.01502404
0 0.52524038 0.81370192 0.00961538 0.01682692
0 0.40144231 0.99158654 0.00961538 0.01682692
