0 0.18870192 0.03485577 0.03725962 0.05108173
0 0.19831731 0.29206731 0.03064904 0.03906250
0 0.13942308 0.03245192 0.03846154 0.04867788
0 0.01322115 0.45913462 0.02644231 0.05769231
0 0.25120192 0.44711538 0.03786058 0.04567308
0 0.13461538 0.47836538 0.02403846 0.03846154
0 0.06730769 0.17307692 0.04206731 0.04687500
0 0.09375000 0.45793269 0.02103365 0.06069712
0 0.10456731 0.07451923 0.04807692 0.05949519
0 0.06610577 0.33774038 0.03004808 0.05108173
0 0.24278846 0.27043269 0.02283654 0.04086538
0 0.12379808 0.25600962 0.02644231 0.03305288
0 0.15625000 0.29206731 0.01862981 0.03365385
0 0.56730769 0.26802885 0.01442308 0.02884615
0 0.55769231 0.29447115 0.02103365 0.03004808
0 0.86298077 0.34134615 0.01081731 0.01983173
0 0.86057692 0.35697115 0.01141827 0.01742788
0 0.20793269 0.74038462 0.03605769 0.04867788
0 0.24759615 0.69591346 0.03125000 0.04206731
0 0.33774038 0.92908654 0.03906250 0.06730769
0 0.28365385 0.66826923 0.04447115 0.05048077
0 0.14663462 0.80889423 0.03906250 0.05588942
0 0.17187500 0.98076923 0.04086538 0.03846154
0 0.30408654 0.54567308 0.03605769 0.03545673
0 0.24158654 0.95312500 0.03425481 0.03425481
0 0.21514423 0.85937500 0.02163462 0.04627404
0 0.30288462 0.90024038 0.02163462 0.03786058
0 0.77884615 0.56250000 0.01141827 0.01923077
0 0.72956731 0.51322115 0.03125000 0.02644231
0 0.60937500 0.51081731 0.00781250 0.01682692
0 0.61057692 0.52644231 0.01021635 0.01562500
0 0.62019231 0.54086538 0.01141827 0.02524038
0 0.61899038 0.52043269 0.01262019 0.01923077
0 0.47235577 0.74399038 0.01141827 0.03185096
0 0.62620192 0.69350962 0.01262019 0.01923077
0 0.78365385 0.74278846 0.01322115 0.02403846
0 0.68629808 0.77163462 0.01442308 0.01923077
0 0.61899038 0.74158654 0.00961538 0.01322115
0 0.60576923 0.80048077 0.01322115 0.02163462
0 0.59855769 0.82451923 0.00961538 0.02163462
0 0.58173077 0.82932692 0.01442308 0.02884615
0 0.56490385 0.87500000 0.01322115 0.02764423
0 0.60576923 0.89182692 0.00961538 0.02644231
0 0.63341346 0.84134615 0.00961538 0.01923077
0 0.65985577 0.87379808 0.01442308 0.02403846
0 0.71995192 0.83173077 0.01322115 0.01923077
0 0.75000000 0.86298077 0.01682692 0.02764423
0 0.69471154 0.92187500 0.01322115 0.02283654
0 0.66826923 0.96634615 0.00961538 0.02403846
0 0.77043269 0.98918269 0.01682692 0.02163462
0 0.79206731 0.80048077 0.01322115 0.01923077
0 0.78125000 0.82932692 0.01322115 0.02163462
0 0.60697115 0.54567308 0.01081731 0.01682692
