0 0.25240385 0.43509615 0.02283654 0.03846154
0 0.26322115 0.17788462 0.03064904 0.04447115
0 0.30048077 0.26923077 0.03305288 0.05048077
0 0.01562500 0.05528846 0.02824519 0.04687500
0 0.15264423 0.39543269 0.02884615 0.04206731
0 0.29807692 0.18028846 0.03064904 0.06610577
0 0.21274038 0.28846154 0.03425481 0.04326923
0 0.17668269 0.06610577 0.02944712 0.05108173
0 0.14062500 0.33533654 0.02283654 0.03725962
0 0.11778846 0.15745192 0.03425481 0.04086538
0 0.07932692 0.16706731 0.03665865 0.04627404
0 0.19471154 0.05168269 0.02163462 0.04687500
0 0.81850962 0.08533654 0.03305288 0.02884615
0 0.68990385 0.01201923 0.02884615 0.02403846
0 0.80168269 0.41586538 0.02704327 0.05348558
0 0.98677885 0.18269231 0.02644231 0.06250000
0 0.96995192 0.30048077 0.02764423 0.04447115
0 0.98798077 0.38461538 0.02403846 0.04326923
0 0.03004808 0.77764423 0.02944712 0.04627404
0 0.45913462 0.85216346 0.03966346 0.06250000
0 0.20312500 0.99399038 0.03125000 0.01201923
0 0.10817308 0.80889423 0.03004808 0.04687500
0 0.28485577 0.97956731 0.02764423 0.04086538
0 0.33293269 0.99038462 0.02163462 0.01923077
0 0.17668269 0.97836538 0.02463942 0.03425481
0 0.29086538 0.64182692 0.02043269 0.04567308
0 0.30048077 0.64062500 0.01442308 0.04567308
