0 0.18028846 0.03365385 0.02764423 0.04867788
0 0.59495192 0.19711538 0.02704327 0.03906250
0 0.53966346 0.09495192 0.03064904 0.03605769
0 0.41225962 0.38581731 0.00781250 0.01742788
0 0.41586538 0.39543269 0.01382212 0.01442308
0 0.42187500 0.41225962 0.01201923 0.01442308
0 0.42307692 0.42427885 0.00961538 0.01682692
0 0.34495192 0.52644231 0.00901442 0.01862981
0 0.34254808 0.55288462 0.00961538 0.01862981
0 0.35216346 0.55769231 0.01201923 0.02764423
0 0.29086538 0.44110577 0.02463942 0.01742788
0 0.20312500 0.78365385 0.01322115 0.03365385
0 0.35937500 0.71754808 0.01382212 0.02163462
0 0.41706731 0.79807692 0.01802885 0.02103365
0 0.34975962 0.76562500 0.01081731 0.01262019
0 0.33653846 0.82692308 0.01322115 0.02163462
0 0.32812500 0.85336538 0.00961538 0.02163462
0 0.31250000 0.85697115 0.01442308 0.03004808
0 0.29567308 0.90384615 0.01322115 0.02764423
0 0.34014423 0.92067308 0.01201923 0.03004808
0 0.36538462 0.86899038 0.02163462 0.02644231
0 0.39182692 0.91105769 0.02163462 0.04687500
0 0.42307692 0.94951923 0.00961538 0.02403846
0 0.40144231 0.99038462 0.00961538 0.01923077
0 0.63100962 0.27163462 0.04086538 0.02403846
0 0.49038462 0.34855769 0.03725962 0.05408654
0 0.50600962 0.45793269 0.03485577 0.04026442
0 0.62620192 0.45312500 0.04867788 0.08413462
0 0.62139423 0.50721154 0.03545673 0.06790865
0 0.61658654 0.75120192 0.04326923 0.04627404
0 0.59375000 0.90745192 0.04387019 0.04627404
0 0.48317308 0.75480769 0.04026442 0.04747596
0 0.50000000 0.86658654 0.03485577 0.05528846
0 0.48437500 0.80769231 0.03605769 0.05348558
0 0.43509615 0.71634615 0.01442308 0.06730769
0 0.44350962 0.78966346 0.03125000 0.05528846
0 0.43870192 0.88581731 0.02163462 0.06971154
0 0.51802885 0.74399038 0.02463942 0.03966346
