0 0.38461538 0.16105769 0.00961538 0.03365385
0 0.28966346 0.39663462 0.02524038 0.03966346
0 0.18269231 0.46514423 0.02283654 0.03365385
0 0.14062500 0.27524038 0.03004808 0.04687500
0 0.33894231 0.14783654 0.04146635 0.04867788
0 0.19110577 0.18269231 0.03004808 0.04747596
0 0.30168269 0.35817308 0.02343750 0.03425481
0 0.23076923 0.30168269 0.03305288 0.04627404
0 0.26201923 0.05408654 0.03425481 0.05048077
0 0.14423077 0.14663462 0.03906250 0.06310096
0 0.27163462 0.07091346 0.02944712 0.04687500
0 0.61418269 0.31129808 0.02524038 0.04266827
0 0.67307692 0.14903846 0.02043269 0.03786058
0 0.67067308 0.35817308 0.02704327 0.03906250
0 0.70432692 0.22355769 0.02403846 0.03365385
0 0.58173077 0.09375000 0.02584135 0.03365385
0 0.57932692 0.22355769 0.02644231 0.03906250
0 0.69230769 0.21153846 0.01502404 0.03485577
0 0.61177885 0.14663462 0.02163462 0.04747596
0 0.77043269 0.41225962 0.02524038 0.04266827
0 0.64903846 0.13341346 0.01983173 0.03365385
0 0.61778846 0.38100962 0.03425481 0.08473558
0 0.54927885 0.24639423 0.03185096 0.05048077
0 0.65384615 0.40384615 0.02223558 0.03966346
0 0.69591346 0.46995192 0.02283654 0.04146635
0 0.22836538 0.66706731 0.03185096 0.04266827
0 0.22235577 0.87259615 0.03966346 0.06490385
0 0.15985577 0.90024038 0.05228365 0.07632212
0 0.20432692 0.59014423 0.04086538 0.05588942
0 0.26562500 0.85937500 0.04567308 0.06189904
0 0.33774038 0.92067308 0.03004808 0.05288462
0 0.36298077 0.53846154 0.05288462 0.07692308
0 0.34975962 0.76682692 0.02824519 0.05408654
0 0.18269231 0.93269231 0.04266827 0.03846154
0 0.28605769 0.70552885 0.02163462 0.04627404
0 0.27644231 0.78725962 0.03725962 0.04447115
0 0.64423077 0.99158654 0.03365385 0.01682692
0 0.83653846 0.84495192 0.01923077 0.04146635
0 0.82211538 0.84375000 0.02283654 0.04867788
