0 0.34495192 0.67548077 0.01562500 0.03846154
0 0.45072115 0.50841346 0.03725962 0.05288462
0 0.22716346 0.60576923 0.02764423 0.04206731
0 0.59375000 0.64302885 0.03004808 0.05288462
0 0.56370192 0.75841346 0.03004808 0.04687500
0 0.52644231 0.68389423 0.02644231 0.03725962
0 0.50600962 0.74158654 0.03004808 0.04326923
0 0.33052885 0.98197115 0.01562500 0.03004808
0 0.32932692 0.39302885 0.02403846 0.05168269
0 0.51201923 0.96875000 0.02764423 0.05168269
0 0.52524038 0.38221154 0.03125000 0.04326923
0 0.58173077 0.96514423 0.03125000 0.04326923
0 0.52163462 0.47355769 0.03125000 0.04206731
0 0.46153846 0.56850962 0.02524038 0.04326923
0 0.48798077 0.88100962 0.03004808 0.05048077
0 0.38822115 0.55528846 0.02403846 0.04206731
