0 0.11177885 0.05769231 0.03365385 0.04447115
0 0.20312500 0.20432692 0.03665865 0.05709135
0 0.01923077 0.01442308 0.03846154 0.02884615
0 0.13100962 0.15264423 0.02463942 0.03485577
0 0.16466346 0.15144231 0.02524038 0.03906250
0 0.02283654 0.18750000 0.03365385 0.03605769
0 0.22596154 0.15024038 0.03365385 0.06009615
0 0.91826923 0.14783654 0.02223558 0.03786058
0 0.75961538 0.00721154 0.02403846 0.01442308
0 0.75480769 0.30769231 0.02463942 0.04387019
0 0.80288462 0.21754808 0.02223558 0.03665865
0 0.81490385 0.32932692 0.02403846 0.03846154
0 0.77884615 0.11658654 0.02223558 0.03786058
0 0.83052885 0.06490385 0.02403846 0.03485577
0 0.73798077 0.18629808 0.01682692 0.03665865
0 0.81009615 0.12500000 0.01562500 0.03125000
0 0.66947115 0.28245192 0.02524038 0.05649038
0 0.87259615 0.33173077 0.02824519 0.04867788
0 0.95312500 0.30168269 0.03545673 0.09735577
0 0.73317308 0.17788462 0.01562500 0.03425481
0 0.75961538 0.20673077 0.01802885 0.03725962
0 0.51923077 0.38942308 0.03185096 0.05408654
0 0.47355769 0.47235577 0.02584135 0.04747596
0 0.25841346 0.48197115 0.02524038 0.03786058
0 0.23437500 0.79567308 0.03365385 0.05408654
0 0.26682692 0.37259615 0.01923077 0.02884615
0 0.41586538 0.96033654 0.03004808 0.03786058
0 0.45432692 0.64062500 0.02584135 0.03485577
0 0.50721154 0.54447115 0.02043269 0.04026442
0 0.33653846 0.73317308 0.03305288 0.04507212
0 0.47596154 0.41586538 0.03725962 0.05949519
0 0.28846154 0.58774038 0.02644231 0.04747596
0 0.33533654 0.86298077 0.02584135 0.03906250
0 0.32572115 0.42187500 0.02103365 0.04507212
0 0.32932692 0.48437500 0.02163462 0.04026442
0 0.33413462 0.56129808 0.02704327 0.05588942
