0 0.41826923 0.46875000 0.04326923 0.05769231
0 0.34014423 0.33533654 0.03605769 0.04747596
0 0.34375000 0.43149038 0.03725962 0.04747596
0 0.40625000 0.52403846 0.02884615 0.02884615
0 0.73677885 0.18750000 0.02343750 0.03425481
0 0.83774038 0.02764423 0.01862981 0.03064904
0 0.94230769 0.18990385 0.03365385 0.03906250
0 0.83894231 0.10336538 0.01862981 0.03004808
0 0.97836538 0.38942308 0.02343750 0.03966346
0 0.75961538 0.37379808 0.03665865 0.05228365
0 0.89302885 0.04086538 0.02403846 0.03485577
0 0.97235577 0.10336538 0.03545673 0.05468750
0 0.90144231 0.21153846 0.02704327 0.03545673
0 0.81370192 0.04086538 0.01862981 0.03425481
0 0.83413462 0.30769231 0.04507212 0.05348558
0 0.87980769 0.08774038 0.02283654 0.03485577
0 0.86298077 0.21274038 0.02403846 0.02884615
0 0.63341346 0.58774038 0.01923077 0.03846154
0 0.62139423 0.63100962 0.02163462 0.04146635
0 0.77884615 0.74399038 0.02283654 0.04627404
0 0.55769231 0.54807692 0.03365385 0.01923077
0 0.51562500 0.68750000 0.02403846 0.03485577
