0 0.44471154 0.31610577 0.02764423 0.03605769
0 0.49519231 0.46394231 0.01562500 0.03245192
0 0.59735577 0.08533654 0.02403846 0.05048077
0 0.59975962 0.55649038 0.02043269 0.02764423
0 0.65264423 0.33293269 0.03245192 0.05528846
0 0.54687500 0.20072115 0.01682692 0.03605769
0 0.56610577 0.41826923 0.02043269 0.03125000
0 0.53485577 0.21394231 0.01562500 0.03605769
0 0.38461538 0.22355769 0.02764423 0.04326923
0 0.64182692 0.40264423 0.02644231 0.03846154
0 0.48076923 0.30408654 0.03004808 0.03846154
0 0.36298077 0.62139423 0.02043269 0.05168269
0 0.61658654 0.31971154 0.02403846 0.04326923
0 0.27283654 0.19471154 0.02403846 0.04206731
0 0.50721154 0.51923077 0.01923077 0.03725962
