0 0.19471154 0.07932692 0.02524038 0.03245192
0 0.18028846 0.20192308 0.01562500 0.03725962
0 0.10817308 0.16706731 0.03425481 0.04867788
0 0.16346154 0.26322115 0.01862981 0.04026442
0 0.01682692 0.09254808 0.02584135 0.04987981
0 0.30649038 0.36418269 0.02103365 0.04627404
0 0.03846154 0.15384615 0.02343750 0.03545673
0 0.07572115 0.29447115 0.02103365 0.03064904
0 0.05048077 0.07932692 0.01923077 0.03425481
0 0.18028846 0.04687500 0.02944712 0.04026442
0 0.61177885 0.46634615 0.03605769 0.02403846
0 0.23918269 0.50600962 0.01923077 0.03185096
0 0.82692308 0.66346154 0.01021635 0.03365385
0 0.68509615 0.52403846 0.01442308 0.02043269
0 0.56490385 0.59375000 0.01622596 0.02884615
0 0.64182692 0.62019231 0.01562500 0.01923077
0 0.70552885 0.58653846 0.00961538 0.01442308
0 0.71153846 0.65384615 0.01562500 0.02644231
0 0.72596154 0.68389423 0.00961538 0.02043269
0 0.74879808 0.68028846 0.02163462 0.04086538
0 0.75841346 0.73317308 0.01322115 0.02644231
0 0.73677885 0.73317308 0.02163462 0.02043269
0 0.69951923 0.69711538 0.02524038 0.03485577
0 0.66586538 0.73677885 0.02043269 0.03004808
0 0.62860577 0.69711538 0.02403846 0.02644231
0 0.59134615 0.64783654 0.02163462 0.03966346
0 0.62980769 0.76802885 0.01682692 0.03004808
0 0.65745192 0.82091346 0.01081731 0.02644231
0 0.64302885 0.88341346 0.01923077 0.02884615
0 0.54927885 0.67187500 0.01562500 0.02043269
0 0.55168269 0.67788462 0.01442308 0.02043269
0 0.74879808 0.89543269 0.02644231 0.03004808
0 0.55769231 0.84615385 0.02884615 0.03605769
