0 0.62019231 0.39182692 0.03605769 0.04687500
0 0.48798077 0.53846154 0.03725962 0.05048077
0 0.63461538 0.62500000 0.02764423 0.04687500
0 0.67427885 0.63100962 0.02043269 0.05048077
0 0.58293269 0.84735577 0.02403846 0.04807692
0 0.63701923 0.27043269 0.02764423 0.04206731
0 0.31730769 0.48076923 0.03846154 0.05889423
0 0.54326923 0.46153846 0.03725962 0.04807692
0 0.50841346 0.70192308 0.03004808 0.05649038
0 0.58052885 0.41346154 0.02764423 0.03125000
0 0.32451923 0.42307692 0.03125000 0.06971154
0 0.36778846 0.87860577 0.02644231 0.04206731
0 0.47836538 0.81490385 0.02764423 0.04086538
0 0.54086538 0.77283654 0.02043269 0.04326923
0 0.59134615 0.67307692 0.01682692 0.03485577
0 0.55649038 0.58894231 0.02403846 0.05048077
0 0.66346154 0.78725962 0.02043269 0.03485577
