0 0.56250000 0.28725962 0.02283654 0.02704327
0 0.57812500 0.27884615 0.01923077 0.02884615
0 0.50721154 0.01081731 0.03846154 0.02163462
0 0.54567308 0.24519231 0.02403846 0.02884615
0 0.41346154 0.08653846 0.03004808 0.04567308
0 0.23317308 0.73677885 0.02283654 0.04627404
0 0.07451923 0.89543269 0.02824519 0.05408654
0 0.18990385 0.95673077 0.02103365 0.04266827
0 0.19230769 0.98557692 0.02403846 0.02884615
0 0.20673077 0.75240385 0.02524038 0.03906250
0 0.26802885 0.85576923 0.03125000 0.04747596
0 0.19711538 0.84615385 0.01682692 0.03064904
0 0.14062500 0.74879808 0.03004808 0.03605769
0 0.20793269 0.92788462 0.03125000 0.05408654
0 0.11658654 0.87019231 0.03004808 0.05709135
0 0.25240385 0.65745192 0.01682692 0.04086538
0 0.21634615 0.66706731 0.02524038 0.04206731
0 0.06730769 0.55288462 0.03365385 0.04807692
0 0.20192308 0.57572115 0.02403846 0.03725962
0 0.07331731 0.74639423 0.02644231 0.03245192
0 0.13822115 0.93389423 0.02403846 0.04447115
0 0.04086538 0.57091346 0.03485577 0.04206731
0 0.26682692 0.68389423 0.02043269 0.02884615
0 0.01442308 0.61298077 0.02403846 0.03125000
0 0.01322115 0.81250000 0.01923077 0.03004808
0 0.04567308 0.82812500 0.02644231 0.04086538
0 0.63341346 0.71033654 0.01983173 0.04206731
0 0.63341346 0.77764423 0.02524038 0.03185096
0 0.64903846 0.93870192 0.02884615 0.04026442
0 0.65865385 0.86418269 0.02824519 0.04266827
0 0.66346154 0.70673077 0.02103365 0.03786058
0 0.66706731 0.64903846 0.03425481 0.04867788
0 0.67788462 0.72716346 0.01923077 0.03545673
0 0.64302885 0.69591346 0.01802885 0.04086538
0 0.68629808 0.70673077 0.02403846 0.03425481
0 0.64302885 0.87500000 0.02223558 0.03485577
0 0.85937500 0.67067308 0.02524038 0.05228365
0 0.69471154 0.60216346 0.02644231 0.04447115
0 0.68389423 0.53725962 0.01682692 0.01682692
