0 0.22596154 0.00600962 0.02884615 0.01201923
0 0.24399038 0.02524038 0.02463942 0.03245192
0 0.21153846 0.67187500 0.01682692 0.04026442
0 0.08774038 0.46634615 0.02043269 0.03365385
0 0.04807692 0.58533654 0.02644231 0.03665865
0 0.11538462 0.53365385 0.01502404 0.03245192
0 0.12860577 0.65384615 0.01442308 0.03906250
0 0.15985577 0.64302885 0.02103365 0.04026442
0 0.17067308 0.70793269 0.01622596 0.03004808
0 0.15144231 0.68509615 0.01742788 0.03125000
0 0.11778846 0.65024038 0.01322115 0.03605769
0 0.07812500 0.68028846 0.02524038 0.03485577
0 0.02884615 0.66225962 0.02163462 0.03605769
0 0.00961538 0.57572115 0.01923077 0.04567308
0 0.04807692 0.77403846 0.01923077 0.03365385
0 0.03125000 0.72716346 0.02043269 0.03966346
0 0.04567308 0.84615385 0.01923077 0.02884615
0 0.14302885 0.86778846 0.02884615 0.03125000
0 0.12500000 0.58533654 0.02163462 0.03125000
