0 0.02403846 0.45312500 0.03365385 0.01201923
0 0.06250000 0.41586538 0.02223558 0.03485577
0 0.86177885 0.11057692 0.01802885 0.03064904
0 0.82451923 0.08052885 0.02343750 0.03725962
0 0.75360577 0.04567308 0.01502404 0.02944712
0 0.61899038 0.35817308 0.01442308 0.03365385
0 0.76322115 0.20072115 0.01562500 0.02343750
0 0.88822115 0.27764423 0.01862981 0.03365385
0 0.80288462 0.30649038 0.01562500 0.02103365
0 0.74038462 0.27283654 0.01322115 0.01442308
0 0.73076923 0.33052885 0.01682692 0.02704327
0 0.71995192 0.37259615 0.01081731 0.02283654
0 0.69230769 0.36538462 0.02824519 0.05288462
0 0.68509615 0.42668269 0.01382212 0.02704327
0 0.70312500 0.42187500 0.01802885 0.03605769
0 0.74639423 0.38221154 0.02764423 0.04206731
0 0.78245192 0.40985577 0.02043269 0.02764423
0 0.82211538 0.38822115 0.02644231 0.03004808
0 0.85937500 0.32572115 0.02644231 0.04447115
0 0.82091346 0.44831731 0.01682692 0.02163462
0 0.90625000 0.35576923 0.01802885 0.02644231
0 0.90625000 0.32331731 0.01682692 0.02524038
0 0.74038462 0.06971154 0.01442308 0.02283654
0 0.06490385 0.51201923 0.02524038 0.04447115
0 0.43269231 0.84014423 0.04627404 0.07812500
0 0.39423077 0.91466346 0.02884615 0.04086538
0 0.47235577 0.96754808 0.03605769 0.06490385
0 0.51682692 0.85817308 0.02704327 0.05649038
0 0.54687500 0.85937500 0.03966346 0.07932692
0 0.53485577 0.73918269 0.03365385 0.05408654
0 0.52403846 0.72596154 0.03665865 0.04447115
0 0.45552885 0.72235577 0.02463942 0.06069712
0 0.54687500 0.59375000 0.05829327 0.10456731
0 0.59134615 0.59495192 0.03365385 0.07091346
0 0.62620192 0.67548077 0.04146635 0.07752404
0 0.76081731 0.71514423 0.02163462 0.04687500
0 0.75480769 0.76802885 0.02644231 0.04927885
0 0.79807692 0.61538462 0.04326923 0.07692308
