0 0.03966346 0.40625000 0.03786058 0.03966346
0 0.01201923 0.14663462 0.02403846 0.05769231
0 0.07812500 0.12259615 0.03004808 0.05709135
0 0.23197115 0.29086538 0.03185096 0.05108173
0 0.24879808 0.21995192 0.02403846 0.05528846
0 0.05889423 0.31490385 0.03485577 0.04567308
0 0.12740385 0.01923077 0.02884615 0.03846154
0 0.77163462 0.29687500 0.03185096 0.04447115
0 0.29326923 0.93269231 0.03125000 0.05528846
0 0.47475962 0.94831731 0.02283654 0.05709135
0 0.35456731 0.84134615 0.02343750 0.03004808
0 0.40985577 0.88341346 0.02463942 0.04146635
0 0.37500000 0.72115385 0.01983173 0.03425481
0 0.50120192 0.81850962 0.03365385 0.04146635
0 0.33774038 0.73076923 0.01682692 0.02884615
0 0.42908654 0.85937500 0.01682692 0.04326923
0 0.47716346 0.78725962 0.02704327 0.04326923
0 0.47956731 0.76562500 0.02944712 0.04747596
0 0.13701923 0.70552885 0.01562500 0.04086538
0 0.24399038 0.86177885 0.02103365 0.03605769
0 0.86177885 0.99158654 0.03605769 0.01682692
0 0.89903846 0.59735577 0.02343750 0.04146635
0 0.96995192 0.77884615 0.01682692 0.02884615
0 0.87379808 0.65144231 0.02163462 0.03605769
0 0.67668269 0.75240385 0.01923077 0.06189904
0 0.79567308 0.84975962 0.02824519 0.05108173
0 0.98317308 0.94591346 0.02644231 0.05949519
0 0.99399038 0.57211538 0.01201923 0.03846154
0 0.98317308 0.74038462 0.01562500 0.03425481
0 0.88341346 0.75600962 0.02103365 0.03125000
0 0.86177885 0.89182692 0.02524038 0.05649038
