0 0.40625000 0.43870192 0.01923077 0.02644231
0 0.35817308 0.48076923 0.01682692 0.03245192
0 0.27403846 0.44711538 0.02403846 0.03004808
0 0.42788462 0.34735577 0.01923077 0.02403846
0 0.60817308 0.33533654 0.02043269 0.04687500
0 0.30168269 0.72235577 0.02764423 0.04567308
0 0.29086538 0.38461538 0.02163462 0.03125000
0 0.47235577 0.66466346 0.02764423 0.04206731
0 0.50721154 0.46514423 0.01562500 0.03125000
0 0.36658654 0.64903846 0.02163462 0.05288462
0 0.29687500 0.40745192 0.02043269 0.03125000
0 0.29206731 0.67788462 0.01923077 0.02764423
0 0.34134615 0.45432692 0.01562500 0.03125000
0 0.29807692 0.53846154 0.01923077 0.03725962
0 0.38942308 0.34735577 0.01562500 0.02644231
0 0.46153846 0.52644231 0.01923077 0.04326923
