0 0.62860577 0.63581731 0.02043269 0.03605769
0 0.55288462 0.66466346 0.03004808 0.04326923
0 0.58533654 0.80889423 0.03004808 0.03245192
0 0.49278846 0.71274038 0.02403846 0.04326923
0 0.46754808 0.53125000 0.02764423 0.04206731
0 0.61057692 0.38461538 0.02403846 0.04687500
0 0.53605769 0.48076923 0.01923077 0.04206731
0 0.31009615 0.45673077 0.02644231 0.03725962
0 0.57451923 0.42788462 0.03245192 0.02764423
0 0.63461538 0.29326923 0.02043269 0.04086538
0 0.30769231 0.41346154 0.01562500 0.06129808
0 0.36298077 0.88100962 0.02524038 0.03125000
0 0.53125000 0.57572115 0.02163462 0.03125000
0 0.66586538 0.64663462 0.02163462 0.04687500
0 0.63461538 0.73557692 0.01682692 0.03125000
0 0.53605769 0.73197115 0.02043269 0.03245192
0 0.48918269 0.80288462 0.03125000 0.04326923
