0 0.02764423 0.16586538 0.03125000 0.05168269
0 0.28966346 0.31370192 0.02524038 0.04086538
0 0.30528846 0.41826923 0.02644231 0.04687500
0 0.35576923 0.62379808 0.02644231 0.05168269
0 0.34975962 0.25600962 0.02403846 0.04086538
0 0.49158654 0.39182692 0.01562500 0.02764423
0 0.50240385 0.31730769 0.01682692 0.03125000
0 0.55408654 0.69471154 0.02644231 0.04326923
0 0.38942308 0.29206731 0.02043269 0.03125000
0 0.25480769 0.27524038 0.02644231 0.04807692
0 0.43750000 0.45552885 0.01682692 0.03485577
0 0.45432692 0.61418269 0.02163462 0.04687500
0 0.44951923 0.19350962 0.02163462 0.03485577
0 0.43509615 0.14423077 0.02403846 0.03485577
0 0.37500000 0.34254808 0.01682692 0.03125000
0 0.00841346 0.13461538 0.01682692 0.01442308
0 0.40384615 0.51682692 0.01923077 0.05528846
0 0.43750000 0.17067308 0.01923077 0.03725962
