0 0.20793269 0.09855769 0.01983173 0.04026442
0 0.00841346 0.08052885 0.01682692 0.06009615
0 0.25120192 0.24639423 0.03064904 0.05228365
0 0.04927885 0.22355769 0.02403846 0.05408654
0 0.27283654 0.14783654 0.02644231 0.05048077
0 0.08533654 0.30528846 0.02463942 0.04987981
0 0.21875000 0.17307692 0.02644231 0.05048077
0 0.06610577 0.14783654 0.02223558 0.04567308
0 0.19951923 0.37740385 0.02403846 0.04867788
0 0.19471154 0.49759615 0.01983173 0.03485577
0 0.05769231 0.07572115 0.02403846 0.05048077
0 0.24879808 0.03725962 0.02764423 0.05228365
0 0.30649038 0.44951923 0.04627404 0.05649038
0 0.19350962 0.20072115 0.01862981 0.03665865
0 0.76322115 0.41586538 0.02884615 0.01983173
0 0.47596154 0.47235577 0.04026442 0.03485577
0 0.20312500 0.57572115 0.02764423 0.05048077
0 0.30889423 0.54326923 0.02163462 0.00961538
0 0.19230769 0.70432692 0.03004808 0.04987981
0 0.30048077 0.69471154 0.02764423 0.05348558
0 0.86298077 0.60216346 0.03605769 0.04266827
0 0.84975962 0.65745192 0.03786058 0.04326923
0 0.78245192 0.70192308 0.03846154 0.07091346
0 0.78725962 0.73798077 0.02223558 0.04387019
0 0.78485577 0.90625000 0.03064904 0.03966346
0 0.87620192 0.97716346 0.04086538 0.04567308
0 0.88581731 0.99158654 0.03605769 0.01682692
0 0.88341346 0.91706731 0.04206731 0.06009615
0 0.89062500 0.86658654 0.04026442 0.07211538
0 0.96394231 0.87139423 0.03125000 0.06250000
0 0.94230769 0.92307692 0.03485577 0.05528846
