0 0.65264423 0.08052885 0.02644231 0.03245192
0 0.50480769 0.43750000 0.03004808 0.05288462
0 0.56129808 0.47475962 0.02764423 0.05048077
0 0.42788462 0.32692308 0.02524038 0.04086538
0 0.38822115 0.07932692 0.03004808 0.03846154
0 0.59254808 0.19471154 0.02163462 0.04567308
0 0.50961538 0.62379808 0.02403846 0.05528846
0 0.87019231 0.02043269 0.02524038 0.04086538
0 0.50600962 0.23076923 0.02163462 0.03245192
0 0.36298077 0.37139423 0.03004808 0.05048077
0 0.52644231 0.13942308 0.02403846 0.03605769
0 0.84375000 0.07692308 0.03125000 0.04326923
0 0.35336538 0.59375000 0.01442308 0.03004808
0 0.31850962 0.56370192 0.01442308 0.02524038
0 0.32451923 0.57812500 0.01081731 0.03004808
0 0.63100962 0.06610577 0.02043269 0.05168269
0 0.61538462 0.04326923 0.01923077 0.03485577
0 0.54807692 0.26682692 0.01562500 0.02764423
0 0.56129808 0.27163462 0.02043269 0.03725962
0 0.58653846 0.33173077 0.04326923 0.07331731
0 0.58653846 0.35096154 0.01562500 0.03125000
0 0.56850962 0.58052885 0.02524038 0.04206731
0 0.59014423 0.59134615 0.02163462 0.03605769
