0 0.51201923 0.72475962 0.03605769 0.04326923
0 0.57572115 0.44951923 0.03485577 0.03846154
0 0.62019231 0.43750000 0.02043269 0.06250000
0 0.53725962 0.46995192 0.03125000 0.03846154
0 0.67307692 0.66586538 0.03245192 0.04567308
0 0.56730769 0.86177885 0.03485577 0.04326923
0 0.56250000 0.64302885 0.02764423 0.02644231
0 0.63461538 0.70192308 0.02764423 0.04206731
0 0.53125000 0.84975962 0.02043269 0.03846154
0 0.33173077 0.54807692 0.03605769 0.05048077
0 0.45913462 0.84254808 0.03485577 0.04086538
0 0.51081731 0.58052885 0.03485577 0.04326923
0 0.63221154 0.31971154 0.03004808 0.03725962
0 0.34975962 0.50120192 0.02163462 0.03846154
0 0.38221154 0.89302885 0.02043269 0.03846154
0 0.59254808 0.67908654 0.02043269 0.03725962
0 0.69471154 0.81971154 0.01923077 0.03125000
