0 0.33894231 0.39543269 0.02403846 0.07031250
0 0.38100962 0.35336538 0.03545673 0.05108173
0 0.35456731 0.18750000 0.03846154 0.04867788
0 0.14903846 0.18750000 0.04086538 0.04567308
0 0.32451923 0.01442308 0.02403846 0.02884615
0 0.41706731 0.36658654 0.04447115 0.09495192
0 0.25120192 0.05649038 0.04507212 0.04687500
0 0.42187500 0.09014423 0.05588942 0.06911058
0 0.38822115 0.22115385 0.03425481 0.05829327
0 0.35576923 0.02163462 0.03365385 0.04326923
0 0.12259615 0.33774038 0.01442308 0.02644231
0 0.14182692 0.34735577 0.01622596 0.03185096
0 0.17427885 0.35817308 0.01862981 0.02944712
0 0.60096154 0.59975962 0.01562500 0.04326923
0 0.71995192 0.92668269 0.03665865 0.05348558
0 0.97355769 0.90504808 0.03305288 0.05408654
0 0.99158654 0.98197115 0.01682692 0.03605769
0 0.69230769 0.94951923 0.02944712 0.05348558
0 0.75480769 0.89062500 0.03725962 0.05709135
0 0.62500000 0.75480769 0.02524038 0.03846154
0 0.61298077 0.85817308 0.01382212 0.03425481
0 0.62379808 0.59855769 0.02463942 0.04026442
0 0.55168269 0.69591346 0.03185096 0.05108173
0 0.61538462 0.69110577 0.01442308 0.03125000
0 0.65384615 0.62500000 0.01382212 0.03245192
0 0.59495192 0.71875000 0.02584135 0.04807692
0 0.68629808 0.70072115 0.02403846 0.04086538
0 0.77884615 0.67548077 0.02103365 0.04086538
0 0.82091346 0.65504808 0.03245192 0.02824519
0 0.58052885 0.52163462 0.01802885 0.03966346
0 0.60336538 0.52163462 0.02884615 0.04326923
0 0.80408654 0.65625000 0.02283654 0.05228365
0 0.76802885 0.63341346 0.02524038 0.03245192
0 0.69951923 0.84975962 0.02644231 0.04567308
0 0.64783654 0.91947115 0.03004808 0.06250000
0 0.66586538 0.97475962 0.03365385 0.05048077
0 0.53125000 0.50721154 0.01923077 0.01442308
