0 0.26923077 0.38822115 0.03004808 0.04627404
0 0.09855769 0.23677885 0.02584135 0.04807692
0 0.35096154 0.05649038 0.03305288 0.03365385
0 0.26322115 0.24639423 0.04146635 0.04627404
0 0.28004808 0.13100962 0.03064904 0.04867788
0 0.31009615 0.10096154 0.02343750 0.03485577
0 0.40024038 0.33894231 0.02644231 0.04387019
0 0.34615385 0.47956731 0.03846154 0.01682692
0 0.08173077 0.29086538 0.03305288 0.04927885
0 0.35697115 0.30649038 0.01742788 0.02584135
0 0.31850962 0.25480769 0.02644231 0.04447115
0 0.70432692 0.04086538 0.01442308 0.02824519
0 0.66947115 0.00721154 0.02163462 0.01442308
0 0.46634615 0.27403846 0.01262019 0.03305288
0 0.60697115 0.12740385 0.01442308 0.02343750
0 0.72836538 0.19711538 0.01502404 0.02944712
0 0.64783654 0.22716346 0.01562500 0.01923077
0 0.58774038 0.18990385 0.00961538 0.01442308
0 0.57812500 0.25600962 0.01742788 0.02824519
0 0.56610577 0.28846154 0.00961538 0.02043269
0 0.54206731 0.28365385 0.02283654 0.04447115
0 0.53365385 0.34134615 0.01322115 0.02764423
0 0.55168269 0.33533654 0.01802885 0.03245192
0 0.59254808 0.30288462 0.02524038 0.03725962
0 0.62500000 0.34615385 0.02043269 0.02884615
0 0.66466346 0.30168269 0.02403846 0.02884615
0 0.70072115 0.24879808 0.02283654 0.03966346
0 0.66225962 0.37500000 0.01802885 0.02884615
0 0.63822115 0.42307692 0.01562500 0.03485577
0 0.64903846 0.48197115 0.01923077 0.01201923
0 0.74519231 0.27524038 0.01562500 0.02403846
0 0.74639423 0.24519231 0.01562500 0.02403846
0 0.73798077 0.45432692 0.02884615 0.03725962
0 0.39062500 0.80889423 0.02944712 0.04927885
0 0.40144231 0.97475962 0.02644231 0.03786058
0 0.21634615 0.75000000 0.03185096 0.04987981
0 0.22355769 0.70312500 0.02824519 0.05588942
0 0.53846154 0.61057692 0.01502404 0.01923077
0 0.69230769 0.65865385 0.01322115 0.02403846
0 0.59735577 0.68750000 0.01442308 0.01923077
0 0.53125000 0.65745192 0.00961538 0.01322115
0 0.51802885 0.71514423 0.01322115 0.02043269
0 0.51081731 0.73918269 0.00961538 0.02043269
0 0.49519231 0.74278846 0.01442308 0.02884615
0 0.47836538 0.78846154 0.01322115 0.02764423
0 0.51923077 0.80408654 0.00961538 0.02524038
0 0.54447115 0.75600962 0.00961538 0.01923077
0 0.57091346 0.78725962 0.01442308 0.02403846
0 0.63100962 0.74519231 0.01322115 0.01923077
0 0.65985577 0.77644231 0.01562500 0.02764423
0 0.60576923 0.83533654 0.01322115 0.02283654
0 0.57932692 0.87740385 0.00961538 0.02403846
0 0.46995192 0.97115385 0.02043269 0.03485577
0 0.60336538 0.94471154 0.01802885 0.02764423
0 0.68028846 0.91105769 0.01562500 0.03725962
0 0.70192308 0.71514423 0.01322115 0.01923077
0 0.69110577 0.74278846 0.01322115 0.02043269
