0 0.24639423 0.69591346 0.01923077 0.04326923
0 0.36177885 0.66826923 0.02403846 0.04807692
0 0.28725962 0.45192308 0.02163462 0.05048077
0 0.31370192 0.54807692 0.04807692 0.03605769
0 0.36899038 0.39302885 0.02403846 0.04326923
0 0.43149038 0.48798077 0.02644231 0.06129808
0 0.47596154 0.32451923 0.01682692 0.03485577
0 0.40024038 0.80649038 0.04326923 0.06129808
0 0.43269231 0.42187500 0.02524038 0.04807692
0 0.40264423 0.47596154 0.02764423 0.04687500
0 0.41466346 0.31610577 0.02764423 0.04807692
0 0.39302885 0.73076923 0.02764423 0.05168269
0 0.26322115 0.44951923 0.02524038 0.07451923
0 0.40865385 0.56370192 0.04567308 0.03846154
0 0.44471154 0.40384615 0.02403846 0.01682692
0 0.44951923 0.38221154 0.02524038 0.03485577
0 0.36658654 0.60697115 0.02644231 0.04086538
