0 0.00961538 0.34495192 0.01923077 0.05528846
0 0.16346154 0.27403846 0.03004808 0.04867788
0 0.18149038 0.32692308 0.03846154 0.04086538
0 0.82572115 0.19110577 0.03064904 0.04807692
0 0.79447115 0.05288462 0.02043269 0.03966346
0 0.76682692 0.26802885 0.03185096 0.05108173
0 0.82211538 0.14182692 0.02704327 0.03846154
0 0.67187500 0.19230769 0.02944712 0.04987981
0 0.70432692 0.25360577 0.02403846 0.04807692
0 0.89663462 0.06490385 0.03425481 0.04687500
0 0.81971154 0.35937500 0.02704327 0.04447115
0 0.70552885 0.18990385 0.02163462 0.05348558
0 0.77403846 0.01081731 0.01923077 0.02163462
0 0.84134615 0.28966346 0.01923077 0.03846154
0 0.73557692 0.39062500 0.02043269 0.02824519
0 0.83413462 0.49399038 0.01622596 0.02704327
0 0.87139423 0.46394231 0.02163462 0.00961538
0 0.93990385 0.58894231 0.01562500 0.02343750
0 0.81370192 0.65985577 0.01802885 0.03064904
0 0.89543269 0.68750000 0.01802885 0.02043269
0 0.96153846 0.65504808 0.00961538 0.01262019
0 0.96634615 0.72355769 0.01682692 0.02764423
0 0.98197115 0.75000000 0.00961538 0.02163462
0 0.99639423 0.75000000 0.00721154 0.04326923
0 0.99038462 0.80649038 0.01923077 0.02163462
0 0.95312500 0.76562500 0.02524038 0.03485577
0 0.91947115 0.80649038 0.02163462 0.03004808
0 0.87980769 0.76682692 0.02524038 0.02764423
0 0.84134615 0.71634615 0.02163462 0.03846154
0 0.88221154 0.83894231 0.01802885 0.03004808
0 0.90985577 0.89302885 0.01201923 0.03004808
0 0.89543269 0.96033654 0.01923077 0.03004808
0 0.79807692 0.72596154 0.01442308 0.02163462
0 0.80048077 0.74759615 0.01442308 0.02163462
0 0.99519231 0.97115385 0.00961538 0.02884615
0 0.80649038 0.92307692 0.03004808 0.03846154
