0 0.52163462 0.37259615 0.03004808 0.05769231
0 0.31370192 0.37139423 0.01562500 0.03725962
0 0.39903846 0.85817308 0.02644231 0.03725962
0 0.20432692 0.71634615 0.02043269 0.04807692
0 0.47596154 0.50360577 0.02524038 0.05168269
0 0.33173077 0.64903846 0.03004808 0.03846154
0 0.45793269 0.42307692 0.02163462 0.05168269
0 0.25240385 0.41826923 0.02644231 0.04687500
0 0.46514423 0.34014423 0.02524038 0.04567308
0 0.28245192 0.30168269 0.02524038 0.04687500
0 0.30769231 0.44711538 0.02043269 0.04807692
0 0.44350962 0.58413462 0.02043269 0.03485577
0 0.32692308 0.76923077 0.03125000 0.04206731
0 0.25480769 0.22836538 0.02524038 0.05288462
0 0.27764423 0.51802885 0.02644231 0.03605769
0 0.33774038 0.47115385 0.01562500 0.04206731
0 0.22355769 0.72355769 0.02043269 0.04206731
