0 0.11899038 0.21995192 0.02524038 0.02764423
0 0.14062500 0.22235577 0.03004808 0.08894231
0 0.00360577 0.31370192 0.00721154 0.05528846
0 0.00721154 0.13822115 0.01442308 0.05528846
0 0.21394231 0.64423077 0.03004808 0.03786058
0 0.23677885 0.85216346 0.04567308 0.05528846
0 0.21754808 0.49519231 0.02524038 0.03906250
0 0.25360577 0.62500000 0.01201923 0.03365385
0 0.16826923 0.43149038 0.03004808 0.04927885
0 0.14903846 0.40865385 0.03064904 0.04747596
0 0.18990385 0.43389423 0.02884615 0.04266827
0 0.25600962 0.68028846 0.00721154 0.07211538
0 0.25120192 0.58653846 0.01682692 0.04326923
0 0.24399038 0.40144231 0.03125000 0.04807692
0 0.62980769 0.50000000 0.03966346 0.05468750
0 0.88942308 0.80528846 0.03846154 0.05649038
0 0.61177885 0.63822115 0.04627404 0.04687500
0 0.62860577 0.58894231 0.05048077 0.06490385
0 0.55168269 0.48918269 0.04266827 0.05709135
0 0.67668269 0.67307692 0.03966346 0.05048077
0 0.91466346 0.62860577 0.05288462 0.07512019
0 0.79687500 0.60817308 0.05829327 0.04927885
0 0.75721154 0.56250000 0.04867788 0.04807692
0 0.77644231 0.52524038 0.05829327 0.04807692
0 0.77644231 0.69471154 0.03846154 0.02944712
0 0.79206731 0.68149038 0.02704327 0.04086538
0 0.75480769 0.66225962 0.03425481 0.04266827
0 0.63701923 0.40985577 0.05588942 0.04266827
0 0.60576923 0.42788462 0.02824519 0.03906250
