0 0.04206731 0.10216346 0.02884615 0.03665865
0 0.14663462 0.34254808 0.02704327 0.04146635
0 0.30048077 0.21875000 0.03245192 0.04867788
0 0.09735577 0.08774038 0.04206731 0.05048077
0 0.24879808 0.12379808 0.03245192 0.04927885
0 0.13461538 0.30288462 0.02103365 0.03305288
0 0.20793269 0.24519231 0.03125000 0.04387019
0 0.17427885 0.00961538 0.03605769 0.01923077
0 0.29567308 0.08653846 0.03966346 0.06370192
0 0.16466346 0.01682692 0.03125000 0.03365385
0 0.62019231 0.14302885 0.02403846 0.04567308
0 0.62860577 0.06129808 0.04086538 0.05528846
0 0.61538462 0.34975962 0.01442308 0.03605769
0 0.68028846 0.34134615 0.03365385 0.05288462
0 0.63701923 0.85216346 0.02403846 0.04927885
0 0.66586538 0.79206731 0.03004808 0.03125000
0 0.74278846 0.63461538 0.04627404 0.05468750
0 0.72475962 0.72716346 0.03125000 0.04447115
0 0.62259615 0.96033654 0.02884615 0.04567308
