0 0.41586538 0.06009615 0.02884615 0.05348558
0 0.44951923 0.06009615 0.02884615 0.05408654
0 0.45913462 0.13942308 0.03365385 0.06009615
0 0.51081731 0.08774038 0.03545673 0.04867788
0 0.41826923 0.28365385 0.03125000 0.04387019
0 0.60576923 0.19350962 0.02403846 0.05048077
0 0.44230769 0.21514423 0.03004808 0.05408654
0 0.39543269 0.22836538 0.04026442 0.06550481
0 0.50480769 0.22235577 0.04026442 0.05108173
0 0.48437500 0.28365385 0.03004808 0.04867788
0 0.43028846 0.43389423 0.03846154 0.01201923
0 0.99519231 0.30048077 0.00961538 0.01442308
0 0.93149038 0.43389423 0.01201923 0.01201923
0 0.29447115 0.81730769 0.01382212 0.03305288
0 0.20432692 0.84495192 0.03004808 0.04627404
0 0.39423077 0.97115385 0.02884615 0.05048077
0 0.28004808 0.77524038 0.02163462 0.04206731
0 0.16706731 0.92427885 0.02043269 0.03665865
0 0.03846154 0.75120192 0.01562500 0.03605769
0 0.03004808 0.73317308 0.01442308 0.03966346
0 0.40985577 0.78365385 0.02163462 0.04086538
0 0.21274038 0.62019231 0.03605769 0.05889423
0 0.29927885 0.62500000 0.02764423 0.04567308
0 0.12860577 0.84254808 0.03485577 0.04567308
0 0.17548077 0.68389423 0.03485577 0.03966346
0 0.12860577 0.52403846 0.02283654 0.03245192
0 0.24038462 0.73798077 0.02884615 0.04206731
0 0.18269231 0.70913462 0.02163462 0.02884615
0 0.09254808 0.89543269 0.01802885 0.03485577
0 0.46514423 0.65144231 0.02884615 0.04687500
0 0.06129808 0.85576923 0.02403846 0.05408654
0 0.03725962 0.83293269 0.02163462 0.04447115
0 0.31730769 0.73557692 0.01923077 0.04086538
0 0.62620192 0.87379808 0.01682692 0.04567308
0 0.69951923 0.58774038 0.02343750 0.02884615
0 0.62740385 0.74639423 0.01923077 0.04567308
0 0.64903846 0.65504808 0.02764423 0.04747596
0 0.72956731 0.48197115 0.04086538 0.08413462
0 0.71033654 0.47355769 0.02043269 0.04747596
0 0.62379808 0.65144231 0.01201923 0.02884615
0 0.75841346 0.73076923 0.02283654 0.03966346
0 0.62379808 0.60216346 0.01201923 0.06490385
