0 0.50240385 0.33293269 0.02644231 0.03004808
0 0.29086538 0.16947115 0.02403846 0.03605769
0 0.31730769 0.11177885 0.02403846 0.04206731
0 0.28125000 0.03245192 0.03485577 0.06370192
0 0.40745192 0.00961538 0.02403846 0.01682692
0 0.37379808 0.06370192 0.02043269 0.03004808
0 0.35096154 0.01682692 0.02043269 0.02764423
0 0.33413462 0.29567308 0.02043269 0.02644231
0 0.36899038 0.19951923 0.02163462 0.04086538
0 0.45192308 0.19951923 0.03125000 0.04086538
0 0.46153846 0.06370192 0.02163462 0.05649038
0 0.48557692 0.36057692 0.02043269 0.03125000
