0 0.40264423 0.06730769 0.02163462 0.03786058
0 0.39182692 0.09375000 0.02043269 0.04266827
0 0.08653846 0.31610577 0.03906250 0.07151442
0 0.15024038 0.17427885 0.03004808 0.05528846
0 0.21033654 0.11057692 0.03786058 0.05048077
0 0.06129808 0.00721154 0.03605769 0.01442308
0 0.02043269 0.00480769 0.04086538 0.00961538
0 0.07812500 0.11177885 0.03185096 0.04567308
0 0.04927885 0.10937500 0.04026442 0.05288462
0 0.11658654 0.03605769 0.02644231 0.04326923
0 0.20793269 0.12740385 0.01983173 0.02463942
0 0.54927885 0.13701923 0.04567308 0.08353365
0 0.54567308 0.19951923 0.03245192 0.06370192
0 0.53125000 0.45432692 0.04447115 0.04687500
0 0.44831731 0.42427885 0.01682692 0.04086538
