0 0.69831731 0.02163462 0.02043269 0.03125000
0 0.62379808 0.13822115 0.02043269 0.03725962
0 0.57211538 0.08413462 0.02764423 0.04326923
0 0.53846154 0.22235577 0.02644231 0.03725962
0 0.51442308 0.49879808 0.04567308 0.06730769
0 0.37379808 0.18389423 0.02403846 0.04206731
0 0.42427885 0.39182692 0.03125000 0.03485577
0 0.34254808 0.47716346 0.03485577 0.03485577
0 0.83293269 0.16947115 0.03125000 0.03846154
0 0.58413462 0.40985577 0.04687500 0.06250000
0 0.49639423 0.21274038 0.02524038 0.03125000
0 0.50841346 0.71274038 0.02403846 0.04807692
0 0.57692308 0.27163462 0.02644231 0.04326923
0 0.49759615 0.31971154 0.02043269 0.03605769
0 0.53846154 0.34375000 0.02644231 0.04687500
0 0.55649038 0.54086538 0.02764423 0.05528846
0 0.86418269 0.09855769 0.02764423 0.04807692
0 0.30769231 0.64423077 0.02043269 0.03125000
0 0.32331731 0.65264423 0.01562500 0.03485577
0 0.35096154 0.66225962 0.01923077 0.03125000
0 0.50120192 0.02644231 0.02043269 0.03485577
0 0.52283654 0.03365385 0.02163462 0.03605769
0 0.70072115 0.03004808 0.06490385 0.06009615
0 0.64182692 0.15144231 0.01081731 0.03485577
0 0.65024038 0.15264423 0.01442308 0.02764423
0 0.61177885 0.12620192 0.01201923 0.03004808
0 0.55769231 0.65985577 0.02764423 0.03605769
0 0.58173077 0.67908654 0.03125000 0.07451923
0 0.58533654 0.42307692 0.01201923 0.03004808
