0 0.05528846 0.35216346 0.04146635 0.05408654
0 0.12500000 0.32091346 0.03004808 0.05108173
0 0.13701923 0.24038462 0.03966346 0.05709135
0 0.43990385 0.44831731 0.02103365 0.04026442
0 0.24879808 0.75120192 0.03185096 0.06430288
0 0.30288462 0.75480769 0.02704327 0.03064904
0 0.42668269 0.84375000 0.02223558 0.03365385
0 0.14783654 0.48437500 0.03725962 0.06911058
0 0.43509615 0.71274038 0.03064904 0.04627404
0 0.41225962 0.69831731 0.03245192 0.04747596
0 0.49399038 0.47596154 0.01682692 0.03906250
0 0.28365385 0.75240385 0.02584135 0.03605769
0 0.32211538 0.99158654 0.03846154 0.01682692
0 0.34134615 0.76442308 0.02103365 0.04867788
0 0.37500000 0.78004808 0.01802885 0.03725962
0 0.50360577 0.79567308 0.01201923 0.05769231
0 0.23918269 0.45552885 0.03064904 0.04867788
0 0.31250000 0.91105769 0.02043269 0.02944712
