0 0.49278846 0.47956731 0.02524038 0.04206731
0 0.56610577 0.56490385 0.03125000 0.04807692
0 0.65865385 0.49038462 0.02403846 0.05168269
0 0.28125000 0.32932692 0.02163462 0.04687500
0 0.62860577 0.13461538 0.03125000 0.04567308
0 0.42908654 0.35937500 0.03004808 0.04086538
0 0.51682692 0.65024038 0.02403846 0.04687500
0 0.62379808 0.47596154 0.01923077 0.03725962
0 0.37620192 0.76322115 0.02764423 0.04326923
0 0.55528846 0.31610577 0.01562500 0.03846154
0 0.63100962 0.54086538 0.02043269 0.05048077
0 0.61177885 0.21634615 0.02644231 0.03725962
0 0.50721154 0.44350962 0.02644231 0.03485577
0 0.49639423 0.59014423 0.01562500 0.03846154
0 0.54086538 0.35937500 0.01562500 0.03725962
0 0.59855769 0.68389423 0.02043269 0.03004808
