0 0.46634615 0.56971154 0.02644231 0.05048077
0 0.30048077 0.58413462 0.01682692 0.05168269
0 0.40985577 0.48798077 0.01923077 0.02644231
0 0.36057692 0.52524038 0.01923077 0.03605769
0 0.39182692 0.37860577 0.01923077 0.03125000
0 0.47836538 0.69831731 0.02644231 0.04807692
0 0.27764423 0.46634615 0.02764423 0.03605769
0 0.37019231 0.68870192 0.02163462 0.05168269
0 0.42548077 0.38701923 0.01562500 0.02644231
0 0.29927885 0.75600962 0.01923077 0.03605769
0 0.30048077 0.71875000 0.01562500 0.03245192
0 0.34254808 0.50360577 0.01562500 0.03846154
0 0.29807692 0.43750000 0.02403846 0.03846154
0 0.29567308 0.41826923 0.02403846 0.04206731
0 0.60817308 0.36418269 0.01562500 0.03725962
0 0.51081731 0.50600962 0.01923077 0.03245192
