0 0.38341346 0.32091346 0.03004808 0.04447115
0 0.45312500 0.26682692 0.03906250 0.04987981
0 0.31009615 0.19110577 0.02223558 0.05108173
0 0.21033654 0.33052885 0.02764423 0.04987981
0 0.45552885 0.31370192 0.03485577 0.05348558
0 0.53245192 0.11298077 0.04447115 0.05048077
0 0.51442308 0.21634615 0.03605769 0.05528846
0 0.58653846 0.36418269 0.03365385 0.03125000
0 0.13221154 0.82932692 0.01562500 0.02463942
0 0.16947115 0.67908654 0.02223558 0.02223558
0 0.20913462 0.72235577 0.01742788 0.03064904
0 0.26682692 0.60456731 0.02223558 0.03004808
0 0.24879808 0.79687500 0.02043269 0.04507212
0 0.28725962 0.83052885 0.02283654 0.02764423
0 0.29807692 0.88341346 0.03245192 0.04747596
0 0.23557692 0.98798077 0.01923077 0.02403846
0 0.34254808 0.85456731 0.02163462 0.02644231
0 0.37860577 0.82692308 0.02944712 0.06430288
0 0.42548077 0.78605769 0.02524038 0.03425481
0 0.35576923 0.68028846 0.02043269 0.02644231
0 0.38461538 0.61418269 0.02283654 0.03245192
0 0.44591346 0.58774038 0.01622596 0.02163462
0 0.44831731 0.61177885 0.02043269 0.02884615
0 0.47355769 0.70072115 0.02343750 0.03966346
0 0.37500000 0.98076923 0.01442308 0.03846154
0 0.40144231 0.43149038 0.02043269 0.03125000
0 0.50480769 0.96274038 0.01322115 0.01923077
0 0.49639423 0.98317308 0.01682692 0.03365385
0 0.51201923 0.98677885 0.01442308 0.02644231
0 0.52764423 0.99158654 0.01682692 0.01682692
0 0.53605769 0.99519231 0.01442308 0.00961538
0 0.57451923 0.63581731 0.02043269 0.03846154
0 0.33173077 0.53725962 0.01562500 0.02884615
0 0.31129808 0.52283654 0.02403846 0.03365385
0 0.29807692 0.50480769 0.01562500 0.03846154
