0 0.26682692 0.49038462 0.02524038 0.04387019
0 0.12980769 0.50721154 0.02283654 0.04747596
0 0.07572115 0.63701923 0.04086538 0.04326923
0 0.24399038 0.19110577 0.02884615 0.04146635
0 0.25480769 0.06850962 0.02644231 0.03725962
0 0.15985577 0.64182692 0.02644231 0.03365385
0 0.31730769 0.43028846 0.02343750 0.04807692
0 0.18750000 0.40865385 0.02884615 0.02884615
0 0.12980769 0.37500000 0.05288462 0.05649038
0 0.20072115 0.64663462 0.02163462 0.02403846
0 0.19350962 0.21394231 0.02584135 0.04266827
0 0.15985577 0.24278846 0.02524038 0.03846154
0 0.22355769 0.45793269 0.01562500 0.03064904
0 0.34375000 0.59735577 0.02223558 0.05048077
0 0.95192308 0.38942308 0.01382212 0.03786058
0 0.27764423 0.66706731 0.01682692 0.01682692
0 0.29567308 0.72115385 0.02163462 0.04387019
0 0.14302885 0.82932692 0.02524038 0.05048077
0 0.38942308 0.75360577 0.02283654 0.03185096
