0 0.51201923 0.55048077 0.02403846 0.04326923
0 0.54206731 0.41826923 0.01562500 0.03605769
0 0.62860577 0.19831731 0.02764423 0.04687500
0 0.56850962 0.62259615 0.02764423 0.04687500
0 0.51682692 0.50360577 0.02403846 0.03485577
0 0.65745192 0.55168269 0.02403846 0.04687500
0 0.61418269 0.27524038 0.02403846 0.05288462
0 0.62740385 0.60937500 0.02043269 0.04567308
0 0.44591346 0.43028846 0.03125000 0.04326923
0 0.51923077 0.70913462 0.02403846 0.04086538
0 0.28725962 0.38822115 0.02524038 0.04687500
0 0.37860577 0.81971154 0.02403846 0.04326923
0 0.62620192 0.54927885 0.02043269 0.05168269
0 0.56009615 0.37139423 0.01682692 0.03725962
0 0.49879808 0.64302885 0.01562500 0.03605769
0 0.59855769 0.73918269 0.01923077 0.02644231
