0 0.41706731 0.17427885 0.02343750 0.03004808
0 0.36298077 0.22115385 0.02043269 0.03725962
0 0.27043269 0.18389423 0.02644231 0.03185096
0 0.44110577 0.07331731 0.02223558 0.02764423
0 0.28966346 0.11538462 0.02644231 0.03545673
0 0.29567308 0.13942308 0.02584135 0.03545673
0 0.34495192 0.19110577 0.01802885 0.03545673
0 0.29687500 0.28485577 0.02343750 0.04266827
0 0.39903846 0.07331731 0.01562500 0.02884615
0 0.47836538 0.27163462 0.02343750 0.04927885
0 0.71033654 0.15985577 0.01862981 0.03245192
0 0.70072115 0.18990385 0.01502404 0.02824519
0 0.11298077 0.34975962 0.02824519 0.04627404
0 0.64302885 0.36538462 0.03966346 0.06250000
0 0.66826923 0.48557692 0.03846154 0.04567308
0 0.81009615 0.46153846 0.04747596 0.07872596
0 0.80408654 0.52884615 0.03185096 0.06250000
0 0.76682692 0.81009615 0.04747596 0.05048077
0 0.76081731 0.96995192 0.04987981 0.05168269
0 0.65024038 0.80528846 0.03846154 0.04387019
0 0.67067308 0.92307692 0.04086538 0.06250000
0 0.63581731 0.85937500 0.03966346 0.06069712
0 0.59254808 0.78725962 0.03305288 0.06550481
0 0.61418269 0.85937500 0.04146635 0.05769231
0 0.60336538 0.95072115 0.04867788 0.07451923
0 0.69831731 0.77524038 0.02403846 0.03966346
