0 0.25721154 0.47836538 0.02764423 0.05048077
0 0.21274038 0.94350962 0.03605769 0.07211538
0 0.41706731 0.65384615 0.01923077 0.03125000
0 0.32211538 0.44951923 0.03725962 0.05048077
0 0.44471154 0.62139423 0.03004808 0.05048077
0 0.38701923 0.42067308 0.03004808 0.04807692
0 0.13701923 0.56850962 0.03004808 0.02644231
0 0.33533654 0.52524038 0.03125000 0.04326923
0 0.36538462 0.84495192 0.03004808 0.04807692
0 0.38100962 0.91706731 0.02764423 0.05168269
0 0.34495192 0.59615385 0.03004808 0.05048077
0 0.24038462 0.28245192 0.03485577 0.05288462
0 0.38221154 0.60817308 0.02764423 0.03846154
0 0.39903846 0.34495192 0.03605769 0.05288462
0 0.40745192 0.84615385 0.02764423 0.05769231
0 0.26322115 0.65985577 0.02043269 0.03004808
0 0.12620192 0.58653846 0.01562500 0.03725962
