0 0.48798077 0.45673077 0.03365385 0.04687500
0 0.31971154 0.30769231 0.02824519 0.04867788
0 0.56730769 0.12980769 0.03125000 0.03425481
0 0.48197115 0.31730769 0.04447115 0.04687500
0 0.49759615 0.20312500 0.02704327 0.04687500
0 0.57451923 0.02283654 0.03125000 0.04206731
0 0.52764423 0.17427885 0.02223558 0.03185096
0 0.60937500 0.40865385 0.01682692 0.04326923
0 0.56370192 0.56009615 0.03605769 0.03846154
0 0.52644231 0.56250000 0.03365385 0.03365385
0 0.30288462 0.36057692 0.03305288 0.04867788
0 0.57451923 0.37620192 0.01622596 0.02584135
0 0.53605769 0.32572115 0.02524038 0.04266827
0 0.98677885 0.05889423 0.02644231 0.03605769
0 0.86778846 0.06250000 0.00901442 0.01802885
0 0.86778846 0.08052885 0.01021635 0.01622596
0 0.87740385 0.09254808 0.01141827 0.02584135
0 0.87740385 0.07211538 0.01021635 0.01802885
0 0.73197115 0.27884615 0.01262019 0.03004808
0 0.88221154 0.24038462 0.01322115 0.01983173
0 0.94230769 0.31610577 0.01562500 0.01923077
0 0.87860577 0.28846154 0.00961538 0.01201923
0 0.86418269 0.34495192 0.01201923 0.02043269
0 0.85697115 0.36538462 0.00961538 0.02043269
0 0.84134615 0.37019231 0.01442308 0.02884615
0 0.82572115 0.41346154 0.01201923 0.02644231
0 0.86418269 0.43389423 0.00961538 0.02403846
0 0.89302885 0.38461538 0.00961538 0.01923077
0 0.90865385 0.42067308 0.01442308 0.02403846
0 0.97956731 0.37500000 0.01201923 0.01923077
0 0.99759615 0.40985577 0.00480769 0.02644231
0 0.95072115 0.46274038 0.01201923 0.02163462
0 0.92427885 0.50721154 0.00961538 0.02403846
0 0.95072115 0.56730769 0.01682692 0.02403846
0 0.70312500 0.78846154 0.03064904 0.03906250
0 0.72115385 0.67668269 0.02584135 0.05408654
0 0.81250000 0.94110577 0.02043269 0.03665865
0 0.92307692 0.84375000 0.01622596 0.03786058
0 0.78846154 0.68870192 0.02163462 0.04086538
0 0.80288462 0.73918269 0.02884615 0.04627404
0 0.69951923 0.62379808 0.02524038 0.05228365
0 0.90625000 0.71033654 0.01682692 0.04026442
0 0.78004808 0.78004808 0.01983173 0.04206731
0 0.90144231 0.68028846 0.02884615 0.05829327
0 0.90264423 0.64663462 0.02283654 0.06730769
0 0.89062500 0.91346154 0.01742788 0.03004808
0 0.77163462 0.92788462 0.03064904 0.06850962
