0 0.12500000 0.11658654 0.02764423 0.05408654
0 0.03004808 0.07331731 0.01742788 0.03605769
0 0.06850962 0.37259615 0.02163462 0.01442308
0 0.13461538 0.28365385 0.02223558 0.03966346
0 0.22956731 0.19831731 0.02584135 0.05949519
0 0.15384615 0.06610577 0.03064904 0.06069712
0 0.75360577 0.26081731 0.03185096 0.04987981
0 0.15384615 0.79086538 0.02884615 0.05168269
0 0.32211538 0.80528846 0.02103365 0.05288462
0 0.21153846 0.70673077 0.02163462 0.02884615
0 0.26201923 0.74519231 0.02163462 0.03846154
0 0.23076923 0.59615385 0.01923077 0.03004808
0 0.14182692 0.92067308 0.02884615 0.04987981
0 0.34615385 0.68509615 0.02884615 0.03485577
0 0.25240385 0.91105769 0.02403846 0.05288462
0 0.19591346 0.60456731 0.01742788 0.02764423
0 0.32451923 0.97956731 0.02283654 0.03725962
0 0.32331731 0.94230769 0.01622596 0.03365385
0 0.28004808 0.72235577 0.02103365 0.04146635
0 0.32451923 0.65625000 0.02403846 0.03906250
0 0.32692308 0.63581731 0.02884615 0.04447115
0 0.00961538 0.58173077 0.01742788 0.03846154
0 0.10937500 0.72596154 0.02283654 0.03485577
0 0.51442308 0.42067308 0.00961538 0.04807692
0 0.68149038 0.46274038 0.03665865 0.06490385
0 0.76442308 0.41105769 0.03425481 0.05528846
0 0.77043269 0.44831731 0.03725962 0.06971154
0 0.79086538 0.56610577 0.03485577 0.04086538
0 0.78125000 0.63822115 0.03665865 0.04326923
0 0.69230769 0.66947115 0.04927885 0.08353365
0 0.69471154 0.71033654 0.03004808 0.04807692
0 0.69711538 0.90024038 0.03725962 0.04747596
0 0.79447115 0.96514423 0.04807692 0.05408654
0 0.80528846 0.99158654 0.03365385 0.01682692
0 0.80408654 0.88461538 0.03545673 0.05048077
0 0.87980769 0.86658654 0.03365385 0.06550481
0 0.85576923 0.92307692 0.03365385 0.05288462
0 0.79086538 0.93269231 0.02163462 0.03966346
