0 0.12259615 0.00841346 0.02403846 0.01682692
0 0.14182692 0.19711538 0.02223558 0.03545673
0 0.09375000 0.28605769 0.02524038 0.03966346
0 0.05769231 0.03725962 0.02223558 0.03605769
0 0.27403846 0.00721154 0.02403846 0.01442308
0 0.23798077 0.20192308 0.02884615 0.04867788
0 0.07812500 0.09375000 0.03125000 0.03605769
0 0.06730769 0.20072115 0.02884615 0.04627404
0 0.13581731 0.03485577 0.02103365 0.03064904
0 0.24038462 0.06850962 0.03064904 0.03245192
0 0.95432692 0.11177885 0.02884615 0.03125000
0 0.17427885 0.55168269 0.01802885 0.03846154
0 0.30528846 0.37500000 0.01923077 0.01442308
0 0.42548077 0.44951923 0.01622596 0.02884615
0 0.34615385 0.47836538 0.01502404 0.03425481
0 0.28245192 0.44350962 0.01502404 0.03365385
0 0.24399038 0.58173077 0.02343750 0.03545673
0 0.23798077 0.54206731 0.02403846 0.04507212
0 0.22355769 0.60216346 0.01562500 0.03064904
0 0.26201923 0.55288462 0.01502404 0.03004808
0 0.28245192 0.56610577 0.03004808 0.04146635
0 0.31971154 0.57812500 0.02103365 0.03125000
0 0.36418269 0.56850962 0.01742788 0.02043269
0 0.39062500 0.48798077 0.02644231 0.04807692
0 0.34134615 0.67307692 0.01562500 0.03004808
0 0.36057692 0.62259615 0.02043269 0.04447115
0 0.34855769 0.73437500 0.01802885 0.02644231
0 0.44230769 0.51682692 0.01923077 0.02884615
0 0.43870192 0.48918269 0.02043269 0.03125000
0 0.24759615 0.75961538 0.02884615 0.03125000
0 0.43509615 0.70913462 0.03125000 0.03966346
0 0.26923077 0.50120192 0.02163462 0.03125000
0 0.71634615 0.78004808 0.01021635 0.01622596
0 0.71514423 0.77644231 0.00661058 0.01442308
0 0.70432692 0.76802885 0.00901442 0.01262019
0 0.78245192 0.79086538 0.00901442 0.02043269
0 0.84254808 0.78966346 0.01262019 0.01622596
0 0.85096154 0.78004808 0.01021635 0.01923077
0 0.84975962 0.81730769 0.01502404 0.02283654
0 0.82932692 0.65745192 0.01502404 0.02103365
0 0.86538462 0.70913462 0.01021635 0.02403846
0 0.94831731 0.67908654 0.01742788 0.02524038
0 0.99038462 0.63701923 0.01382212 0.02043269
0 0.99639423 0.63461538 0.00721154 0.01923077
0 0.93990385 0.60937500 0.01021635 0.02403846
0 0.94350962 0.54326923 0.01262019 0.01983173
0 0.94110577 0.51802885 0.01622596 0.02403846
0 0.86177885 0.56730769 0.01502404 0.02283654
0 0.85937500 0.49038462 0.02403846 0.03485577
0 0.78004808 0.46514423 0.01081731 0.01442308
0 0.78004808 0.50480769 0.00841346 0.02043269
0 0.87740385 0.41586538 0.01322115 0.02043269
0 0.89423077 0.41346154 0.01322115 0.02524038
0 0.82692308 0.79206731 0.00841346 0.01442308
0 0.98557692 0.70673077 0.01442308 0.01802885
0 0.78725962 0.81490385 0.00961538 0.02043269
0 0.80528846 0.81490385 0.01081731 0.02403846
