0 0.44951923 0.80168269 0.02403846 0.05649038
0 0.68509615 0.62620192 0.02644231 0.05889423
0 0.78245192 0.41826923 0.02524038 0.05769231
0 0.53245192 0.39302885 0.02403846 0.05649038
0 0.59855769 0.63942308 0.03004808 0.05528846
0 0.68389423 0.45312500 0.02524038 0.05168269
0 0.43870192 0.74038462 0.02403846 0.04687500
0 0.66346154 0.67067308 0.02403846 0.06250000
0 0.69591346 0.36418269 0.02764423 0.05048077
0 0.63461538 0.90625000 0.02764423 0.04326923
0 0.52524038 0.33653846 0.03485577 0.05528846
0 0.57692308 0.47596154 0.02403846 0.05528846
0 0.51201923 0.44350962 0.03004808 0.04326923
0 0.50841346 0.25360577 0.04326923 0.05769231
0 0.61298077 0.81129808 0.02403846 0.04807692
0 0.54687500 0.55889423 0.01923077 0.04086538
0 0.61778846 0.48437500 0.01923077 0.03125000
