0 0.37379808 0.70913462 0.02163462 0.02524038
0 0.35817308 0.69951923 0.01923077 0.02764423
0 0.41826923 0.04086538 0.02764423 0.05168269
0 0.42788462 0.41826923 0.03846154 0.05048077
0 0.56009615 0.39423077 0.03125000 0.04567308
0 0.21754808 0.19591346 0.02403846 0.04086538
0 0.43629808 0.15144231 0.03004808 0.04567308
0 0.35937500 0.40504808 0.02163462 0.03125000
0 0.39062500 0.66586538 0.02163462 0.02764423
0 0.50360577 0.34495192 0.03125000 0.04807692
0 0.45432692 0.19831731 0.03245192 0.07812500
0 0.31971154 0.40024038 0.01923077 0.03485577
0 0.33413462 0.18629808 0.02403846 0.05649038
0 0.56850962 0.35817308 0.03004808 0.05288462
0 0.52163462 0.50841346 0.02764423 0.04567308
0 0.30168269 0.16346154 0.02043269 0.03846154
0 0.32211538 0.14663462 0.02403846 0.04326923
0 0.47235577 0.22355769 0.02403846 0.03605769
