0 0.42788462 0.46274038 0.01562500 0.02403846
0 0.34254808 0.58293269 0.01562500 0.03125000
0 0.51682692 0.58413462 0.01923077 0.03485577
0 0.39423077 0.44471154 0.01682692 0.03004808
0 0.29807692 0.51081731 0.02163462 0.03125000
0 0.41586538 0.56370192 0.01682692 0.02764423
0 0.60697115 0.44471154 0.02403846 0.05168269
0 0.29567308 0.47836538 0.02163462 0.03245192
0 0.27644231 0.52163462 0.02524038 0.03125000
0 0.30288462 0.65865385 0.01682692 0.04807692
0 0.30528846 0.78966346 0.01562500 0.03245192
0 0.28725962 0.54687500 0.01562500 0.02403846
0 0.37139423 0.76201923 0.02043269 0.05048077
0 0.48677885 0.77163462 0.02644231 0.04687500
0 0.29687500 0.82692308 0.01682692 0.03725962
0 0.36057692 0.60817308 0.01682692 0.02764423
0 0.46514423 0.64062500 0.02163462 0.04567308
