0 0.35937500 0.61177885 0.03605769 0.01201923
0 0.50360577 0.27403846 0.03125000 0.06250000
0 0.25120192 0.22956731 0.02704327 0.05528846
0 0.27403846 0.29206731 0.02403846 0.05048077
0 0.46274038 0.55408654 0.02403846 0.04687500
0 0.26442308 0.40865385 0.02824519 0.04387019
0 0.48557692 0.37500000 0.03245192 0.05168269
0 0.36177885 0.37139423 0.03004808 0.05649038
0 0.51081731 0.45793269 0.01682692 0.04567308
0 0.30769231 0.45913462 0.02524038 0.03545673
0 0.33653846 0.32451923 0.02884615 0.05528846
0 0.49038462 0.34375000 0.03125000 0.05468750
0 0.33052885 0.51081731 0.03725962 0.07151442
0 0.76682692 0.22235577 0.04146635 0.05288462
0 0.80889423 0.17668269 0.03185096 0.04266827
0 0.90144231 0.41826923 0.03725962 0.06850962
0 0.84495192 0.14783654 0.04266827 0.04747596
0 0.81009615 0.60937500 0.03365385 0.01682692
0 0.70432692 0.29326923 0.04206731 0.05889423
0 0.76442308 0.54447115 0.03846154 0.05348558
0 0.73076923 0.48197115 0.03846154 0.06189904
0 0.53245192 0.21394231 0.02644231 0.06730769
0 0.53245192 0.17788462 0.02644231 0.05288462
0 0.86658654 0.02043269 0.03786058 0.03605769
0 0.80168269 0.44230769 0.03605769 0.03605769
0 0.77524038 0.34615385 0.02644231 0.04927885
0 0.86538462 0.38701923 0.02343750 0.03966346
0 0.88942308 0.55528846 0.02283654 0.05168269
0 0.70913462 0.59254808 0.02403846 0.04687500
0 0.23918269 0.78485577 0.01622596 0.05108173
0 0.31009615 0.83052885 0.02524038 0.03485577
0 0.33653846 0.90384615 0.04447115 0.06370192
0 0.35336538 0.87740385 0.01802885 0.02463942
0 0.34855769 0.70552885 0.01923077 0.02644231
0 0.36057692 0.71033654 0.01562500 0.03064904
0 0.46033654 0.63942308 0.02644231 0.04326923
