0 0.16346154 0.22115385 0.04507212 0.07512019
0 0.23076923 0.04927885 0.03004808 0.06129808
0 0.15625000 0.00841346 0.03365385 0.01682692
0 0.24399038 0.46754808 0.03605769 0.04086538
0 0.98798077 0.36778846 0.02403846 0.05769231
0 0.98317308 0.31129808 0.03365385 0.05528846
0 0.96995192 0.41947115 0.03185096 0.04507212
0 0.96754808 0.22956731 0.05108173 0.06250000
0 0.53605769 0.67668269 0.01442308 0.02403846
0 0.49639423 0.62500000 0.01802885 0.02944712
0 0.46634615 0.49158654 0.01442308 0.00721154
0 0.47355769 0.49879808 0.01021635 0.01442308
0 0.47956731 0.50841346 0.01562500 0.01742788
0 0.40745192 0.63461538 0.01081731 0.02403846
0 0.30889423 0.52403846 0.02524038 0.01802885
0 0.27403846 0.87980769 0.01382212 0.03245192
0 0.42067308 0.78004808 0.01442308 0.01923077
0 0.55288462 0.83533654 0.01201923 0.02403846
0 0.46754808 0.86177885 0.01742788 0.02103365
0 0.40504808 0.83533654 0.00961538 0.01201923
0 0.39783654 0.90024038 0.01322115 0.02103365
0 0.38461538 0.91706731 0.01141827 0.02403846
0 0.36658654 0.92307692 0.01862981 0.03365385
0 0.35216346 0.96634615 0.01562500 0.02884615
0 0.38461538 0.98076923 0.00961538 0.02403846
0 0.41586538 0.93990385 0.02524038 0.03125000
0 0.44471154 0.97355769 0.02043269 0.04206731
0 0.48557692 0.93870192 0.01201923 0.01923077
0 0.52283654 0.91826923 0.01923077 0.03125000
0 0.56730769 0.89423077 0.01201923 0.01923077
0 0.55528846 0.92307692 0.01201923 0.02043269
0 0.40865385 0.60576923 0.01081731 0.02043269
0 0.99158654 0.57091346 0.01682692 0.03125000
0 0.92067308 0.54927885 0.01201923 0.03064904
0 0.80288462 0.84495192 0.01021635 0.03185096
0 0.93870192 0.68629808 0.01802885 0.04026442
0 0.97956731 0.78725962 0.01983173 0.03665865
0 0.91586538 0.75240385 0.01322115 0.02884615
0 0.90504808 0.81009615 0.01802885 0.02944712
0 0.87259615 0.84975962 0.02283654 0.04146635
0 0.86177885 0.90264423 0.01442308 0.02884615
0 0.87980769 0.89783654 0.01682692 0.03545673
0 0.91947115 0.86899038 0.02884615 0.04146635
0 0.95312500 0.88581731 0.02343750 0.03004808
0 0.98918269 0.86538462 0.02163462 0.02884615
0 0.99158654 0.92788462 0.01682692 0.02884615
0 0.96754808 0.97956731 0.02163462 0.04086538
0 0.89543269 0.84735577 0.01201923 0.02644231
