0 0.05528846 0.07091346 0.01923077 0.03125000
0 0.12259615 0.39302885 0.03004808 0.04987981
0 0.24399038 0.04927885 0.02403846 0.05108173
0 0.15625000 0.20072115 0.01862981 0.03846154
0 0.05408654 0.17788462 0.01983173 0.03004808
0 0.02163462 0.04807692 0.02103365 0.03605769
0 0.00961538 0.38942308 0.01923077 0.05769231
0 0.10336538 0.26802885 0.02163462 0.04206731
0 0.15384615 0.70432692 0.02644231 0.03545673
0 0.40625000 0.57692308 0.01983173 0.03305288
0 0.32331731 0.61298077 0.02764423 0.03966346
0 0.25480769 0.56009615 0.01442308 0.02403846
0 0.24158654 0.68028846 0.01562500 0.03846154
0 0.20913462 0.66706731 0.02584135 0.04206731
0 0.19591346 0.74038462 0.01262019 0.02884615
0 0.21875000 0.71274038 0.02043269 0.03305288
0 0.25360577 0.68028846 0.01622596 0.03786058
0 0.29206731 0.70793269 0.02704327 0.03846154
0 0.34254808 0.68750000 0.02584135 0.03906250
0 0.36057692 0.60216346 0.02764423 0.04927885
0 0.32451923 0.80408654 0.01923077 0.03365385
0 0.34134615 0.75721154 0.01923077 0.03846154
0 0.32692308 0.87860577 0.01923077 0.02884615
0 0.41826923 0.61298077 0.02163462 0.03245192
0 0.22836538 0.90024038 0.02884615 0.03245192
0 0.42427885 0.85096154 0.01923077 0.03846154
0 0.24639423 0.60697115 0.02283654 0.03245192
0 0.41466346 0.64783654 0.01322115 0.02884615
0 0.43149038 0.63221154 0.01322115 0.02163462
0 0.66346154 0.62379808 0.04206731 0.06790865
0 0.65625000 0.81610577 0.05048077 0.08293269
0 0.65384615 0.87620192 0.03786058 0.07031250
0 0.83533654 0.55769231 0.02163462 0.01923077
