0 0.07692308 0.34375000 0.02644231 0.04326923
0 0.18629808 0.46153846 0.02043269 0.03245192
0 0.51081731 0.76802885 0.02403846 0.06730769
0 0.34134615 0.73197115 0.03725962 0.04326923
0 0.50120192 0.50120192 0.01923077 0.03125000
0 0.20793269 0.46754808 0.02524038 0.03725962
0 0.25360577 0.68629808 0.02163462 0.03125000
0 0.33533654 0.46634615 0.03125000 0.05889423
0 0.29927885 0.39302885 0.01682692 0.03485577
0 0.44230769 0.62139423 0.03004808 0.05889423
0 0.40745192 0.68389423 0.01923077 0.03485577
0 0.46274038 0.36418269 0.03605769 0.05168269
0 0.41826923 0.44110577 0.02644231 0.04326923
0 0.45312500 0.34495192 0.03125000 0.04687500
0 0.08173077 0.07692308 0.02764423 0.04086538
0 0.04927885 0.05048077 0.03125000 0.04326923
0 0.07932692 0.38341346 0.02764423 0.03846154
0 0.06370192 0.36057692 0.01081731 0.02644231
0 0.35937500 0.46634615 0.02403846 0.03605769
0 0.55168269 0.82572115 0.01562500 0.02764423
0 0.56129808 0.81370192 0.01442308 0.02524038
0 0.14062500 0.65745192 0.02043269 0.03605769
0 0.14783654 0.69711538 0.02163462 0.03605769
0 0.20072115 0.80288462 0.02043269 0.03605769
