0 0.33774038 0.26442308 0.03004808 0.03846154
0 0.35576923 0.15264423 0.02043269 0.05288462
0 0.44591346 0.41586538 0.01682692 0.03485577
0 0.55528846 0.31850962 0.01562500 0.03725962
0 0.33413462 0.50120192 0.02524038 0.05769231
0 0.42187500 0.16586538 0.01923077 0.04086538
0 0.43629808 0.21514423 0.02764423 0.04687500
0 0.33413462 0.10096154 0.02163462 0.05168269
0 0.53846154 0.18629808 0.01682692 0.03846154
0 0.41346154 0.25600962 0.01562500 0.04086538
0 0.53485577 0.15745192 0.02403846 0.05649038
0 0.53605769 0.12379808 0.02163462 0.06730769
0 0.42788462 0.57812500 0.02403846 0.04326923
0 0.52403846 0.38942308 0.01562500 0.03125000
0 0.40504808 0.40264423 0.02524038 0.06730769
0 0.49639423 0.70673077 0.02524038 0.04086538
