0 0.33173077 0.30528846 0.03064904 0.05709135
0 0.22716346 0.07812500 0.01802885 0.02704327
0 0.12259615 0.23197115 0.02824519 0.04627404
0 0.16225962 0.08293269 0.02584135 0.04507212
0 0.14903846 0.20552885 0.02644231 0.05649038
0 0.39663462 0.14663462 0.03245192 0.05108173
0 0.21394231 0.23918269 0.02343750 0.05588942
0 0.21394231 0.04086538 0.02043269 0.03485577
0 0.31009615 0.05528846 0.02103365 0.02944712
0 0.33173077 0.18750000 0.02824519 0.05528846
0 0.65144231 0.38942308 0.02884615 0.04867788
0 0.56850962 0.32692308 0.02764423 0.04447115
0 0.55168269 0.42427885 0.02103365 0.04026442
0 0.45552885 0.45552885 0.01201923 0.02644231
0 0.43149038 0.76562500 0.03064904 0.04627404
0 0.43629808 0.62860577 0.02644231 0.03125000
0 0.29567308 0.90865385 0.03004808 0.04987981
0 0.34735577 0.82091346 0.04987981 0.05588942
0 0.39062500 0.77764423 0.01682692 0.02644231
0 0.12620192 0.81490385 0.03966346 0.06550481
0 0.10937500 0.86418269 0.04507212 0.06009615
0 0.36778846 0.99639423 0.01923077 0.00721154
0 0.80528846 0.62259615 0.01562500 0.02944712
0 0.77163462 0.58894231 0.01983173 0.03425481
0 0.69230769 0.56370192 0.01622596 0.03064904
0 0.57091346 0.87740385 0.01502404 0.03485577
0 0.71514423 0.70192308 0.02463942 0.04026442
0 0.83894231 0.78365385 0.01562500 0.02944712
0 0.75721154 0.81370192 0.01923077 0.03725962
0 0.68870192 0.77043269 0.01502404 0.03064904
0 0.66826923 0.87500000 0.01983173 0.03004808
0 0.64302885 0.88100962 0.02824519 0.04747596
0 0.63221154 0.93750000 0.01562500 0.02944712
0 0.64903846 0.93389423 0.01983173 0.03365385
0 0.69230769 0.90264423 0.02764423 0.04206731
0 0.73076923 0.91947115 0.02163462 0.03004808
0 0.77163462 0.89903846 0.02644231 0.03125000
0 0.80528846 0.82932692 0.02644231 0.04447115
0 0.77043269 0.96153846 0.01802885 0.03004808
0 0.85576923 0.85817308 0.02043269 0.02764423
0 0.85456731 0.82812500 0.01682692 0.02644231
0 0.67668269 0.84014423 0.02283654 0.03365385
