0 0.36538462 0.49639423 0.03125000 0.02163462
0 0.52043269 0.76682692 0.01923077 0.03125000
0 0.41346154 0.39903846 0.02644231 0.04206731
0 0.53125000 0.61177885 0.03125000 0.07812500
0 0.34495192 0.80408654 0.01923077 0.03725962
0 0.48317308 0.34495192 0.03485577 0.04687500
0 0.34134615 0.27043269 0.02043269 0.05168269
0 0.50240385 0.69471154 0.02524038 0.03846154
0 0.24278846 0.40745192 0.02644231 0.04807692
0 0.60456731 0.81129808 0.03004808 0.03605769
0 0.59495192 0.60937500 0.02524038 0.05048077
0 0.48437500 0.39182692 0.03125000 0.05168269
0 0.56129808 0.19350962 0.04086538 0.04567308
0 0.56009615 0.51442308 0.03125000 0.05889423
0 0.54326923 0.29567308 0.03245192 0.05528846
0 0.61538462 0.46274038 0.02644231 0.06850962
