0 0.28004808 0.59495192 0.03064904 0.06189904
0 0.37019231 0.14903846 0.02463942 0.06189904
0 0.26802885 0.52884615 0.02944712 0.05348558
0 0.36418269 0.08653846 0.04026442 0.06129808
0 0.41105769 0.23918269 0.01442308 0.06009615
0 0.34855769 0.20312500 0.03425481 0.04807692
0 0.34375000 0.01322115 0.04807692 0.02644231
0 0.38701923 0.33052885 0.02463942 0.04627404
0 0.42307692 0.21033654 0.00961538 0.04086538
0 0.56250000 0.18629808 0.04146635 0.07331731
0 0.55889423 0.26802885 0.03185096 0.06911058
0 0.48798077 0.59375000 0.04326923 0.05048077
0 0.43990385 0.56610577 0.03906250 0.05228365
0 0.78004808 0.00721154 0.02163462 0.01442308
0 0.12980769 0.86538462 0.01382212 0.02824519
0 0.09014423 0.81850962 0.02343750 0.03725962
0 0.06730769 0.65144231 0.00901442 0.01923077
0 0.06490385 0.65745192 0.01382212 0.01622596
0 0.07091346 0.66826923 0.01201923 0.01502404
0 0.07932692 0.67908654 0.01622596 0.01682692
0 0.00240385 0.81730769 0.00480769 0.02884615
0 0.01682692 0.96754808 0.01622596 0.02524038
0 0.00480769 0.78245192 0.00961538 0.02163462
0 0.71033654 0.75240385 0.03725962 0.05048077
0 0.70192308 0.91466346 0.03966346 0.04146635
0 0.60096154 0.81009615 0.04687500 0.05348558
0 0.59134615 0.87019231 0.03786058 0.05588942
0 0.58533654 0.74158654 0.03605769 0.05048077
0 0.51682692 0.71153846 0.04326923 0.07451923
0 0.53605769 0.77524038 0.03605769 0.05588942
0 0.52043269 0.88701923 0.04086538 0.07211538
0 0.60576923 0.78245192 0.02403846 0.03966346
