0 0.64423077 0.25961538 0.02764423 0.04387019
0 0.16105769 0.37740385 0.01442308 0.01923077
0 0.03605769 0.44230769 0.02043269 0.03485577
0 0.01802885 0.38942308 0.02163462 0.04326923
0 0.03125000 0.51562500 0.02043269 0.03004808
0 0.13341346 0.53725962 0.03125000 0.03605769
0 0.84375000 0.40865385 0.03365385 0.06370192
0 0.94230769 0.37980769 0.02403846 0.02403846
0 0.98317308 0.49879808 0.03365385 0.05048077
0 0.96875000 0.60336538 0.03906250 0.04627404
0 0.85336538 0.60336538 0.04387019 0.08173077
0 0.86177885 0.65384615 0.03605769 0.06790865
0 0.86778846 0.89302885 0.04567308 0.04867788
0 0.98557692 0.88942308 0.02884615 0.05769231
0 0.97956731 0.98918269 0.03605769 0.02163462
0 0.98918269 0.94831731 0.02163462 0.05048077
0 0.96394231 0.88461538 0.02283654 0.04206731
