0 0.23557692 0.45432692 0.04026442 0.04507212
0 0.45552885 0.55769231 0.02644231 0.04326923
0 0.11418269 0.31009615 0.03425481 0.05528846
0 0.41826923 0.27403846 0.02343750 0.03906250
0 0.04326923 0.39903846 0.03425481 0.05588942
0 0.21634615 0.07812500 0.02463942 0.04807692
0 0.29206731 0.25841346 0.02644231 0.04567308
0 0.15024038 0.49639423 0.02644231 0.04326923
0 0.18509615 0.48798077 0.02403846 0.03365385
0 0.37019231 0.10336538 0.03004808 0.07271635
0 0.39182692 0.12860577 0.02283654 0.04146635
0 0.19110577 0.54447115 0.02884615 0.04627404
0 0.35216346 0.44110577 0.02343750 0.03485577
0 0.40264423 0.43149038 0.02223558 0.03665865
0 0.34855769 0.21514423 0.03725962 0.04807692
0 0.21634615 0.13221154 0.02463942 0.05168269
0 0.26682692 0.24639423 0.03545673 0.04747596
0 0.11418269 0.20192308 0.02824519 0.03906250
0 0.10456731 0.16225962 0.02043269 0.03665865
0 0.09375000 0.26201923 0.01742788 0.04266827
0 0.10576923 0.23437500 0.02524038 0.03064904
0 0.06370192 0.53605769 0.02403846 0.04387019
0 0.05528846 0.46754808 0.02764423 0.04206731
0 0.93149038 0.46274038 0.04567308 0.06971154
0 0.58774038 0.42788462 0.02584135 0.04447115
0 0.76682692 0.57451923 0.02884615 0.00961538
0 0.76802885 0.24278846 0.01802885 0.04747596
0 0.77403846 0.24038462 0.01442308 0.04747596
0 0.50120192 0.95673077 0.01923077 0.03485577
0 0.45552885 0.99038462 0.01682692 0.01923077
0 0.49038462 0.92788462 0.02463942 0.04387019
0 0.36778846 0.64423077 0.02764423 0.05829327
0 0.44831731 0.95192308 0.02764423 0.05348558
0 0.43990385 0.74759615 0.02283654 0.03786058
0 0.49639423 0.87980769 0.01923077 0.03365385
0 0.43269231 0.79927885 0.02103365 0.03846154
0 0.24519231 0.80048077 0.02584135 0.05709135
