0 0.05288462 0.00841346 0.02403846 0.01682692
0 0.06971154 0.13100962 0.03064904 0.05168269
0 0.28725962 0.05769231 0.02944712 0.06670673
0 0.29086538 0.26562500 0.01862981 0.02644231
0 0.34375000 0.10576923 0.03605769 0.06971154
0 0.15264423 0.01081731 0.02644231 0.02163462
0 0.41947115 0.42307692 0.02884615 0.04987981
0 0.40024038 0.41826923 0.03004808 0.05048077
0 0.10456731 0.34495192 0.02343750 0.03605769
0 0.16105769 0.27403846 0.03425481 0.04447115
0 0.05168269 0.06250000 0.01923077 0.05829327
0 0.34375000 0.27163462 0.01562500 0.03485577
0 0.31971154 0.01081731 0.02884615 0.02163462
0 0.13581731 0.34014423 0.02403846 0.03305288
0 0.31009615 0.01442308 0.04807692 0.02884615
0 0.44831731 0.41947115 0.01983173 0.03665865
0 0.22956731 0.09014423 0.02884615 0.05168269
0 0.02884615 0.08413462 0.01862981 0.04447115
0 0.12740385 0.37740385 0.03365385 0.04266827
0 0.20673077 0.08653846 0.02884615 0.05228365
0 0.00721154 0.29086538 0.01442308 0.03846154
0 0.04326923 0.70913462 0.02043269 0.03365385
0 0.03485577 0.98798077 0.04567308 0.02403846
0 0.52403846 0.62980769 0.03485577 0.05528846
0 0.06129808 0.75240385 0.02343750 0.02884615
0 0.09134615 0.85697115 0.02644231 0.04567308
0 0.11538462 0.77524038 0.02103365 0.03786058
0 0.15024038 0.92427885 0.03725962 0.04567308
0 0.16466346 0.84975962 0.02524038 0.05468750
0 0.02524038 0.79807692 0.01262019 0.02283654
0 0.03725962 0.78245192 0.01682692 0.02223558
0 0.04326923 0.83052885 0.03365385 0.04326923
0 0.19591346 0.60937500 0.01682692 0.03846154
0 0.20432692 0.62139423 0.01562500 0.02343750
0 0.65024038 0.77403846 0.01382212 0.03305288
0 0.98557692 0.91586538 0.02884615 0.06250000
0 0.75120192 0.79687500 0.03365385 0.04747596
0 0.67548077 0.71875000 0.02043269 0.04206731
0 0.77884615 0.86899038 0.01923077 0.03665865
0 0.92427885 0.70432692 0.01682692 0.03485577
0 0.93509615 0.67788462 0.02163462 0.04086538
0 0.63581731 0.68990385 0.02944712 0.04987981
0 0.74278846 0.57451923 0.03846154 0.05288462
0 0.65865385 0.57812500 0.02824519 0.04567308
0 0.82812500 0.79687500 0.03725962 0.04807692
0 0.71274038 0.97475962 0.04086538 0.05048077
0 0.78125000 0.63461538 0.03365385 0.03846154
0 0.68870192 0.69831731 0.03125000 0.04206731
0 0.77764423 0.65985577 0.02163462 0.02884615
0 0.87379808 0.84975962 0.01802885 0.03365385
0 0.89663462 0.79687500 0.02283654 0.05048077
0 0.91826923 0.78125000 0.02163462 0.04326923
