0 0.44110577 0.38701923 0.02343750 0.03906250
0 0.48677885 0.21634615 0.02644231 0.07211538
0 0.46754808 0.24278846 0.02403846 0.04387019
0 0.49639423 0.32812500 0.00721154 0.04567308
0 0.60096154 0.26562500 0.02884615 0.03846154
0 0.63822115 0.26201923 0.02884615 0.05709135
0 0.74158654 0.01682692 0.03125000 0.03365385
0 0.57932692 0.28966346 0.02884615 0.03365385
0 0.64423077 0.01201923 0.02403846 0.02403846
0 0.50721154 0.29927885 0.01442308 0.04086538
0 0.54447115 0.28846154 0.01862981 0.02043269
0 0.57211538 0.42668269 0.01983173 0.03064904
0 0.83653846 0.92427885 0.02463942 0.04326923
0 0.52524038 0.88221154 0.02403846 0.04447115
0 0.81850962 0.94711538 0.01262019 0.03846154
