0 0.22596154 0.34975962 0.04086538 0.05528846
0 0.18509615 0.41586538 0.04807692 0.05168269
0 0.23677885 0.42908654 0.04206731 0.04206731
0 0.29807692 0.47836538 0.03846154 0.07211538
0 0.22716346 0.54086538 0.03125000 0.05048077
0 0.26081731 0.55048077 0.03245192 0.03605769
0 0.26923077 0.78004808 0.04206731 0.05168269
0 0.40384615 0.92548077 0.03125000 0.04206731
0 0.33774038 0.59975962 0.02764423 0.05769231
0 0.37860577 0.49639423 0.02403846 0.05168269
0 0.40625000 0.49639423 0.03125000 0.07211538
0 0.39423077 0.38341346 0.03004808 0.05048077
0 0.38461538 0.37139423 0.03245192 0.04086538
0 0.31971154 0.36778846 0.02163462 0.05769231
0 0.40625000 0.24639423 0.04687500 0.09495192
0 0.44831731 0.24879808 0.03004808 0.06610577
0 0.48076923 0.32451923 0.03846154 0.07331731
0 0.60817308 0.36177885 0.02043269 0.04326923
0 0.60216346 0.41225962 0.02524038 0.04687500
0 0.64182692 0.26682692 0.04086538 0.07211538
