0 0.09014423 0.32692308 0.01923077 0.03725962
0 0.31730769 0.67067308 0.03485577 0.03846154
0 0.52163462 0.77403846 0.02524038 0.04807692
0 0.20432692 0.53725962 0.02764423 0.05168269
0 0.48677885 0.50360577 0.01923077 0.03485577
0 0.55649038 0.80288462 0.02524038 0.04567308
0 0.03365385 0.02524038 0.03245192 0.04086538
0 0.13701923 0.61899038 0.02764423 0.05048077
0 0.29807692 0.32091346 0.02403846 0.04567308
0 0.36899038 0.48918269 0.02524038 0.04206731
0 0.06250000 0.06129808 0.02764423 0.04687500
0 0.23798077 0.71153846 0.02524038 0.04086538
0 0.26923077 0.70312500 0.02163462 0.03125000
0 0.44230769 0.34495192 0.02524038 0.06610577
0 0.46153846 0.36778846 0.02043269 0.03846154
0 0.27524038 0.75600962 0.02644231 0.04326923
0 0.42548077 0.65985577 0.01923077 0.03125000
0 0.47235577 0.65024038 0.01923077 0.03485577
0 0.42187500 0.44951923 0.03125000 0.04206731
0 0.29927885 0.37139423 0.02403846 0.04687500
0 0.58173077 0.80168269 0.01682692 0.03125000
0 0.34495192 0.47716346 0.03245192 0.04326923
0 0.08413462 0.39543269 0.01201923 0.02644231
0 0.20312500 0.43629808 0.02403846 0.03485577
0 0.19471154 0.40024038 0.01562500 0.03245192
0 0.18509615 0.49278846 0.01442308 0.03846154
0 0.19471154 0.46754808 0.02524038 0.02764423
0 0.15625000 0.74759615 0.02043269 0.03846154
0 0.14903846 0.68389423 0.02163462 0.03725962
