0 0.00841346 0.26442308 0.01682692 0.05769231
0 0.03485577 0.26682692 0.03906250 0.07932692
0 0.02163462 0.14062500 0.03545673 0.05649038
0 0.01442308 0.12740385 0.02884615 0.04326923
0 0.03365385 0.02163462 0.06250000 0.04326923
0 0.08052885 0.01322115 0.03605769 0.02644231
0 0.11778846 0.07572115 0.04807692 0.08293269
0 0.25841346 0.11658654 0.02704327 0.04927885
0 0.25120192 0.17187500 0.03185096 0.05228365
0 0.29447115 0.02524038 0.04567308 0.05048077
0 0.11778846 0.56129808 0.01442308 0.00721154
0 0.19711538 0.56971154 0.02884615 0.02403846
0 0.18509615 0.61538462 0.01742788 0.03245192
0 0.20552885 0.60817308 0.02043269 0.03846154
0 0.25000000 0.57331731 0.02884615 0.03125000
0 0.28605769 0.59855769 0.02223558 0.03004808
0 0.32812500 0.57451923 0.03125000 0.03365385
0 0.33052885 0.64663462 0.01923077 0.03125000
0 0.30168269 0.70072115 0.02043269 0.03966346
0 0.30889423 0.78125000 0.01923077 0.02884615
0 0.20072115 0.78846154 0.03125000 0.03485577
0 0.40865385 0.73798077 0.03846154 0.04687500
0 0.22115385 0.56370192 0.01442308 0.01201923
0 0.62019231 0.56490385 0.03846154 0.01442308
0 0.63100962 0.61658654 0.02944712 0.06129808
0 0.57932692 0.92908654 0.05408654 0.05889423
0 0.51201923 0.88942308 0.04266827 0.05649038
