0 0.11658654 0.01081731 0.03125000 0.02163462
0 0.12139423 0.19471154 0.01862981 0.02584135
0 0.17427885 0.03725962 0.03605769 0.07031250
0 0.22716346 0.34375000 0.02163462 0.04807692
0 0.00480769 0.20192308 0.00961538 0.04326923
0 0.17427885 0.19951923 0.01742788 0.03425481
0 0.05889423 0.02283654 0.02644231 0.04567308
0 0.03725962 0.02163462 0.03125000 0.04326923
0 0.60336538 0.18990385 0.03245192 0.02463942
0 0.19350962 0.73918269 0.04026442 0.04867788
0 0.16346154 0.64663462 0.02584135 0.05348558
0 0.11057692 0.86057692 0.01862981 0.03786058
0 0.12500000 0.73197115 0.02644231 0.03305288
0 0.20913462 0.89663462 0.01923077 0.03425481
0 0.05408654 0.73677885 0.02764423 0.05408654
0 0.19471154 0.93389423 0.01802885 0.04026442
0 0.13701923 0.61057692 0.02584135 0.04747596
0 0.21514423 0.92427885 0.01562500 0.02524038
0 0.67788462 0.81490385 0.01322115 0.01862981
0 0.69230769 0.69350962 0.00721154 0.02163462
0 0.93629808 0.80649038 0.01442308 0.02103365
