0 0.29567308 0.20673077 0.02343750 0.04026442
0 0.26442308 0.27764423 0.02463942 0.04807692
0 0.31610577 0.04927885 0.00721154 0.03125000
0 0.24399038 0.29927885 0.02103365 0.03846154
0 0.18389423 0.38461538 0.03125000 0.00961538
0 0.70192308 0.23437500 0.02764423 0.04447115
0 0.89062500 0.24399038 0.02463942 0.03305288
0 0.64663462 0.26322115 0.01622596 0.05288462
0 0.33894231 0.37740385 0.03365385 0.02403846
0 0.44230769 0.33293269 0.03906250 0.04146635
0 0.98317308 0.27524038 0.02884615 0.04146635
0 0.29447115 0.56490385 0.05048077 0.04326923
0 0.32572115 0.88822115 0.01201923 0.05048077
0 0.64663462 0.98317308 0.02884615 0.03365385
0 0.69110577 0.93269231 0.02403846 0.04807692
0 0.96274038 0.92908654 0.02944712 0.03425481
0 0.86298077 0.98076923 0.03846154 0.02343750
0 0.85937500 0.94230769 0.03846154 0.02463942
0 0.35456731 0.70673077 0.02944712 0.04987981
0 0.36057692 0.57451923 0.01983173 0.03064904
