0 0.50480769 0.31610577 0.02884615 0.05649038
0 0.46634615 0.20432692 0.02944712 0.05829327
0 0.31730769 0.31250000 0.02644231 0.04086538
0 0.26682692 0.33653846 0.02884615 0.04326923
0 0.62139423 0.17067308 0.01682692 0.04326923
0 0.27884615 0.24759615 0.02463942 0.04206731
0 0.53125000 0.29687500 0.02463942 0.04627404
0 0.59975962 0.28004808 0.02764423 0.04687500
0 0.62740385 0.18750000 0.00480769 0.04326923
0 0.47716346 0.32572115 0.02524038 0.03485577
0 0.38461538 0.32932692 0.01562500 0.03425481
0 0.37139423 0.32211538 0.01622596 0.03004808
0 0.29206731 0.21274038 0.02043269 0.02283654
0 0.53846154 0.83894231 0.02644231 0.02644231
0 0.75120192 0.44110577 0.02524038 0.03485577
0 0.64663462 0.51682692 0.03365385 0.06250000
0 0.68149038 0.67908654 0.02944712 0.05228365
0 0.73918269 0.72596154 0.02584135 0.04567308
0 0.68269231 0.59975962 0.02764423 0.04206731
0 0.76802885 0.39663462 0.04086538 0.05649038
0 0.79687500 0.58293269 0.03125000 0.04507212
0 0.80649038 0.54206731 0.03846154 0.05288462
0 0.81370192 0.39423077 0.03425481 0.05468750
0 0.86298077 0.37500000 0.02884615 0.03365385
0 0.90865385 0.39423077 0.04567308 0.05468750
0 0.80408654 0.45192308 0.03485577 0.04447115
0 0.90024038 0.43149038 0.03485577 0.04567308
0 0.82211538 0.61658654 0.05709135 0.08774038
0 0.72716346 0.48677885 0.04747596 0.07512019
