0 0.56129808 0.81370192 0.01562500 0.03605769
0 0.41706731 0.67908654 0.01923077 0.03485577
0 0.35817308 0.47355769 0.01923077 0.03605769
0 0.07091346 0.06610577 0.02764423 0.04687500
0 0.45673077 0.64062500 0.03846154 0.06370192
0 0.29927885 0.36057692 0.02163462 0.04807692
0 0.42067308 0.44110577 0.02644231 0.03846154
0 0.44711538 0.34495192 0.02163462 0.04687500
0 0.24639423 0.68028846 0.03605769 0.04687500
0 0.20673077 0.48557692 0.02043269 0.04086538
0 0.33413462 0.46514423 0.03125000 0.06370192
0 0.13701923 0.64182692 0.02644231 0.04807692
0 0.18629808 0.78245192 0.01682692 0.03125000
0 0.49399038 0.50600962 0.02644231 0.04326923
0 0.04206731 0.04687500 0.02764423 0.04567308
0 0.33533654 0.70192308 0.02403846 0.04687500
0 0.49519231 0.75360577 0.02524038 0.05048077
0 0.07932692 0.33413462 0.02163462 0.03846154
0 0.06971154 0.35817308 0.01562500 0.03125000
0 0.08052885 0.38822115 0.02524038 0.03004808
0 0.18629808 0.39423077 0.01682692 0.02524038
0 0.18629808 0.43149038 0.02524038 0.05889423
0 0.17788462 0.46514423 0.01923077 0.04086538
0 0.46514423 0.36298077 0.02043269 0.03485577
0 0.26442308 0.72115385 0.01682692 0.03245192
0 0.14663462 0.70072115 0.01682692 0.03485577
0 0.48918269 0.76682692 0.01923077 0.03605769
