0 0.23557692 0.37620192 0.04086538 0.05048077
0 0.50841346 0.29687500 0.02704327 0.05108173
0 0.26562500 0.28125000 0.03004808 0.05829327
0 0.52283654 0.44230769 0.02403846 0.04086538
0 0.62620192 0.37620192 0.02584135 0.06069712
0 0.63822115 0.26923077 0.02163462 0.04326923
0 0.50721154 0.41105769 0.01923077 0.04447115
0 0.61899038 0.21033654 0.02944712 0.05108173
0 0.58413462 0.38461538 0.02524038 0.04387019
0 0.61778846 0.46274038 0.03004808 0.05108173
0 0.31971154 0.49038462 0.01923077 0.01923077
0 0.30649038 0.37019231 0.02584135 0.03305288
0 0.37980769 0.37379808 0.02704327 0.05468750
0 0.49038462 0.18990385 0.02043269 0.04867788
0 0.49639423 0.37259615 0.02403846 0.04567308
0 0.49399038 0.28966346 0.02764423 0.06069712
0 0.29326923 0.24519231 0.03245192 0.05048077
0 0.60096154 0.14783654 0.02884615 0.04567308
0 0.61899038 0.13221154 0.02343750 0.03425481
0 0.65024038 0.12139423 0.02463942 0.04026442
0 0.51802885 0.18750000 0.03004808 0.03966346
0 0.94110577 0.32331731 0.02944712 0.04146635
0 0.99759615 0.37500000 0.00480769 0.03365385
0 0.90504808 0.46033654 0.02884615 0.04206731
0 0.94230769 0.44951923 0.02764423 0.04567308
0 0.97355769 0.49038462 0.03365385 0.01923077
0 0.96274038 0.37019231 0.01742788 0.03305288
0 0.24519231 0.86418269 0.02704327 0.04627404
0 0.54326923 0.99278846 0.02403846 0.01442308
0 0.47355769 0.90024038 0.02163462 0.05468750
0 0.57211538 0.96274038 0.03125000 0.05288462
0 0.25961538 0.97836538 0.02764423 0.03725962
0 0.43629808 0.81730769 0.03966346 0.05949519
0 0.45793269 0.79206731 0.03185096 0.05588942
0 0.59014423 0.82211538 0.02644231 0.04326923
0 0.45673077 0.90985577 0.02463942 0.05288462
0 0.21875000 0.89423077 0.02824519 0.04987981
0 0.67668269 0.50841346 0.02644231 0.01682692
0 0.20072115 0.98437500 0.04086538 0.03125000
0 0.58173077 0.75000000 0.02283654 0.04026442
0 0.56009615 0.76201923 0.02764423 0.04807692
0 0.44951923 0.97836538 0.02403846 0.03125000
0 0.33293269 0.99038462 0.01682692 0.01923077
0 0.33293269 0.96875000 0.02103365 0.03966346
0 0.84615385 0.78485577 0.02704327 0.03966346
