0 0.34735577 0.14182692 0.03064904 0.05288462
0 0.24399038 0.23798077 0.03004808 0.05829327
0 0.25961538 0.08533654 0.03485577 0.05228365
0 0.22235577 0.05288462 0.02824519 0.04687500
0 0.29927885 0.31250000 0.02283654 0.03004808
0 0.37019231 0.10216346 0.03305288 0.05528846
0 0.35336538 0.05769231 0.02584135 0.05769231
0 0.25360577 0.16586538 0.03004808 0.04867788
0 0.35817308 0.20793269 0.02343750 0.03665865
0 0.38822115 0.39423077 0.01802885 0.03906250
0 0.39783654 0.37740385 0.02043269 0.03004808
0 0.39543269 0.38942308 0.02163462 0.04687500
0 0.33173077 0.02283654 0.02163462 0.03305288
0 0.47115385 0.13461538 0.01442308 0.03846154
0 0.47475962 0.10576923 0.00721154 0.03846154
0 0.99158654 0.01442308 0.01682692 0.02884615
0 0.89302885 0.07692308 0.02524038 0.04266827
0 0.98076923 0.11418269 0.02403846 0.03185096
0 0.97355769 0.33653846 0.02283654 0.03365385
0 0.96153846 0.29326923 0.04026442 0.05288462
0 0.91105769 0.48557692 0.03906250 0.04447115
0 0.91346154 0.47115385 0.03966346 0.05649038
0 0.89182692 0.30288462 0.03245192 0.04987981
0 0.83413462 0.30408654 0.02644231 0.03665865
0 0.79086538 0.29927885 0.04387019 0.05468750
0 0.90504808 0.35697115 0.03906250 0.04747596
0 0.80288462 0.34014423 0.03605769 0.04387019
0 0.61177885 0.17788462 0.03725962 0.04567308
0 0.88581731 0.52524038 0.04927885 0.08293269
0 0.98557692 0.39423077 0.02884615 0.07692308
0 0.15985577 0.73437500 0.01862981 0.04567308
0 0.26923077 0.93509615 0.03906250 0.05829327
0 0.47235577 0.97956731 0.01201923 0.04086538
0 0.28725962 0.99278846 0.03125000 0.01442308
0 0.16706731 0.80408654 0.02824519 0.04086538
0 0.15384615 0.96394231 0.03004808 0.04086538
0 0.13461538 0.90504808 0.02524038 0.04146635
0 0.13341346 0.75240385 0.02884615 0.04507212
0 0.12740385 0.67187500 0.03786058 0.05228365
0 0.11057692 0.75721154 0.02043269 0.03906250
0 0.15384615 0.72596154 0.01862981 0.04206731
0 0.10576923 0.72836538 0.02584135 0.03846154
0 0.21875000 0.88581731 0.04627404 0.07632212
0 0.15504808 0.90384615 0.02644231 0.04026442
0 0.20793269 0.69951923 0.02764423 0.04867788
0 0.27403846 0.64783654 0.02283654 0.03545673
0 0.11899038 0.62379808 0.02944712 0.04687500
0 0.27644231 0.69711538 0.01923077 0.06250000
0 0.31730769 0.62740385 0.03846154 0.05769231
0 0.29206731 0.64663462 0.02163462 0.04567308
