0 0.44110577 0.15024038 0.03605769 0.04567308
0 0.17788462 0.07451923 0.02644231 0.04987981
0 0.41225962 0.05889423 0.03064904 0.05588942
0 0.16466346 0.21274038 0.02584135 0.04146635
0 0.06490385 0.15024038 0.02884615 0.06069712
0 0.05408654 0.04687500 0.01923077 0.04086538
0 0.21754808 0.42067308 0.02403846 0.03125000
0 0.22115385 0.38100962 0.03245192 0.04026442
0 0.18028846 0.18269231 0.02283654 0.04507212
0 0.07091346 0.00721154 0.02644231 0.01442308
0 0.10576923 0.15745192 0.02704327 0.04447115
0 0.07331731 0.23437500 0.02944712 0.04927885
0 0.35937500 0.27163462 0.01983173 0.03846154
0 0.37379808 0.14423077 0.02764423 0.03485577
0 0.45673077 0.30769231 0.02043269 0.03425481
0 0.30288462 0.14783654 0.02884615 0.05408654
0 0.18990385 0.14663462 0.02343750 0.04507212
0 0.19230769 0.06730769 0.02463942 0.05889423
0 0.44350962 0.34375000 0.01562500 0.03906250
0 0.38581731 0.02403846 0.02704327 0.04447115
0 0.12860577 0.33052885 0.02343750 0.03185096
0 0.46274038 0.33533654 0.01622596 0.02584135
0 0.59495192 0.50240385 0.02403846 0.03725962
0 0.97475962 0.21033654 0.03365385 0.06250000
0 0.78485577 0.10576923 0.02884615 0.04927885
0 0.82091346 0.43269231 0.04026442 0.05048077
0 0.74158654 0.07331731 0.02644231 0.04567308
0 0.73798077 0.33774038 0.01923077 0.05048077
0 0.73798077 0.46875000 0.01923077 0.04326923
0 0.31250000 0.59975962 0.01923077 0.02163462
