0 0.59495192 0.38942308 0.02764423 0.05048077
0 0.38701923 0.33173077 0.03004808 0.04807692
0 0.17908654 0.03245192 0.02764423 0.04807692
0 0.38701923 0.51682692 0.02644231 0.04807692
0 0.28725962 0.60937500 0.02764423 0.05649038
0 0.30288462 0.46394231 0.03004808 0.04687500
0 0.26682692 0.43149038 0.02644231 0.04326923
0 0.34014423 0.68149038 0.02043269 0.02764423
0 0.62019231 0.40865385 0.02644231 0.05528846
0 0.40865385 0.47956731 0.02644231 0.05048077
0 0.63100962 0.51201923 0.02524038 0.05288462
0 0.39182692 0.43629808 0.02163462 0.05528846
0 0.29687500 0.54086538 0.02764423 0.04687500
0 0.65745192 0.66826923 0.01682692 0.03605769
0 0.58173077 0.49399038 0.02163462 0.03605769
0 0.03365385 0.44831731 0.04086538 0.04567308
0 0.57091346 0.62019231 0.01562500 0.03725962
0 0.39663462 0.58173077 0.02163462 0.03605769
0 0.26322115 0.30288462 0.01562500 0.03846154
0 0.27403846 0.30048077 0.01562500 0.03004808
0 0.29086538 0.29326923 0.02163462 0.03125000
0 0.26322115 0.35216346 0.02644231 0.05048077
0 0.42548077 0.75961538 0.01442308 0.03605769
0 0.43509615 0.74278846 0.01923077 0.02764423
0 0.43269231 0.75360577 0.01923077 0.04326923
0 0.37139423 0.40384615 0.02043269 0.03125000
0 0.40985577 0.32812500 0.02163462 0.04326923
0 0.50961538 0.51201923 0.02043269 0.03485577
0 0.51682692 0.48437500 0.01923077 0.03485577
0 0.66826923 0.71995192 0.02043269 0.04687500
0 0.78485577 0.85456731 0.02163462 0.04687500
