0 0.16225962 0.16225962 0.02644231 0.04687500
0 0.18269231 0.25240385 0.02163462 0.04747596
0 0.38461538 0.28004808 0.03004808 0.05588942
0 0.37980769 0.15745192 0.03125000 0.06069712
0 0.35456731 0.55288462 0.02644231 0.04807692
0 0.38221154 0.31490385 0.02644231 0.05528846
0 0.10576923 0.25120192 0.03305288 0.03605769
0 0.36057692 0.48317308 0.02043269 0.02884615
0 0.15264423 0.43028846 0.03245192 0.04627404
0 0.47596154 0.22475962 0.03004808 0.03665865
0 0.36899038 0.21033654 0.02764423 0.03906250
0 0.09735577 0.44471154 0.02163462 0.03245192
0 0.42548077 0.29447115 0.03605769 0.04867788
0 0.34254808 0.49879808 0.01742788 0.02884615
0 0.46153846 0.12860577 0.02704327 0.05408654
0 0.21875000 0.37139423 0.02403846 0.03185096
0 0.10336538 0.40625000 0.02103365 0.03425481
0 0.19110577 0.15264423 0.02644231 0.04206731
0 0.53846154 0.30168269 0.03305288 0.04987981
0 0.27403846 0.27403846 0.02283654 0.04387019
0 0.52163462 0.35216346 0.02043269 0.04146635
0 0.48798077 0.07572115 0.02223558 0.05168269
0 0.50600962 0.09014423 0.02463942 0.03305288
0 0.51322115 0.05168269 0.02764423 0.04266827
0 0.39182692 0.10817308 0.01802885 0.03305288
0 0.42307692 0.08533654 0.03545673 0.03425481
0 0.26322115 0.24879808 0.01682692 0.03545673
0 0.44831731 0.45072115 0.02283654 0.03185096
0 0.87379808 0.49879808 0.02463942 0.03725962
0 0.80408654 0.50000000 0.03545673 0.04206731
0 0.73557692 0.70673077 0.03365385 0.04326923
0 0.71875000 0.58293269 0.02644231 0.03786058
0 0.82812500 0.37379808 0.01983173 0.03665865
0 0.92548077 0.53365385 0.02884615 0.04387019
0 0.82812500 0.28725962 0.03004808 0.05889423
0 0.71875000 0.54206731 0.02283654 0.03786058
0 0.81490385 0.56730769 0.03245192 0.03665865
0 0.88461538 0.62860577 0.03425481 0.04206731
0 0.82091346 0.61177885 0.02403846 0.02884615
0 0.89663462 0.42788462 0.03004808 0.04266827
0 0.73677885 0.62740385 0.03004808 0.04447115
0 0.94831731 0.18389423 0.03185096 0.05769231
0 0.83173077 0.18870192 0.01983173 0.02824519
0 0.85576923 0.14663462 0.02403846 0.03786058
0 0.87620192 0.17788462 0.02584135 0.03906250
0 0.87139423 0.12139423 0.01262019 0.03185096
0 0.89182692 0.12500000 0.02103365 0.03125000
0 0.88100962 0.06370192 0.01742788 0.02704327
0 0.87500000 0.03966346 0.01442308 0.02704327
0 0.86899038 0.07812500 0.02103365 0.04206731
0 0.81610577 0.53245192 0.02403846 0.03305288
0 0.80048077 0.52764423 0.01562500 0.02403846
0 0.69471154 0.45552885 0.02283654 0.04266827
0 0.69230769 0.48437500 0.01802885 0.02884615
