0 0.02283654 0.39663462 0.03485577 0.04146635
0 0.00961538 0.31009615 0.01923077 0.05288462
0 0.21274038 0.28125000 0.02644231 0.04927885
0 0.01322115 0.23437500 0.02644231 0.06490385
0 0.20913462 0.42427885 0.02163462 0.03485577
0 0.30168269 0.47716346 0.02043269 0.04146635
0 0.26562500 0.30528846 0.02764423 0.05829327
0 0.03966346 0.25721154 0.03064904 0.05889423
0 0.00600962 0.11177885 0.01201923 0.04567308
0 0.14062500 0.29687500 0.02223558 0.03485577
0 0.14903846 0.27163462 0.01562500 0.03365385
0 0.23317308 0.16346154 0.02043269 0.03906250
0 0.26081731 0.19471154 0.02163462 0.04807692
0 0.31730769 0.52403846 0.02463942 0.03365385
0 0.32451923 0.53846154 0.01923077 0.01923077
0 0.00360577 0.89302885 0.00721154 0.03605769
0 0.01081731 0.76562500 0.02163462 0.04086538
0 0.04447115 0.89903846 0.02644231 0.04387019
0 0.65985577 0.77524038 0.02884615 0.03305288
0 0.50721154 0.70913462 0.02644231 0.03545673
