0 0.19350962 0.33533654 0.02524038 0.04326923
0 0.48317308 0.72716346 0.01923077 0.03125000
0 0.36057692 0.91586538 0.02163462 0.03245192
0 0.50240385 0.77163462 0.02524038 0.04206731
0 0.31129808 0.80048077 0.02163462 0.03245192
0 0.34134615 0.68509615 0.01682692 0.03846154
0 0.48918269 0.65504808 0.02644231 0.05168269
0 0.32692308 0.60817308 0.02644231 0.05168269
0 0.41706731 0.84134615 0.03245192 0.03605769
0 0.20432692 0.58293269 0.03245192 0.04807692
0 0.50721154 0.89423077 0.02764423 0.03846154
0 0.41346154 0.86899038 0.03004808 0.03605769
0 0.30288462 0.90024038 0.02163462 0.02764423
0 0.49399038 0.82572115 0.02644231 0.03725962
0 0.33293269 0.80889423 0.02043269 0.02764423
0 0.38581731 0.73798077 0.02524038 0.04687500
0 0.22596154 0.42668269 0.01562500 0.02764423
0 0.22475962 0.46153846 0.01923077 0.03245192
0 0.24278846 0.44471154 0.02043269 0.02644231
0 0.23918269 0.51081731 0.01442308 0.03125000
0 0.24759615 0.48076923 0.01923077 0.03125000
0 0.27283654 0.50721154 0.01923077 0.05048077
0 0.29687500 0.52403846 0.02163462 0.02764423
0 0.27524038 0.55649038 0.01442308 0.03125000
0 0.15264423 0.73677885 0.02163462 0.04326923
0 0.18389423 0.82932692 0.01682692 0.03004808
0 0.12860577 0.85336538 0.02644231 0.03605769
0 0.40024038 0.79086538 0.01682692 0.02644231
0 0.41346154 0.77644231 0.01081731 0.03125000
