0 0.88822115 0.81610577 0.02163462 0.05048077
0 0.35817308 0.43509615 0.02163462 0.03245192
0 0.36057692 0.63701923 0.02403846 0.03004808
0 0.29567308 0.34495192 0.02043269 0.03485577
0 0.35336538 0.54567308 0.02163462 0.03485577
0 0.52524038 0.31610577 0.02043269 0.03605769
0 0.39903846 0.53846154 0.02403846 0.04206731
0 0.56250000 0.52524038 0.04326923 0.05889423
0 0.22235577 0.30168269 0.02403846 0.04206731
0 0.16706731 0.07091346 0.02764423 0.04687500
0 0.34495192 0.67427885 0.02043269 0.02764423
0 0.57932692 0.44350962 0.01923077 0.03245192
0 0.55528846 0.58293269 0.03125000 0.05288462
0 0.34014423 0.32211538 0.02764423 0.04326923
0 0.24879808 0.32211538 0.02043269 0.04687500
0 0.24278846 0.63581731 0.02403846 0.04567308
0 0.51682692 0.41586538 0.01562500 0.03125000
0 0.32451923 0.41466346 0.02403846 0.04206731
0 0.18389423 0.53846154 0.02163462 0.04206731
0 0.16225962 0.60937500 0.02163462 0.06370192
0 0.44591346 0.55168269 0.03004808 0.04206731
0 0.50480769 0.54807692 0.03125000 0.04687500
0 0.43870192 0.49879808 0.01201923 0.02403846
0 0.44831731 0.48677885 0.02644231 0.03245192
0 0.26442308 0.29687500 0.01442308 0.02764423
0 0.30408654 0.28725962 0.02764423 0.03485577
0 0.28004808 0.27884615 0.01562500 0.03125000
0 0.22475962 0.21394231 0.01562500 0.02644231
0 0.21274038 0.24038462 0.01923077 0.03605769
0 0.22355769 0.26201923 0.02403846 0.03846154
