0 0.34855769 0.54567308 0.02403846 0.03966346
0 0.16586538 0.40985577 0.02704327 0.04747596
0 0.48197115 0.51201923 0.02524038 0.03966346
0 0.30168269 0.51923077 0.02584135 0.04387019
0 0.49038462 0.41706731 0.03064904 0.05528846
0 0.52283654 0.54447115 0.02283654 0.05949519
0 0.11778846 0.16346154 0.02764423 0.04807692
0 0.51923077 0.61538462 0.03846154 0.04807692
0 0.13100962 0.62860577 0.02644231 0.02163462
0 0.45312500 0.63341346 0.03125000 0.01201923
0 0.39903846 0.59735577 0.02644231 0.03605769
0 0.41225962 0.58173077 0.01742788 0.02884615
0 0.17067308 0.33653846 0.01923077 0.02764423
0 0.16466346 0.30769231 0.01742788 0.03425481
0 0.18149038 0.29447115 0.01802885 0.03365385
0 0.19831731 0.37980769 0.01802885 0.02764423
0 0.21153846 0.34375000 0.01983173 0.04326923
0 0.23197115 0.36418269 0.01862981 0.03485577
0 0.25721154 0.37139423 0.03846154 0.05348558
0 0.24759615 0.41346154 0.02163462 0.02764423
0 0.29687500 0.43028846 0.02343750 0.04447115
0 0.74639423 0.40024038 0.02584135 0.03665865
0 0.94951923 0.13701923 0.02283654 0.04326923
0 0.70673077 0.39182692 0.03425481 0.05649038
0 0.86418269 0.35456731 0.03125000 0.04867788
0 0.79086538 0.41105769 0.03064904 0.03846154
0 0.90144231 0.12379808 0.03004808 0.05048077
0 0.76682692 0.43269231 0.03245192 0.05168269
0 0.59254808 0.13701923 0.03004808 0.06250000
0 0.77163462 0.61899038 0.03365385 0.04086538
0 0.87139423 0.51201923 0.02644231 0.03485577
0 0.68509615 0.15625000 0.02043269 0.05829327
0 0.88822115 0.37620192 0.01923077 0.03665865
0 0.83653846 0.41947115 0.02824519 0.05588942
0 0.76802885 0.54326923 0.02524038 0.03966346
0 0.95312500 0.43870192 0.03665865 0.06189904
0 0.62740385 0.99759615 0.01442308 0.00480769
0 0.99759615 0.68990385 0.00480769 0.01442308
