0 0.18990385 0.39663462 0.02584135 0.03545673
0 0.25600962 0.30168269 0.02524038 0.03725962
0 0.01562500 0.27163462 0.02163462 0.03786058
0 0.33293269 0.25721154 0.02764423 0.04507212
0 0.38942308 0.01923077 0.02884615 0.03846154
0 0.20913462 0.27884615 0.02884615 0.04687500
0 0.30528846 0.27884615 0.02403846 0.04987981
0 0.02524038 0.37740385 0.01923077 0.03425481
0 0.22596154 0.37500000 0.02524038 0.04387019
0 0.10576923 0.46274038 0.01382212 0.02403846
0 0.09615385 0.45072115 0.02944712 0.03545673
0 0.28846154 0.25240385 0.01562500 0.02884615
0 0.24759615 0.24158654 0.03245192 0.03846154
0 0.27283654 0.23317308 0.01682692 0.03305288
0 0.33052885 0.16586538 0.01802885 0.02824519
0 0.34254808 0.19350962 0.02283654 0.03786058
0 0.33173077 0.21514423 0.02644231 0.04206731
