0 0.97355769 0.18149038 0.01923077 0.04146635
0 0.95072115 0.29807692 0.02043269 0.04266827
0 0.77043269 0.35697115 0.02644231 0.03966346
0 0.72475962 0.25841346 0.02824519 0.05288462
0 0.74278846 0.10937500 0.03245192 0.05949519
0 0.95793269 0.06850962 0.03425481 0.06670673
0 0.74639423 0.18509615 0.02644231 0.04987981
0 0.90384615 0.12620192 0.03125000 0.05588942
0 0.89663462 0.43750000 0.02884615 0.02403846
0 0.69110577 0.10096154 0.03665865 0.06069712
0 0.90264423 0.19230769 0.03365385 0.05829327
0 0.03605769 0.52524038 0.02403846 0.04987981
0 0.72355769 0.99038462 0.04326923 0.01923077
0 0.74879808 0.96153846 0.03365385 0.05829327
0 0.82932692 0.56850962 0.03485577 0.06069712
0 0.76081731 0.61778846 0.03605769 0.05889423
0 0.97475962 0.66947115 0.03605769 0.07331731
0 0.70913462 0.48918269 0.03245192 0.04326923
0 0.76562500 0.52163462 0.03605769 0.05468750
0 0.80889423 0.75480769 0.03185096 0.05408654
0 0.77524038 0.68389423 0.03605769 0.05108173
0 0.71514423 0.69591346 0.02704327 0.04987981
0 0.70673077 0.94951923 0.04266827 0.06310096
0 0.90745192 0.99038462 0.05048077 0.01923077
0 0.68629808 0.76442308 0.04266827 0.05649038
0 0.66225962 0.71394231 0.04026442 0.06310096
0 0.94951923 0.65985577 0.02524038 0.03846154
