0 0.46033654 0.28485577 0.03605769 0.04567308
0 0.59375000 0.09855769 0.03725962 0.04447115
0 0.51923077 0.29326923 0.01862981 0.02884615
0 0.53966346 0.24278846 0.02343750 0.03425481
0 0.54687500 0.21995192 0.02704327 0.05108173
0 0.52644231 0.21153846 0.02223558 0.03485577
0 0.50240385 0.25360577 0.03245192 0.04747596
0 0.48437500 0.27884615 0.01622596 0.03786058
0 0.47475962 0.97956731 0.02644231 0.04086538
0 0.55168269 0.98317308 0.03605769 0.03365385
0 0.02524038 0.81730769 0.02704327 0.05228365
0 0.53605769 0.91346154 0.02343750 0.03906250
0 0.11057692 0.77283654 0.02584135 0.04567308
0 0.61298077 0.82451923 0.03004808 0.03485577
0 0.60456731 0.87620192 0.02103365 0.03185096
0 0.60817308 0.89903846 0.01201923 0.01983173
0 0.61538462 0.92788462 0.01322115 0.03305288
0 0.60456731 0.96634615 0.02644231 0.03786058
0 0.43990385 0.77403846 0.02163462 0.03966346
0 0.42307692 0.78605769 0.03305288 0.04507212
0 0.00841346 0.61538462 0.01682692 0.05769231
0 0.74038462 0.94230769 0.02103365 0.03786058
0 0.88221154 0.74519231 0.02163462 0.03966346
0 0.94951923 0.44471154 0.02463942 0.04447115
0 0.96394231 0.56009615 0.03004808 0.03906250
0 0.97956731 0.70192308 0.01802885 0.03786058
0 0.92187500 0.47596154 0.02944712 0.05048077
0 0.90625000 0.57451923 0.03846154 0.04266827
0 0.88221154 0.79447115 0.01322115 0.03545673
0 0.87139423 0.78365385 0.01502404 0.02944712
