0 0.38461538 0.61538462 0.02043269 0.03605769
0 0.40024038 0.75841346 0.02403846 0.04807692
0 0.21514423 0.48918269 0.02403846 0.04326923
0 0.50961538 0.58413462 0.02043269 0.03605769
0 0.34134615 0.59014423 0.01923077 0.03846154
0 0.34735577 0.83653846 0.02524038 0.02764423
0 0.51682692 0.49639423 0.02764423 0.05168269
0 0.34495192 0.76682692 0.02163462 0.03125000
0 0.54807692 0.61538462 0.01562500 0.05528846
0 0.45432692 0.73798077 0.03004808 0.04206731
0 0.55168269 0.74399038 0.03125000 0.04206731
0 0.35817308 0.71754808 0.01923077 0.03245192
0 0.17067308 0.25961538 0.02524038 0.04567308
0 0.23317308 0.79326923 0.02403846 0.03485577
0 0.54567308 0.68149038 0.03245192 0.04326923
0 0.18389423 0.71153846 0.02403846 0.05649038
0 0.48437500 0.71153846 0.02764423 0.03605769
0 0.43269231 0.66346154 0.02043269 0.03125000
0 0.44471154 0.64903846 0.01442308 0.02644231
0 0.16105769 0.80649038 0.02043269 0.05048077
0 0.21995192 0.42067308 0.01562500 0.02524038
0 0.21394231 0.39423077 0.01442308 0.03245192
0 0.22956731 0.38100962 0.01562500 0.03125000
0 0.24519231 0.46153846 0.01562500 0.02524038
0 0.25721154 0.42788462 0.01682692 0.04086538
0 0.27644231 0.44711538 0.01442308 0.03125000
0 0.30048077 0.45432692 0.03125000 0.04807692
0 0.29086538 0.49278846 0.02043269 0.02524038
0 0.33774038 0.50721154 0.01923077 0.04086538
