0 0.11418269 0.29447115 0.03004808 0.03605769
0 0.33293269 0.16947115 0.01502404 0.03064904
0 0.41706731 0.10576923 0.03305288 0.04867788
0 0.50000000 0.02283654 0.01923077 0.04567308
0 0.47836538 0.11298077 0.02584135 0.03786058
0 0.34014423 0.13581731 0.02163462 0.03365385
0 0.25480769 0.77764423 0.02644231 0.03485577
0 0.40504808 0.52043269 0.01862981 0.03004808
0 0.09134615 0.55168269 0.04146635 0.05709135
0 0.18870192 0.69350962 0.03004808 0.05168269
0 0.23076923 0.66706731 0.03425481 0.04687500
0 0.29086538 0.82451923 0.02644231 0.04387019
0 0.31129808 0.74639423 0.02403846 0.03786058
0 0.33894231 0.96514423 0.04026442 0.03786058
0 0.31129808 0.71274038 0.03125000 0.04567308
0 0.39423077 0.71394231 0.02043269 0.05168269
0 0.34375000 0.66947115 0.02824519 0.04206731
0 0.33774038 0.71033654 0.02524038 0.03786058
0 0.34495192 0.81610577 0.01983173 0.03305288
