0 0.44831731 0.18389423 0.02884615 0.04687500
0 0.20192308 0.01322115 0.02884615 0.02644231
0 0.44471154 0.04567308 0.02764423 0.04987981
0 0.51923077 0.21274038 0.04326923 0.04447115
0 0.52524038 0.25000000 0.01682692 0.03485577
0 0.38221154 0.18870192 0.02584135 0.03665865
0 0.06490385 0.17307692 0.02524038 0.06250000
0 0.22475962 0.00961538 0.02644231 0.01923077
0 0.28245192 0.24399038 0.02403846 0.03545673
0 0.28725962 0.33653846 0.02283654 0.03004808
0 0.10336538 0.17067308 0.02103365 0.04747596
0 0.54447115 0.05769231 0.01983173 0.04206731
0 0.26442308 0.31850962 0.01983173 0.03605769
0 0.28846154 0.07451923 0.02884615 0.03786058
0 0.18389423 0.26442308 0.03125000 0.03305288
0 0.21033654 0.05048077 0.01862981 0.03786058
0 0.22596154 0.06129808 0.02944712 0.07391827
0 0.36177885 0.10937500 0.03665865 0.05949519
0 0.36658654 0.07692308 0.01742788 0.02524038
0 0.75360577 0.40504808 0.02524038 0.03725962
0 0.81250000 0.42187500 0.03846154 0.07451923
0 0.67427885 0.58533654 0.02223558 0.04086538
0 0.97596154 0.43629808 0.03365385 0.05709135
0 0.96754808 0.61177885 0.01862981 0.03545673
0 0.57451923 0.01081731 0.03365385 0.02163462
0 0.82211538 0.29206731 0.02403846 0.04987981
0 0.99519231 0.36538462 0.00961538 0.04807692
0 0.89302885 0.45552885 0.02043269 0.04567308
0 0.83413462 0.61298077 0.03425481 0.03906250
0 0.77524038 0.45793269 0.02463942 0.06430288
0 0.91346154 0.44951923 0.03004808 0.05468750
0 0.68870192 0.41706731 0.03605769 0.06250000
0 0.65625000 0.66947115 0.02283654 0.02884615
0 0.70432692 0.65504808 0.01923077 0.03786058
0 0.62980769 0.34735577 0.02103365 0.02764423
0 0.63581731 0.31009615 0.01562500 0.03786058
0 0.64543269 0.28485577 0.01802885 0.02824519
0 0.75120192 0.36899038 0.02403846 0.03245192
0 0.74158654 0.33653846 0.01923077 0.03004808
0 0.74038462 0.42668269 0.02163462 0.04627404
0 0.99278846 0.33774038 0.01442308 0.02644231
0 0.25360577 0.81490385 0.02584135 0.03545673
0 0.18629808 0.72836538 0.02644231 0.01923077
0 0.24879808 0.93028846 0.02584135 0.03846154
0 0.29567308 0.92307692 0.02524038 0.04387019
0 0.46634615 0.90865385 0.05048077 0.06610577
0 0.48437500 0.82331731 0.02163462 0.03665865
0 0.45913462 0.96875000 0.03545673 0.05769231
0 0.41826923 0.79567308 0.01562500 0.03305288
0 0.21754808 0.79326923 0.02644231 0.04507212
0 0.07091346 0.92307692 0.02584135 0.04507212
0 0.04687500 0.98076923 0.02644231 0.03846154
0 0.34495192 0.93629808 0.03245192 0.04627404
0 0.40625000 0.93269231 0.03425481 0.04867788
0 0.33774038 0.88100962 0.01502404 0.02403846
0 0.34735577 0.86899038 0.03064904 0.03786058
