0 0.68750000 0.22716346 0.01923077 0.04086538
0 0.64062500 0.49278846 0.02463942 0.03846154
0 0.72475962 0.64423077 0.02704327 0.04867788
0 0.69230769 0.63581731 0.02644231 0.04266827
0 0.64783654 0.36899038 0.02283654 0.05108173
0 0.54807692 0.69230769 0.01923077 0.03365385
0 0.51442308 0.63341346 0.02163462 0.03966346
0 0.70552885 0.48437500 0.02403846 0.04206731
0 0.53245192 0.67548077 0.02103365 0.04086538
0 0.68509615 0.10336538 0.03365385 0.05108173
0 0.51442308 0.59735577 0.01983173 0.04146635
0 0.77283654 0.31971154 0.03305288 0.04987981
0 0.62740385 0.66225962 0.01502404 0.02704327
0 0.61538462 0.67427885 0.01923077 0.05048077
0 0.64543269 0.65384615 0.02163462 0.04326923
0 0.65504808 0.25721154 0.02524038 0.02524038
0 0.65745192 0.29687500 0.02884615 0.03185096
0 0.69711538 0.26081731 0.01862981 0.05048077
0 0.70192308 0.23437500 0.01562500 0.03365385
0 0.67427885 0.20312500 0.02524038 0.03185096
0 0.68389423 0.17788462 0.02163462 0.03365385
0 0.67307692 0.15264423 0.01562500 0.03365385
0 0.81730769 0.70072115 0.02403846 0.01682692
0 0.86057692 0.66706731 0.02103365 0.03605769
0 0.84495192 0.68509615 0.01742788 0.02884615
0 0.86057692 0.44471154 0.01802885 0.03485577
0 0.76322115 0.86057692 0.03185096 0.04807692
0 0.64783654 0.98197115 0.02644231 0.03605769
0 0.62500000 0.98437500 0.02884615 0.03125000
0 0.49278846 0.97716346 0.03365385 0.04567308
0 0.53125000 0.91105769 0.02103365 0.03605769
0 0.36177885 0.88100962 0.04026442 0.05588942
0 0.40745192 0.96153846 0.02944712 0.04807692
0 0.37139423 0.86177885 0.03425481 0.05108173
0 0.75961538 0.90144231 0.03365385 0.04447115
0 0.77524038 0.87860577 0.01262019 0.02704327
0 0.46875000 0.98437500 0.02403846 0.03125000
0 0.93990385 0.87620192 0.03485577 0.08954327
0 0.96514423 0.71634615 0.03125000 0.01442308
