0 0.16346154 0.99399038 0.02403846 0.01201923
0 0.21394231 0.86418269 0.02343750 0.03125000
0 0.13822115 0.76442308 0.03125000 0.04807692
0 0.13701923 0.68870192 0.03485577 0.05108173
0 0.33413462 0.80408654 0.03365385 0.05528846
0 0.27524038 0.95673077 0.02403846 0.04387019
0 0.16586538 0.81250000 0.03305288 0.04927885
0 0.22836538 0.84254808 0.02764423 0.04627404
0 0.23798077 0.79206731 0.01923077 0.04086538
0 0.18389423 0.80408654 0.03064904 0.04326923
0 0.17067308 0.64062500 0.02644231 0.05468750
0 0.32211538 0.90144231 0.02163462 0.03786058
0 0.24519231 0.93149038 0.02163462 0.02824519
0 0.60336538 0.84254808 0.03004808 0.02764423
0 0.73317308 0.79326923 0.02043269 0.02403846
