0 0.14543269 0.40625000 0.02644231 0.03906250
0 0.06850962 0.57451923 0.01742788 0.04206731
0 0.09735577 0.56490385 0.02524038 0.04447115
0 0.14062500 0.24759615 0.03425481 0.04026442
0 0.26081731 0.58774038 0.02223558 0.04086538
0 0.27163462 0.56610577 0.02644231 0.04266827
0 0.07692308 0.38100962 0.02043269 0.04146635
0 0.24278846 0.59975962 0.01923077 0.01682692
0 0.09855769 0.02764423 0.03846154 0.05348558
0 0.28004808 0.51442308 0.02103365 0.04447115
0 0.01442308 0.23798077 0.02884615 0.05288462
0 0.15745192 0.58052885 0.01502404 0.02884615
0 0.16947115 0.59855769 0.02644231 0.01923077
0 0.13461538 0.15745192 0.02463942 0.02584135
0 0.13221154 0.20072115 0.02944712 0.03365385
0 0.08894231 0.14783654 0.01682692 0.03064904
0 0.07692308 0.12740385 0.01923077 0.03425481
0 0.10817308 0.11658654 0.02644231 0.03365385
0 0.10096154 0.07932692 0.02403846 0.03485577
0 0.11899038 0.05769231 0.01682692 0.03425481
0 0.14423077 0.58173077 0.01622596 0.02944712
0 0.14062500 0.55889423 0.01622596 0.02884615
0 0.62620192 0.21995192 0.01622596 0.02644231
0 0.66225962 0.45793269 0.02944712 0.04687500
0 0.59615385 0.31971154 0.01923077 0.03545673
0 0.78004808 0.44230769 0.02403846 0.04927885
0 0.57692308 0.55889423 0.01442308 0.06009615
0 0.61298077 0.14783654 0.01923077 0.03185096
0 0.58293269 0.43629808 0.02223558 0.06250000
0 0.05769231 0.68629808 0.02403846 0.04146635
0 0.20432692 0.84735577 0.03365385 0.04146635
0 0.43629808 0.73677885 0.02163462 0.05048077
0 0.35817308 0.71394231 0.02103365 0.03545673
0 0.50600962 0.86057692 0.02584135 0.06250000
0 0.22235577 0.71514423 0.03485577 0.03966346
0 0.03966346 0.77283654 0.02403846 0.03185096
0 0.08774038 0.75721154 0.02043269 0.03966346
0 0.52283654 0.89543269 0.02103365 0.04627404
0 0.51802885 0.93509615 0.02584135 0.03786058
0 0.72716346 0.95072115 0.02403846 0.03846154
0 0.80889423 0.88100962 0.03425481 0.04927885
0 0.84615385 0.79807692 0.02403846 0.02524038
0 0.76562500 0.82812500 0.03064904 0.04146635
0 0.82812500 0.94110577 0.02644231 0.04627404
0 0.74278846 0.97235577 0.03365385 0.05528846
0 0.78485577 0.83894231 0.03185096 0.04387019
0 0.87740385 0.96274038 0.02524038 0.03786058
