0 0.07331731 0.48798077 0.03425481 0.05889423
0 0.31730769 0.49879808 0.02343750 0.03545673
0 0.31250000 0.34615385 0.03185096 0.03545673
0 0.25120192 0.47475962 0.02463942 0.04146635
0 0.27283654 0.13461538 0.03305288 0.04867788
0 0.44591346 0.60216346 0.02103365 0.04266827
0 0.18870192 0.33774038 0.03425481 0.04927885
0 0.12139423 0.37980769 0.02944712 0.03545673
0 0.13221154 0.48197115 0.02103365 0.03966346
0 0.30769231 0.25961538 0.02403846 0.02403846
0 0.30408654 0.30168269 0.02884615 0.03185096
0 0.26322115 0.25120192 0.01742788 0.02884615
0 0.25120192 0.23076923 0.01622596 0.03365385
0 0.28125000 0.21995192 0.02584135 0.03305288
0 0.27403846 0.18509615 0.02223558 0.03425481
0 0.29086538 0.16346154 0.01502404 0.03365385
0 0.95673077 0.49879808 0.01562500 0.02884615
0 0.44951923 0.64903846 0.01862981 0.02944712
0 0.49519231 0.77043269 0.02103365 0.03365385
0 0.35216346 0.71514423 0.02764423 0.04927885
0 0.44110577 0.73197115 0.02163462 0.03786058
0 0.40865385 0.77764423 0.02043269 0.02704327
0 0.43629808 0.99158654 0.02163462 0.01682692
0 0.54927885 0.76322115 0.02163462 0.03485577
0 0.50120192 0.65625000 0.02043269 0.02884615
