0 0.01442308 0.17187500 0.02884615 0.04567308
0 0.08052885 0.39062500 0.03665865 0.05228365
0 0.09975962 0.25961538 0.02584135 0.03846154
0 0.09975962 0.21754808 0.02524038 0.03966346
0 0.00721154 0.24158654 0.01442308 0.04086538
0 0.00360577 0.28725962 0.00721154 0.03125000
0 0.08052885 0.30528846 0.02644231 0.04266827
0 0.00480769 0.20673077 0.00961538 0.03365385
0 0.01562500 0.20192308 0.01742788 0.02584135
0 0.12500000 0.12740385 0.02343750 0.04507212
0 0.12740385 0.15745192 0.01802885 0.03064904
0 0.64543269 0.46514423 0.02644231 0.02644231
0 0.76682692 0.34375000 0.01983173 0.03305288
0 0.77884615 0.37019231 0.01983173 0.03786058
0 0.39182692 0.96875000 0.01923077 0.04266827
0 0.46033654 0.98437500 0.02163462 0.03125000
0 0.30769231 0.88221154 0.03125000 0.04507212
0 0.38341346 0.90504808 0.03064904 0.04807692
0 0.29206731 0.63581731 0.02283654 0.03365385
0 0.70312500 0.96875000 0.03064904 0.05408654
0 0.67908654 0.93389423 0.02524038 0.04987981
