0 0.08413462 0.52644231 0.02043269 0.05168269
0 0.28245192 0.65144231 0.02163462 0.03485577
0 0.34975962 0.65264423 0.03125000 0.03846154
0 0.41346154 0.85456731 0.03004808 0.04567308
0 0.43149038 0.73317308 0.02403846 0.03605769
0 0.32572115 0.53245192 0.01682692 0.03605769
0 0.23317308 0.68509615 0.02524038 0.04206731
0 0.32692308 0.44951923 0.02403846 0.05528846
0 0.43028846 0.69350962 0.02043269 0.03605769
0 0.33774038 0.71754808 0.02764423 0.03245192
0 0.27283654 0.77524038 0.03125000 0.03846154
0 0.33293269 0.75961538 0.02403846 0.02764423
0 0.27163462 0.12139423 0.02764423 0.04807692
0 0.26081731 0.58413462 0.03004808 0.04086538
0 0.41346154 0.77524038 0.02524038 0.03846154
0 0.21153846 0.35096154 0.03125000 0.05528846
0 0.14302885 0.53365385 0.01562500 0.03605769
0 0.13581731 0.43028846 0.02043269 0.04567308
0 0.32211538 0.35576923 0.01682692 0.02644231
0 0.30048077 0.31490385 0.02043269 0.03605769
0 0.28004808 0.34495192 0.02163462 0.03605769
0 0.28485577 0.29086538 0.01201923 0.03125000
0 0.26442308 0.29447115 0.01682692 0.03004808
0 0.27524038 0.23557692 0.01682692 0.02644231
0 0.28125000 0.21274038 0.01442308 0.02644231
0 0.28725962 0.25000000 0.01682692 0.03846154
0 0.33774038 0.68389423 0.02043269 0.03125000
0 0.35336538 0.68028846 0.01442308 0.02403846
0 0.45432692 0.61057692 0.01923077 0.04086538
0 0.45673077 0.63822115 0.01562500 0.02764423
