0 0.27163462 0.48197115 0.03185096 0.04867788
0 0.28125000 0.56250000 0.03125000 0.04627404
0 0.19951923 0.53725962 0.02584135 0.04447115
0 0.24759615 0.16466346 0.02764423 0.05048077
0 0.29807692 0.46514423 0.03545673 0.04927885
0 0.17908654 0.41947115 0.03004808 0.04447115
0 0.41105769 0.08533654 0.02524038 0.03725962
0 0.21995192 0.44471154 0.02403846 0.03906250
0 0.15384615 0.54206731 0.03004808 0.05889423
0 0.54687500 0.26562500 0.02524038 0.06430288
0 0.50360577 0.12740385 0.03245192 0.04146635
0 0.49038462 0.23557692 0.02584135 0.04867788
0 0.35096154 0.01322115 0.02403846 0.02644231
0 0.31850962 0.00961538 0.02163462 0.01923077
0 0.29687500 0.01201923 0.03125000 0.02403846
0 0.27644231 0.02524038 0.02884615 0.04146635
0 0.35096154 0.54807692 0.02884615 0.04747596
0 0.34254808 0.52403846 0.01622596 0.03004808
0 0.85817308 0.45913462 0.03245192 0.04086538
0 0.99158654 0.27283654 0.01682692 0.04086538
0 0.86057692 0.30408654 0.02584135 0.03966346
0 0.90504808 0.43870192 0.02223558 0.03545673
0 0.81009615 0.23918269 0.02824519 0.05048077
0 0.78966346 0.21514423 0.03125000 0.04807692
0 0.83293269 0.24038462 0.02944712 0.04447115
0 0.98197115 0.36418269 0.02463942 0.03725962
0 0.91586538 0.49639423 0.03425481 0.07211538
0 0.83293269 0.11298077 0.03125000 0.04927885
0 0.90625000 0.40024038 0.03425481 0.04326923
0 0.89062500 0.21033654 0.03365385 0.05048077
0 0.98918269 0.24879808 0.02163462 0.03125000
0 0.78004808 0.13221154 0.02463942 0.04447115
0 0.14543269 0.87259615 0.01923077 0.03004808
0 0.05048077 0.86057692 0.01923077 0.03725962
0 0.10216346 0.79206731 0.02343750 0.03545673
0 0.03966346 0.67067308 0.01742788 0.03245192
0 0.08653846 0.72235577 0.01502404 0.02884615
0 0.15745192 0.63822115 0.02223558 0.03545673
0 0.09254808 0.63100962 0.01742788 0.03125000
0 0.09254808 0.71754808 0.01923077 0.03004808
0 0.21274038 0.78365385 0.02043269 0.03846154
0 0.13461538 0.63100962 0.02043269 0.03245192
0 0.03245192 0.73076923 0.01923077 0.03425481
