0 0.41346154 0.58173077 0.02764423 0.04807692
0 0.32211538 0.64903846 0.02043269 0.03605769
0 0.40745192 0.41346154 0.02764423 0.03725962
0 0.49278846 0.36057692 0.03004808 0.03725962
0 0.42908654 0.40745192 0.02403846 0.04206731
0 0.49158654 0.47716346 0.02524038 0.04326923
0 0.39302885 0.68389423 0.02163462 0.04807692
0 0.45312500 0.60697115 0.02163462 0.06250000
0 0.38461538 0.82692308 0.01562500 0.03245192
0 0.45793269 0.53846154 0.03004808 0.04687500
0 0.42187500 0.63701923 0.01923077 0.05528846
0 0.52163462 0.49038462 0.02644231 0.04326923
0 0.37860577 0.46394231 0.01682692 0.02764423
0 0.46394231 0.40264423 0.02163462 0.03245192
0 0.36778846 0.47956731 0.01682692 0.02644231
0 0.19350962 0.16346154 0.01682692 0.05048077
0 0.22836538 0.11298077 0.01923077 0.03846154
