0 0.39182692 0.84375000 0.01562500 0.03846154
0 0.42067308 0.61899038 0.02403846 0.05168269
0 0.22836538 0.10817308 0.01923077 0.03125000
0 0.48918269 0.34495192 0.02644231 0.03725962
0 0.42668269 0.39423077 0.01923077 0.03125000
0 0.52403846 0.47475962 0.02524038 0.03846154
0 0.45673077 0.59134615 0.02043269 0.06850962
0 0.41706731 0.55528846 0.03004808 0.04687500
0 0.48798077 0.46274038 0.02524038 0.04326923
0 0.45673077 0.51682692 0.02764423 0.04206731
0 0.33052885 0.63701923 0.02644231 0.04086538
0 0.46754808 0.38822115 0.01682692 0.03125000
0 0.40144231 0.39783654 0.02163462 0.02764423
0 0.39182692 0.65745192 0.02403846 0.05168269
0 0.19110577 0.15504808 0.02524038 0.05649038
0 0.36778846 0.46394231 0.01562500 0.02764423
0 0.37620192 0.45192308 0.01682692 0.02644231
