0 0.46514423 0.25600962 0.02764423 0.04086538
0 0.47836538 0.33413462 0.02163462 0.03245192
0 0.42067308 0.27403846 0.02644231 0.03846154
0 0.52884615 0.34254808 0.02163462 0.05649038
0 0.40144231 0.27163462 0.03004808 0.03846154
0 0.43028846 0.47596154 0.01562500 0.04086538
0 0.49519231 0.21514423 0.01923077 0.03245192
0 0.45312500 0.39423077 0.02403846 0.04086538
0 0.37620192 0.31370192 0.03004808 0.03725962
0 0.39903846 0.48798077 0.02163462 0.05048077
0 0.34254808 0.50360577 0.03004808 0.04326923
0 0.22836538 0.02764423 0.01442308 0.05048077
0 0.36177885 0.33173077 0.02524038 0.04206731
0 0.45913462 0.45072115 0.02403846 0.08774038
0 0.41826923 0.38701923 0.02644231 0.04086538
0 0.40384615 0.82211538 0.01923077 0.04326923
0 0.18629808 0.05889423 0.03004808 0.05528846
