0 0.39903846 0.15144231 0.02524038 0.05288462
0 0.29326923 0.01201923 0.02884615 0.02403846
0 0.36298077 0.12379808 0.02223558 0.06971154
0 0.40384615 0.08774038 0.03425481 0.05048077
0 0.33052885 0.00721154 0.03125000 0.01442308
0 0.36298077 0.04687500 0.03125000 0.04447115
0 0.49278846 0.17067308 0.03185096 0.04387019
0 0.43028846 0.19110577 0.02524038 0.05288462
0 0.45312500 0.00360577 0.01682692 0.00721154
0 0.57572115 0.73918269 0.01201923 0.04567308
0 0.60576923 0.54567308 0.02223558 0.04447115
0 0.67548077 0.47956731 0.03245192 0.04387019
