0 0.09975962 0.48076923 0.04507212 0.09975962
0 0.13581731 0.29326923 0.02343750 0.04807692
0 0.18269231 0.31850962 0.03365385 0.05649038
0 0.04447115 0.29086538 0.02884615 0.03966346
0 0.02403846 0.30168269 0.02343750 0.03846154
0 0.14062500 0.14423077 0.03125000 0.03425481
0 0.10456731 0.21754808 0.03485577 0.04567308
0 0.04206731 0.56971154 0.01682692 0.01923077
0 0.01081731 0.56490385 0.02163462 0.02884615
0 0.12259615 0.38701923 0.03245192 0.05528846
0 0.06009615 0.18750000 0.02463942 0.03966346
0 0.08052885 0.18870192 0.02223558 0.04146635
0 0.05408654 0.44591346 0.03004808 0.05769231
0 0.05288462 0.49519231 0.02704327 0.04026442
0 0.71634615 0.39423077 0.03545673 0.04927885
0 0.64062500 0.33894231 0.03605769 0.05649038
0 0.78004808 0.29326923 0.04146635 0.06250000
0 0.59134615 0.08774038 0.03125000 0.05649038
0 0.82091346 0.03004808 0.03064904 0.04627404
0 0.77043269 0.43269231 0.03846154 0.04146635
0 0.79326923 0.02283654 0.02884615 0.04567308
0 0.57692308 0.31490385 0.03786058 0.05348558
0 0.74879808 0.37740385 0.03125000 0.07752404
0 0.66706731 0.37019231 0.03786058 0.04567308
0 0.84615385 0.37379808 0.04387019 0.06189904
0 0.64543269 0.50721154 0.01923077 0.03305288
0 0.92067308 0.81129808 0.02163462 0.03966346
0 0.96754808 0.79326923 0.02584135 0.05348558
0 0.87500000 0.81250000 0.02944712 0.04807692
0 0.90625000 0.79687500 0.02043269 0.04807692
0 0.83293269 0.59975962 0.02163462 0.04086538
0 0.94831731 0.69591346 0.02704327 0.05228365
0 0.93269231 0.99278846 0.05288462 0.01442308
