0 0.61778846 0.15625000 0.03245192 0.04807692
0 0.55048077 0.12620192 0.03125000 0.04807692
0 0.61177885 0.29927885 0.02584135 0.05108173
0 0.63461538 0.29687500 0.02524038 0.05108173
0 0.61538462 0.20673077 0.03064904 0.04387019
0 0.52403846 0.10456731 0.02644231 0.04567308
0 0.58774038 0.33293269 0.02824519 0.04687500
0 0.67548077 0.18750000 0.02043269 0.03305288
0 0.55048077 0.19471154 0.02824519 0.04086538
0 0.69350962 0.36538462 0.03365385 0.04867788
0 0.58293269 0.29086538 0.02764423 0.04987981
0 0.70432692 0.19951923 0.02584135 0.04387019
0 0.51201923 0.20192308 0.03125000 0.04747596
0 0.64663462 0.15144231 0.02884615 0.04387019
0 0.87259615 0.00841346 0.03365385 0.01682692
0 0.92668269 0.62259615 0.03125000 0.05408654
0 0.68389423 0.63822115 0.02524038 0.03665865
0 0.76562500 0.78485577 0.02644231 0.04627404
0 0.60817308 0.97115385 0.01983173 0.03305288
0 0.73437500 0.77644231 0.02223558 0.03966346
0 0.75480769 0.92067308 0.03004808 0.04387019
0 0.69110577 0.51802885 0.02223558 0.05048077
0 0.59495192 0.83533654 0.02163462 0.03665865
0 0.56250000 0.77403846 0.02043269 0.03786058
0 0.74759615 0.62980769 0.02103365 0.03906250
0 0.57932692 0.81490385 0.01923077 0.03906250
0 0.60937500 0.89903846 0.02704327 0.04747596
0 0.67427885 0.89062500 0.02103365 0.04026442
0 0.56129808 0.74038462 0.02043269 0.04326923
0 0.81129808 0.47596154 0.03605769 0.03365385
0 0.87740385 0.52283654 0.02403846 0.03125000
0 0.86538462 0.62259615 0.01682692 0.03605769
0 0.67067308 0.80168269 0.01201923 0.02644231
0 0.65865385 0.81490385 0.01923077 0.04927885
0 0.68870192 0.79447115 0.01923077 0.03966346
