0 0.04807692 0.30769231 0.02043269 0.04206731
0 0.10456731 0.15264423 0.02283654 0.03605769
0 0.10216346 0.35216346 0.02764423 0.03846154
0 0.13461538 0.22475962 0.02463942 0.03305288
0 0.01682692 0.09975962 0.02764423 0.03425481
0 0.01442308 0.22355769 0.02584135 0.03846154
0 0.12259615 0.21153846 0.01442308 0.03365385
0 0.04567308 0.15024038 0.02403846 0.04567308
0 0.19831731 0.40384615 0.02283654 0.04206731
0 0.08173077 0.13822115 0.02163462 0.03305288
0 0.12980769 0.53485577 0.02043269 0.03786058
0 0.05168269 0.37500000 0.03365385 0.08173077
0 0.08533654 0.39663462 0.02043269 0.03786058
0 0.12620192 0.45913462 0.02163462 0.03966346
0 0.36658654 0.85456731 0.02644231 0.04567308
0 0.30168269 0.69951923 0.04326923 0.03605769
0 0.37019231 0.69831731 0.01923077 0.05048077
0 0.29807692 0.88942308 0.01682692 0.02884615
0 0.30048077 0.85697115 0.01682692 0.03605769
0 0.37740385 0.60817308 0.00480769 0.03846154
0 0.37139423 0.60096154 0.01682692 0.02403846
0 0.57932692 0.66586538 0.04086538 0.06250000
