0 0.21394231 0.46875000 0.02584135 0.04447115
0 0.15264423 0.30168269 0.02584135 0.03966346
0 0.15504808 0.51682692 0.02884615 0.03966346
0 0.12019231 0.37860577 0.02403846 0.03545673
0 0.24759615 0.24399038 0.02644231 0.03545673
0 0.25000000 0.37740385 0.02644231 0.03966346
0 0.13341346 0.36538462 0.01983173 0.03906250
0 0.21634615 0.29927885 0.02704327 0.05108173
0 0.05288462 0.57211538 0.02584135 0.04447115
0 0.17788462 0.28605769 0.02103365 0.03425481
0 0.21033654 0.54086538 0.03245192 0.08593750
0 0.28125000 0.40144231 0.03725962 0.05528846
0 0.17307692 0.56370192 0.02103365 0.04026442
0 0.12860577 0.62980769 0.02163462 0.03846154
0 0.73798077 0.18509615 0.02764423 0.03545673
0 0.84495192 0.42788462 0.02343750 0.03906250
0 0.95552885 0.49879808 0.02584135 0.03665865
0 0.58052885 0.08894231 0.03786058 0.04387019
0 0.99158654 0.30168269 0.01682692 0.05048077
0 0.79447115 0.17067308 0.04086538 0.05108173
0 0.94711538 0.20793269 0.03425481 0.05228365
0 0.68269231 0.05048077 0.03125000 0.05408654
0 0.83293269 0.38822115 0.02343750 0.03485577
0 0.67908654 0.54807692 0.02223558 0.03906250
0 0.90625000 0.33052885 0.03485577 0.04687500
0 0.57692308 0.05168269 0.02764423 0.03365385
0 0.87379808 0.07451923 0.03846154 0.05528846
0 0.98798077 0.16826923 0.02403846 0.06250000
0 0.86418269 0.09134615 0.02884615 0.04867788
0 0.32932692 0.99158654 0.02884615 0.01682692
0 0.41586538 0.81129808 0.03185096 0.05108173
0 0.93028846 0.82451923 0.01682692 0.03425481
0 0.83774038 0.97836538 0.03125000 0.04326923
0 0.95793269 0.76562500 0.02343750 0.04326923
0 0.81129808 0.77884615 0.02463942 0.04447115
0 0.91586538 0.73437500 0.03004808 0.05288462
0 0.97235577 0.74278846 0.03365385 0.04567308
