0 0.31490385 0.37980769 0.04326923 0.09795673
0 0.28004808 0.19951923 0.02403846 0.04867788
0 0.23557692 0.22355769 0.03365385 0.05528846
0 0.36778846 0.19711538 0.02704327 0.03906250
0 0.38822115 0.20793269 0.02403846 0.03786058
0 0.27524038 0.05649038 0.03185096 0.03485577
0 0.31009615 0.12740385 0.03064904 0.04266827
0 0.36899038 0.46274038 0.01682692 0.01201923
0 0.40264423 0.45793269 0.02644231 0.02163462
0 0.29326923 0.28966346 0.03245192 0.05408654
0 0.35336538 0.09735577 0.02283654 0.03665865
0 0.33293269 0.09855769 0.02163462 0.03906250
0 0.35937500 0.34735577 0.03365385 0.05769231
0 0.36057692 0.39302885 0.02524038 0.03966346
0 0.43028846 0.23076923 0.00480769 0.04326923
0 0.28365385 0.78725962 0.01141827 0.01622596
0 0.20552885 0.56129808 0.00841346 0.02223558
0 0.38701923 0.47716346 0.00961538 0.01682692
0 0.03485577 0.82572115 0.01262019 0.02163462
0 0.09134615 0.96033654 0.01021635 0.02103365
0 0.95793269 0.85576923 0.03305288 0.04387019
0 0.95432692 0.78245192 0.03966346 0.05408654
