0 0.29086538 0.10817308 0.02764423 0.04807692
0 0.30528846 0.05649038 0.03004808 0.05588942
0 0.32331731 0.23557692 0.01802885 0.03425481
0 0.24879808 0.01682692 0.02644231 0.03365385
0 0.25841346 0.08173077 0.03545673 0.08233173
0 0.40264423 0.11298077 0.02584135 0.04026442
0 0.33653846 0.17908654 0.02283654 0.05108173
0 0.90865385 0.11177885 0.02884615 0.04326923
0 0.28245192 0.44831731 0.02644231 0.03725962
0 0.99639423 0.93389423 0.00721154 0.05528846
0 0.97355769 0.92668269 0.03906250 0.06009615
0 0.98076923 0.49038462 0.03004808 0.04206731
0 0.98076923 0.68269231 0.03846154 0.06730769
0 0.93149038 0.70673077 0.05649038 0.08052885
0 0.97716346 0.41826923 0.03906250 0.05408654
0 0.98437500 0.98076923 0.03125000 0.03846154
0 0.95432692 0.74278846 0.04387019 0.03966346
