0 0.24639423 0.01923077 0.04086538 0.03846154
0 0.30889423 0.11057692 0.03665865 0.07151442
0 0.03966346 0.40024038 0.04146635 0.09194712
0 0.25360577 0.21875000 0.04026442 0.07692308
0 0.20192308 0.28365385 0.03966346 0.07091346
0 0.11658654 0.53365385 0.04086538 0.11057692
0 0.13341346 0.17067308 0.04026442 0.06971154
0 0.26923077 0.09495192 0.03245192 0.07091346
0 0.19471154 0.33173077 0.03786058 0.05348558
0 0.16947115 0.31009615 0.03125000 0.07391827
0 0.15504808 0.25240385 0.04026442 0.06310096
0 0.16466346 0.18149038 0.03064904 0.06069712
0 0.99399038 0.53966346 0.01201923 0.05048077
