0 0.33413462 0.44831731 0.02764423 0.07692308
0 0.34615385 0.59855769 0.02524038 0.05889423
0 0.42548077 0.34014423 0.03485577 0.06250000
0 0.37379808 0.53125000 0.03245192 0.06250000
0 0.38461538 0.58413462 0.02764423 0.04326923
0 0.44711538 0.39903846 0.03004808 0.06971154
0 0.48798077 0.41586538 0.03605769 0.06730769
0 0.31129808 0.74879808 0.03125000 0.10576923
0 0.35817308 0.46875000 0.03485577 0.07812500
0 0.38461538 0.28245192 0.02764423 0.05168269
0 0.42548077 0.53846154 0.02764423 0.06370192
0 0.46754808 0.24879808 0.03004808 0.07692308
0 0.40745192 0.28725962 0.01923077 0.03725962
0 0.40504808 0.62379808 0.02764423 0.03485577
0 0.24759615 0.63942308 0.02764423 0.10456731
