0 0.12980769 0.18629808 0.02944712 0.08173077
0 0.14423077 0.34735577 0.03245192 0.06550481
0 0.22836538 0.07091346 0.04387019 0.06971154
0 0.17307692 0.27524038 0.03425481 0.06730769
0 0.18509615 0.33293269 0.02944712 0.04627404
0 0.25240385 0.13341346 0.03665865 0.07632212
0 0.29687500 0.15264423 0.03966346 0.07211538
0 0.10697115 0.50961538 0.03966346 0.11598558
0 0.15745192 0.20793269 0.03786058 0.08413462
0 0.18389423 0.01802885 0.03125000 0.03605769
0 0.22836538 0.28365385 0.02944712 0.06790865
0 0.20793269 0.01682692 0.02163462 0.03365385
0 0.20673077 0.37500000 0.03305288 0.04026442
0 0.03846154 0.39182692 0.02944712 0.11418269
0 0.68629808 0.72836538 0.01682692 0.03305288
