0 0.29206731 0.37019231 0.02163462 0.01923077
0 0.44711538 0.07451923 0.02944712 0.03786058
0 0.27524038 0.33413462 0.04447115 0.06490385
0 0.36899038 0.16586538 0.02764423 0.03846154
0 0.33774038 0.29326923 0.04807692 0.04206731
0 0.25721154 0.36057692 0.02403846 0.03425481
0 0.54206731 0.20432692 0.03185096 0.05348558
0 0.02043269 0.23918269 0.02343750 0.03305288
0 0.44230769 0.21875000 0.02103365 0.02944712
0 0.45913462 0.20432692 0.02524038 0.02644231
0 0.46995192 0.16105769 0.01742788 0.03846154
0 0.39182692 0.10096154 0.02283654 0.03846154
0 0.40504808 0.11057692 0.02103365 0.04447115
0 0.41346154 0.13100962 0.01502404 0.04326923
0 0.23076923 0.09375000 0.06670673 0.05348558
0 0.24639423 0.06490385 0.01862981 0.03305288
0 0.24879808 0.01442308 0.02163462 0.02884615
0 0.28365385 0.61418269 0.01802885 0.03305288
0 0.43750000 0.90865385 0.04086538 0.05889423
0 0.59375000 0.73317308 0.03305288 0.05528846
0 0.62620192 0.87019231 0.02644231 0.06250000
0 0.38221154 0.62379808 0.03485577 0.04747596
0 0.21033654 0.90985577 0.03125000 0.05288462
0 0.27644231 0.92307692 0.01622596 0.02824519
0 0.20793269 0.75480769 0.03305288 0.04447115
0 0.17908654 0.78846154 0.02824519 0.05288462
0 0.24519231 0.83293269 0.01021635 0.02403846
0 0.29206731 0.52644231 0.03305288 0.03966346
0 0.21153846 0.85096154 0.03245192 0.03966346
0 0.38221154 0.67427885 0.02103365 0.03846154
0 0.59495192 0.55408654 0.01442308 0.03125000
0 0.59134615 0.52884615 0.01502404 0.02463942
0 0.17908654 0.54206731 0.01682692 0.03185096
0 0.25961538 0.49038462 0.02403846 0.03605769
0 0.36778846 0.39543269 0.03846154 0.03125000
0 0.28004808 0.40985577 0.03365385 0.05168269
0 0.36778846 0.59134615 0.02824519 0.03786058
0 0.34014423 0.76322115 0.04507212 0.08173077
0 0.40384615 0.42908654 0.03125000 0.05408654
0 0.31009615 0.88221154 0.03665865 0.03966346
0 0.24639423 0.97235577 0.02644231 0.04687500
0 0.28245192 0.51322115 0.02403846 0.03245192
0 0.40745192 0.47596154 0.02403846 0.03125000
0 0.48437500 0.64903846 0.01562500 0.03125000
0 0.50000000 0.60096154 0.02764423 0.04086538
0 0.52884615 0.59855769 0.02163462 0.03846154
0 0.96875000 0.56610577 0.01862981 0.03665865
0 0.95552885 0.60096154 0.02103365 0.02403846
0 0.90865385 0.56370192 0.02824519 0.04206731
0 0.89062500 0.39903846 0.04086538 0.03846154
0 0.70312500 0.45793269 0.02704327 0.03545673
0 0.72596154 0.80288462 0.02884615 0.04387019
0 0.92668269 0.84615385 0.02103365 0.02463942
0 0.93750000 0.86418269 0.02343750 0.03966346
0 0.76562500 0.88221154 0.02343750 0.03605769
0 0.73557692 0.88581731 0.04206731 0.05528846
