0 0.41706731 0.03846154 0.02163462 0.07692308
0 0.39663462 0.05528846 0.02644231 0.05949519
0 0.42067308 0.20793269 0.01442308 0.05048077
0 0.73437500 0.95913462 0.01862981 0.04026442
0 0.55769231 0.80408654 0.01983173 0.03846154
0 0.66466346 0.87980769 0.02343750 0.02944712
0 0.67307692 0.92548077 0.01502404 0.02463942
0 0.66346154 0.95552885 0.01562500 0.02704327
0 0.65504808 0.97355769 0.01502404 0.02343750
0 0.67187500 0.99158654 0.04086538 0.01682692
0 0.81971154 0.80528846 0.01502404 0.02944712
0 0.84014423 0.81490385 0.02524038 0.02524038
