0 0.56370192 0.03004808 0.04086538 0.06009615
0 0.36418269 0.18990385 0.03786058 0.06490385
0 0.25120192 0.09495192 0.04266827 0.05108173
0 0.27043269 0.16706731 0.02644231 0.04747596
0 0.21634615 0.28485577 0.03725962 0.05348558
0 0.23677885 0.39302885 0.03365385 0.04026442
0 0.35697115 0.38100962 0.04747596 0.08112981
0 0.35456731 0.43509615 0.03605769 0.06730769
0 0.51442308 0.00721154 0.02884615 0.01442308
0 0.53365385 0.11418269 0.02403846 0.04326923
0 0.48557692 0.73557692 0.01923077 0.03365385
0 0.52884615 0.52884615 0.02764423 0.04987981
0 0.09975962 0.67788462 0.03485577 0.04807692
0 0.29807692 0.50120192 0.02584135 0.04326923
0 0.33653846 0.51562500 0.02764423 0.05108173
0 0.12860577 0.79447115 0.03725962 0.04326923
0 0.14903846 0.68629808 0.03245192 0.04026442
0 0.27644231 0.64543269 0.03605769 0.03846154
0 0.16586538 0.80408654 0.03605769 0.04146635
0 0.13581731 0.60817308 0.04507212 0.05709135
0 0.29086538 0.79206731 0.04326923 0.06610577
0 0.23437500 0.86177885 0.03245192 0.05649038
0 0.21514423 0.64302885 0.02584135 0.06610577
0 0.17187500 0.99038462 0.03605769 0.01923077
0 0.36899038 0.58774038 0.04266827 0.07091346
0 0.19350962 0.73076923 0.02283654 0.03004808
0 0.28365385 0.80649038 0.01682692 0.03605769
0 0.29326923 0.66225962 0.02403846 0.04026442
0 0.47596154 0.76802885 0.02644231 0.03365385
0 0.98557692 0.48437500 0.01802885 0.03064904
