0 0.69711538 0.07211538 0.03846154 0.06850962
0 0.49879808 0.23677885 0.03485577 0.06370192
0 0.38221154 0.13822115 0.03846154 0.04807692
0 0.40264423 0.21514423 0.02403846 0.04807692
0 0.35216346 0.33052885 0.03125000 0.05168269
0 0.36899038 0.43870192 0.03245192 0.03846154
0 0.49038462 0.42427885 0.03846154 0.07692308
0 0.48798077 0.48076923 0.03004808 0.06250000
0 0.47596154 0.71995192 0.04086538 0.04326923
0 0.45432692 0.86658654 0.04086538 0.04206731
0 0.35336538 0.71754808 0.03605769 0.04326923
0 0.36778846 0.82812500 0.03245192 0.05528846
0 0.34735577 0.76923077 0.03125000 0.04807692
0 0.29687500 0.69471154 0.03125000 0.06250000
0 0.31490385 0.75961538 0.03004808 0.04687500
0 0.30528846 0.84735577 0.03725962 0.06610577
0 0.39062500 0.70192308 0.02163462 0.03846154
0 0.64423077 0.03846154 0.02403846 0.04326923
0 0.66466346 0.16105769 0.02163462 0.04086538
