0 0.23798077 0.07211538 0.03545673 0.04146635
0 0.11778846 0.06009615 0.04266827 0.07812500
0 0.12019231 0.11538462 0.03245192 0.06670673
0 0.13221154 0.35096154 0.04447115 0.04627404
0 0.15264423 0.48197115 0.04086538 0.01201923
0 0.25480769 0.35096154 0.04086538 0.04747596
0 0.23918269 0.46033654 0.03305288 0.05528846
0 0.25841346 0.40384615 0.03485577 0.05108173
0 0.30889423 0.32572115 0.03725962 0.06490385
0 0.29206731 0.39182692 0.03125000 0.04927885
0 0.29927885 0.46514423 0.04086538 0.04567308
0 0.21875000 0.33533654 0.02524038 0.04146635
0 0.67187500 0.00600962 0.01201923 0.01201923
0 0.97475962 0.17307692 0.01141827 0.03305288
0 0.82692308 0.12980769 0.01322115 0.01923077
0 0.67067308 0.17788462 0.01201923 0.02403846
0 0.76562500 0.20673077 0.01742788 0.02043269
0 0.83052885 0.17788462 0.00961538 0.01081731
0 0.84495192 0.23557692 0.01201923 0.02043269
0 0.85216346 0.25721154 0.00961538 0.02043269
0 0.86658654 0.26081731 0.01442308 0.02884615
0 0.88341346 0.30408654 0.01201923 0.02644231
0 0.84495192 0.32331731 0.00961538 0.02524038
0 0.81850962 0.27403846 0.00961538 0.01923077
0 0.79567308 0.31129808 0.01442308 0.02403846
0 0.73197115 0.26442308 0.01201923 0.01923077
0 0.70432692 0.29687500 0.01562500 0.02644231
0 0.75841346 0.35216346 0.01201923 0.02163462
0 0.78365385 0.39663462 0.00961538 0.02403846
0 0.89182692 0.47836538 0.01923077 0.01923077
0 0.75961538 0.45793269 0.01562500 0.02644231
0 0.68389423 0.42548077 0.01562500 0.03605769
0 0.66105769 0.23317308 0.01201923 0.01923077
0 0.67307692 0.26201923 0.01201923 0.01923077
0 0.09014423 0.55168269 0.01442308 0.03064904
0 0.16826923 0.59134615 0.02644231 0.03605769
0 0.23557692 0.52764423 0.01201923 0.03545673
0 0.25240385 0.65264423 0.01442308 0.03125000
0 0.28004808 0.63822115 0.01923077 0.03245192
0 0.29567308 0.71514423 0.01442308 0.03064904
0 0.28004808 0.67908654 0.02463942 0.04146635
0 0.24879808 0.65865385 0.01141827 0.02524038
0 0.19951923 0.68269231 0.03245192 0.04146635
0 0.15264423 0.66346154 0.02524038 0.03605769
0 0.14062500 0.55048077 0.02584135 0.04687500
0 0.16586538 0.78004808 0.01682692 0.03064904
0 0.14543269 0.72716346 0.02163462 0.03786058
0 0.16346154 0.84855769 0.02223558 0.03125000
0 0.07692308 0.58173077 0.02163462 0.03245192
0 0.25841346 0.87500000 0.02884615 0.03125000
0 0.07812500 0.83293269 0.02043269 0.04086538
0 0.24519231 0.56610577 0.02403846 0.03605769
0 0.07812500 0.60817308 0.01442308 0.03605769
0 0.06250000 0.59375000 0.01201923 0.02043269
0 0.32932692 0.68389423 0.01201923 0.02163462
0 0.52884615 0.54807692 0.03665865 0.06490385
0 0.62980769 0.52524038 0.02704327 0.05528846
0 0.68269231 0.63942308 0.03365385 0.05228365
0 0.66346154 0.74759615 0.03545673 0.04146635
0 0.53365385 0.72956731 0.03846154 0.07091346
0 0.53605769 0.78966346 0.02584135 0.05528846
0 0.72836538 0.99399038 0.03846154 0.01201923
0 0.63100962 0.99519231 0.02163462 0.00961538
