0 0.69471154 0.07692308 0.03605769 0.06610577
0 0.49879808 0.23798077 0.03485577 0.06370192
0 0.38701923 0.14423077 0.03846154 0.04807692
0 0.40504808 0.21514423 0.02163462 0.04687500
0 0.35216346 0.33173077 0.03125000 0.05168269
0 0.37139423 0.43870192 0.03245192 0.03846154
0 0.49158654 0.42668269 0.03846154 0.07692308
0 0.48918269 0.48197115 0.03125000 0.06610577
0 0.47716346 0.71634615 0.04086538 0.04326923
0 0.45673077 0.86298077 0.04086538 0.04206731
0 0.35576923 0.71514423 0.03605769 0.04326923
0 0.37139423 0.82451923 0.03245192 0.05528846
0 0.35096154 0.76802885 0.03125000 0.04807692
0 0.30048077 0.69110577 0.03125000 0.06250000
0 0.31850962 0.75600962 0.03125000 0.05048077
0 0.30889423 0.84254808 0.03725962 0.06610577
0 0.39182692 0.70072115 0.02163462 0.03846154
0 0.64783654 0.04326923 0.02524038 0.04567308
0 0.66466346 0.16346154 0.02403846 0.04206731
