0 0.45793269 0.06490385 0.03605769 0.05528846
0 0.43750000 0.17908654 0.03425481 0.04146635
0 0.29927885 0.15985577 0.04567308 0.07632212
0 0.30288462 0.22355769 0.02524038 0.05829327
0 0.90144231 0.01562500 0.02403846 0.03125000
0 0.29687500 0.42788462 0.01502404 0.02463942
0 0.33774038 0.37259615 0.01862981 0.03004808
0 0.43269231 0.38341346 0.00961538 0.02584135
0 0.41947115 0.53846154 0.01262019 0.01983173
0 0.27884615 0.59735577 0.01502404 0.02584135
0 0.36899038 0.62620192 0.01802885 0.02283654
0 0.43629808 0.59735577 0.00961538 0.01262019
0 0.44471154 0.66586538 0.01382212 0.02043269
0 0.45793269 0.68269231 0.01322115 0.02463942
0 0.47716346 0.69110577 0.01802885 0.03064904
0 0.49038462 0.73677885 0.01442308 0.03004808
0 0.45552885 0.75240385 0.00961538 0.02524038
0 0.42427885 0.70913462 0.02524038 0.03004808
0 0.39302885 0.74399038 0.02163462 0.04687500
0 0.34975962 0.70673077 0.01322115 0.02043269
0 0.31009615 0.68870192 0.02043269 0.03365385
0 0.35817308 0.78365385 0.01442308 0.02644231
0 0.38341346 0.82572115 0.01201923 0.02884615
0 0.49038462 0.91706731 0.02524038 0.03966346
0 0.36538462 0.89663462 0.01802885 0.02884615
0 0.27884615 0.86418269 0.01802885 0.04206731
0 0.26322115 0.65865385 0.01322115 0.02043269
0 0.27644231 0.68990385 0.01322115 0.02163462
0 0.43389423 0.35456731 0.01201923 0.02163462
0 0.76562500 0.35216346 0.03605769 0.02644231
0 0.92668269 0.45793269 0.03004808 0.04627404
0 0.90985577 0.58894231 0.03365385 0.03906250
0 0.75721154 0.54206731 0.04387019 0.07211538
0 0.75240385 0.61418269 0.02884615 0.06009615
0 0.80168269 0.90745192 0.04747596 0.05288462
0 0.92427885 0.90144231 0.03966346 0.04747596
0 0.93990385 0.95793269 0.03485577 0.05528846
0 0.96754808 0.90985577 0.03605769 0.06550481
0 0.94350962 0.96394231 0.03725962 0.05528846
0 0.86298077 0.86899038 0.04086538 0.05408654
