0 0.69711538 0.06370192 0.03605769 0.06610577
0 0.49158654 0.23317308 0.03485577 0.06370192
0 0.37379808 0.12139423 0.03846154 0.04807692
0 0.39062500 0.21033654 0.02524038 0.05528846
0 0.33774038 0.32451923 0.03125000 0.05168269
0 0.35697115 0.43149038 0.03245192 0.03846154
0 0.48677885 0.41346154 0.03605769 0.06850962
0 0.48317308 0.47355769 0.02524038 0.05528846
0 0.46875000 0.72355769 0.04086538 0.04326923
0 0.44951923 0.86418269 0.04206731 0.04326923
0 0.34495192 0.71875000 0.03605769 0.04326923
0 0.36298077 0.82692308 0.03245192 0.05528846
0 0.33413462 0.76923077 0.03125000 0.05168269
0 0.29206731 0.70312500 0.03004808 0.05889423
0 0.31129808 0.76682692 0.03004808 0.04687500
0 0.30288462 0.85096154 0.03725962 0.06610577
0 0.38942308 0.69350962 0.02163462 0.03605769
0 0.62379808 0.02163462 0.02524038 0.04326923
0 0.65865385 0.16225962 0.02043269 0.03846154
