0 0.05528846 0.00721154 0.02403846 0.01442308
0 0.81971154 0.09014423 0.02403846 0.03125000
0 0.07211538 0.58533654 0.04687500 0.08233173
0 0.06850962 0.64903846 0.03665865 0.06490385
0 0.05408654 0.90384615 0.04447115 0.04807692
0 0.79206731 0.51682692 0.04086538 0.05769231
0 0.72716346 0.81971154 0.04387019 0.04807692
0 0.71394231 0.97235577 0.05288462 0.05528846
0 0.62259615 0.81850962 0.02944712 0.03665865
0 0.64302885 0.95312500 0.03245192 0.05288462
0 0.61177885 0.93028846 0.03966346 0.05649038
0 0.58774038 0.84735577 0.03665865 0.06911058
0 0.61658654 0.89423077 0.03545673 0.05348558
0 0.56971154 0.95793269 0.03004808 0.05468750
0 0.68149038 0.79326923 0.03786058 0.04807692
