0 0.28485577 0.06610577 0.03245192 0.05408654
0 0.29687500 0.18149038 0.03605769 0.04266827
0 0.44350962 0.14423077 0.04206731 0.07091346
0 0.44350962 0.21033654 0.03245192 0.05889423
0 0.72475962 0.06129808 0.03786058 0.04326923
0 0.86538462 0.03485577 0.04326923 0.06971154
0 0.86418269 0.09615385 0.03245192 0.05889423
0 0.66466346 0.32091346 0.03125000 0.01682692
0 0.76442308 0.31971154 0.01923077 0.01923077
0 0.42067308 0.42427885 0.03966346 0.08473558
0 0.30408654 0.44471154 0.02283654 0.03545673
0 0.27764423 0.56490385 0.02764423 0.04326923
0 0.29086538 0.64903846 0.03125000 0.03665865
0 0.43028846 0.63701923 0.04086538 0.07331731
0 0.42548077 0.71634615 0.03545673 0.06550481
0 0.30889423 0.98798077 0.03605769 0.02403846
0 0.87740385 0.54206731 0.04026442 0.08593750
0 0.73557692 0.42427885 0.03485577 0.04447115
0 0.75360577 0.52644231 0.02463942 0.04026442
0 0.72596154 0.65384615 0.02163462 0.03425481
0 0.74519231 0.76802885 0.03245192 0.03966346
0 0.88942308 0.73437500 0.03846154 0.06670673
0 0.88701923 0.81009615 0.03545673 0.06550481
0 0.96514423 0.34014423 0.03605769 0.02163462
