0 0.14062500 0.07331731 0.03305288 0.05949519
0 0.03605769 0.05528846 0.04146635 0.06490385
0 0.00721154 0.29807692 0.01442308 0.03846154
0 0.14663462 0.26201923 0.04026442 0.07211538
0 0.14783654 0.32812500 0.03185096 0.05889423
0 0.32211538 0.02403846 0.02103365 0.03846154
0 0.06971154 0.50480769 0.01622596 0.02944712
0 0.03125000 0.48798077 0.02163462 0.03485577
0 0.10336538 0.66105769 0.01622596 0.02944712
0 0.02403846 0.68990385 0.01622596 0.03425481
0 0.00480769 0.79206731 0.00961538 0.03605769
0 0.03966346 0.77163462 0.01622596 0.01923077
0 0.07091346 0.70432692 0.02403846 0.04326923
0 0.04086538 0.83774038 0.01802885 0.03245192
0 0.01562500 0.88701923 0.02043269 0.04447115
0 0.02403846 0.94711538 0.01562500 0.02524038
0 0.12019231 0.73317308 0.01923077 0.02884615
0 0.11778846 0.70192308 0.01802885 0.02764423
0 0.11298077 0.91947115 0.03485577 0.04326923
0 0.47235577 0.77403846 0.01742788 0.03004808
