0 0.70192308 0.04807692 0.03846154 0.06850962
0 0.47596154 0.20913462 0.03125000 0.05769231
0 0.35576923 0.09615385 0.03605769 0.04326923
0 0.37379808 0.19471154 0.03605769 0.06129808
0 0.32572115 0.31610577 0.03125000 0.05048077
0 0.33774038 0.42788462 0.03245192 0.03846154
0 0.48197115 0.39423077 0.03485577 0.06610577
0 0.48317308 0.45913462 0.02644231 0.05649038
0 0.44230769 0.73076923 0.04206731 0.04687500
0 0.43028846 0.86658654 0.04807692 0.05048077
0 0.32692308 0.72355769 0.03245192 0.04086538
0 0.34735577 0.83894231 0.03125000 0.05168269
0 0.31009615 0.76923077 0.03125000 0.05168269
0 0.28485577 0.71995192 0.03004808 0.05889423
0 0.30528846 0.77524038 0.03125000 0.05048077
0 0.28966346 0.85697115 0.03485577 0.05889423
0 0.38100962 0.68870192 0.03605769 0.05048077
0 0.60096154 0.02163462 0.02524038 0.04206731
0 0.65504808 0.16346154 0.01923077 0.03485577
