0 0.69951923 0.05649038 0.03605769 0.06610577
0 0.47836538 0.21514423 0.03125000 0.05769231
0 0.36057692 0.10576923 0.03605769 0.04326923
0 0.37620192 0.19350962 0.02524038 0.05528846
0 0.33052885 0.31850962 0.03125000 0.04807692
0 0.34615385 0.43028846 0.03485577 0.04086538
0 0.48437500 0.40264423 0.03605769 0.06850962
0 0.48317308 0.46394231 0.02644231 0.05649038
0 0.44591346 0.72716346 0.03846154 0.04326923
0 0.44711538 0.87139423 0.04687500 0.04807692
0 0.33894231 0.71995192 0.03605769 0.04326923
0 0.35336538 0.83413462 0.03125000 0.05168269
0 0.31250000 0.76923077 0.03245192 0.05168269
0 0.28846154 0.70913462 0.03004808 0.05889423
0 0.31129808 0.77163462 0.03125000 0.05048077
0 0.29687500 0.85336538 0.03485577 0.05889423
0 0.38461538 0.69350962 0.01923077 0.03485577
0 0.61177885 0.02283654 0.02524038 0.04567308
0 0.65625000 0.15985577 0.02043269 0.03725962
