0 0.14543269 0.00841346 0.03605769 0.01682692
0 0.00841346 0.21153846 0.01682692 0.04326923
0 0.14903846 0.18990385 0.04086538 0.07451923
0 0.14663462 0.25600962 0.03245192 0.06189904
0 0.23798077 0.40504808 0.01442308 0.01201923
0 0.19591346 0.40625000 0.02163462 0.01442308
0 0.17788462 0.47956731 0.01502404 0.03185096
0 0.19591346 0.43509615 0.02584135 0.04687500
0 0.23677885 0.42307692 0.01201923 0.02884615
0 0.27884615 0.44110577 0.03305288 0.04387019
0 0.33653846 0.42788462 0.02524038 0.03846154
0 0.32091346 0.54567308 0.02163462 0.03485577
0 0.34014423 0.49519231 0.02584135 0.04326923
0 0.32211538 0.62620192 0.02283654 0.03485577
0 0.21875000 0.65504808 0.03004808 0.03365385
0 0.41105769 0.60817308 0.02163462 0.04206731
0 0.14182692 0.44711538 0.01322115 0.02403846
0 0.71514423 0.51081731 0.03004808 0.04567308
0 0.72956731 0.60096154 0.03185096 0.03906250
0 0.87740385 0.58774038 0.04086538 0.07572115
0 0.87259615 0.67307692 0.03665865 0.06850962
0 0.79086538 0.98677885 0.03846154 0.02644231
0 0.69951923 0.99038462 0.03846154 0.01923077
0 0.74759615 0.97596154 0.03846154 0.04807692
