0 0.03605769 0.28125000 0.04807692 0.05108173
0 0.05168269 0.42788462 0.05108173 0.05048077
0 0.15024038 0.27524038 0.03125000 0.03605769
0 0.12259615 0.40144231 0.03305288 0.05288462
0 0.15865385 0.36899038 0.03786058 0.05588942
0 0.18629808 0.29086538 0.03725962 0.06790865
0 0.16105769 0.35096154 0.03425481 0.05649038
0 0.19471154 0.41466346 0.03846154 0.05829327
0 0.08774038 0.25240385 0.03605769 0.04867788
0 0.69230769 0.84375000 0.02884615 0.04387019
0 0.68389423 0.71274038 0.03786058 0.03305288
0 0.82091346 0.97716346 0.03125000 0.04567308
0 0.77283654 0.89543269 0.04627404 0.05468750
0 0.73197115 0.85576923 0.01622596 0.02463942
0 0.98197115 0.88942308 0.03605769 0.06250000
0 0.98918269 0.93629808 0.02163462 0.05528846
