0 0.70312500 0.03365385 0.03605769 0.06610577
0 0.46754808 0.19110577 0.03125000 0.05769231
0 0.34014423 0.08173077 0.03485577 0.04206731
0 0.35817308 0.17668269 0.03245192 0.05288462
0 0.31730769 0.30048077 0.02403846 0.03846154
0 0.33413462 0.42788462 0.03245192 0.03846154
0 0.47475962 0.38100962 0.03485577 0.06610577
0 0.48317308 0.45552885 0.02524038 0.05528846
0 0.43629808 0.73437500 0.04567308 0.05048077
0 0.41706731 0.87740385 0.04807692 0.05048077
0 0.31610577 0.72716346 0.03485577 0.04086538
0 0.34254808 0.84975962 0.03004808 0.05048077
0 0.30649038 0.78365385 0.03245192 0.05288462
0 0.27884615 0.73918269 0.03004808 0.05889423
0 0.30288462 0.78725962 0.03245192 0.05168269
0 0.28004808 0.86778846 0.03245192 0.05889423
0 0.37740385 0.69951923 0.03605769 0.05048077
0 0.66105769 0.17548077 0.01682692 0.03125000
