0 0.07091346 0.02644231 0.03605769 0.05288462
0 0.31610577 0.18629808 0.03125000 0.05588942
0 0.44711538 0.07331731 0.03725962 0.04387019
0 0.44230769 0.16225962 0.02043269 0.04086538
0 0.47235577 0.30288462 0.02764423 0.03966346
0 0.45312500 0.43389423 0.03365385 0.04086538
0 0.30769231 0.38701923 0.03846154 0.06790865
0 0.29807692 0.46274038 0.02884615 0.05588942
0 0.11298077 0.17908654 0.01983173 0.03185096
0 0.53125000 0.62379808 0.01923077 0.01201923
0 0.96514423 0.99759615 0.01201923 0.00480769
0 0.95312500 0.99278846 0.02163462 0.01442308
0 0.93750000 0.98798077 0.01442308 0.02403846
