0 0.30649038 0.26201923 0.04987981 0.05588942
0 0.43870192 0.25120192 0.03665865 0.04447115
0 0.45192308 0.33293269 0.03846154 0.03125000
0 0.47956731 0.26562500 0.03786058 0.06730769
0 0.45192308 0.31971154 0.04326923 0.05769231
0 0.37259615 0.22235577 0.04146635 0.05649038
0 0.65024038 0.30649038 0.02163462 0.05528846
0 0.82692308 0.32091346 0.01923077 0.05528846
0 0.70793269 0.21634615 0.02103365 0.02884615
0 0.76322115 0.25841346 0.02343750 0.04146635
0 0.72836538 0.09615385 0.01983173 0.03425481
0 0.85456731 0.19350962 0.03485577 0.04266827
0 0.69230769 0.10576923 0.02043269 0.03004808
0 0.78365385 0.23437500 0.01802885 0.04326923
0 0.83173077 0.16225962 0.02584135 0.04326923
0 0.83413462 0.14062500 0.02704327 0.04747596
0 0.54326923 0.82572115 0.04987981 0.03966346
0 0.87620192 0.71995192 0.03786058 0.05108173
0 0.83413462 0.67427885 0.03365385 0.04326923
0 0.73918269 0.92067308 0.03665865 0.06790865
0 0.79687500 0.64423077 0.04687500 0.05048077
0 0.94110577 0.79326923 0.04146635 0.05829327
0 0.91225962 0.97716346 0.04086538 0.04567308
0 0.77403846 0.51442308 0.03966346 0.03665865
0 0.84134615 0.94471154 0.03545673 0.03545673
0 0.86899038 0.84615385 0.02463942 0.04987981
0 0.77644231 0.88942308 0.02343750 0.04026442
