0 0.70192308 0.04447115 0.03125000 0.05649038
0 0.46274038 0.19230769 0.03125000 0.07692308
0 0.33293269 0.08774038 0.03125000 0.03725962
0 0.34495192 0.18629808 0.02163462 0.04086538
0 0.31370192 0.31370192 0.02043269 0.03245192
0 0.33413462 0.43269231 0.03004808 0.03485577
0 0.47235577 0.39182692 0.03245192 0.06250000
0 0.48076923 0.46995192 0.02524038 0.05528846
0 0.43028846 0.75721154 0.04086538 0.04567308
0 0.40745192 0.90024038 0.04807692 0.05048077
0 0.31129808 0.75000000 0.03125000 0.03725962
0 0.33653846 0.87620192 0.02764423 0.04687500
0 0.30048077 0.84254808 0.03485577 0.05288462
0 0.27524038 0.76802885 0.03125000 0.06250000
0 0.29927885 0.81971154 0.03245192 0.05168269
0 0.26923077 0.88942308 0.03245192 0.05649038
0 0.37139423 0.72475962 0.03245192 0.04326923
0 0.66225962 0.19951923 0.01923077 0.03485577
