0 0.10937500 0.02043269 0.03605769 0.04086538
0 0.68990385 0.13341346 0.04507212 0.05108173
0 0.78966346 0.13221154 0.04086538 0.05408654
0 0.82932692 0.16586538 0.03786058 0.07211538
0 0.79687500 0.20192308 0.04086538 0.03365385
0 0.73437500 0.11057692 0.03846154 0.04987981
0 0.02283654 0.27403846 0.01742788 0.03365385
0 0.06250000 0.33413462 0.02223558 0.03545673
0 0.02163462 0.47355769 0.02824519 0.03846154
0 0.09254808 0.40264423 0.01622596 0.03545673
0 0.10937500 0.53485577 0.01502404 0.03125000
0 0.13822115 0.52163462 0.01862981 0.03365385
0 0.15745192 0.60456731 0.01562500 0.03125000
0 0.13942308 0.56129808 0.02163462 0.04146635
0 0.10096154 0.54807692 0.01081731 0.02824519
0 0.06129808 0.56490385 0.03185096 0.04387019
0 0.00841346 0.55168269 0.01682692 0.04086538
0 0.00360577 0.42427885 0.00721154 0.05048077
0 0.01802885 0.67187500 0.01983173 0.03245192
0 0.00360577 0.61899038 0.00721154 0.04086538
0 0.01562500 0.74639423 0.02403846 0.03485577
0 0.11658654 0.77644231 0.03004808 0.03365385
0 0.10576923 0.44471154 0.02644231 0.03846154
0 0.07572115 0.21995192 0.01682692 0.00240385
0 0.19110577 0.57331731 0.01322115 0.02283654
0 0.83052885 0.96514423 0.01141827 0.02704327
