0 0.33894231 0.16225962 0.04627404 0.05168269
0 0.46394231 0.15384615 0.03665865 0.04266827
0 0.47355769 0.24038462 0.03846154 0.03846154
0 0.50000000 0.17187500 0.03665865 0.06670673
0 0.47596154 0.22596154 0.03665865 0.05468750
0 0.40024038 0.12620192 0.04026442 0.04927885
0 0.22716346 0.27163462 0.04086538 0.02403846
0 0.48076923 0.43509615 0.04387019 0.09375000
0 0.46754808 0.63942308 0.03725962 0.06790865
0 0.47355769 0.71634615 0.03245192 0.06670673
0 0.26201923 0.44831731 0.01923077 0.03605769
