0 0.35336538 0.16947115 0.03966346 0.08954327
0 0.20552885 0.04927885 0.03846154 0.04266827
0 0.22956731 0.16346154 0.02163462 0.03786058
0 0.20312500 0.29807692 0.02524038 0.03846154
0 0.36177885 0.34975962 0.03605769 0.01682692
0 0.79447115 0.02524038 0.03605769 0.05048077
0 0.54687500 0.19711538 0.04146635 0.09314904
0 0.40264423 0.07932692 0.02644231 0.04326923
0 0.42307692 0.18870192 0.02043269 0.04086538
0 0.39783654 0.32091346 0.01682692 0.03605769
0 0.76322115 0.21274038 0.01923077 0.03605769
0 0.62980769 0.00480769 0.03846154 0.00961538
0 0.31610577 0.38461538 0.02283654 0.04326923
0 0.27524038 0.52163462 0.03906250 0.04867788
0 0.28846154 0.61899038 0.03365385 0.04086538
0 0.38341346 0.61778846 0.01201923 0.07692308
0 0.38100962 0.66947115 0.01682692 0.06490385
0 0.37740385 0.89423077 0.02403846 0.04807692
0 0.26802885 0.94471154 0.05048077 0.05709135
0 0.27644231 0.99158654 0.03846154 0.01682692
0 0.26322115 0.89903846 0.03365385 0.04927885
0 0.20552885 0.85697115 0.03786058 0.06730769
0 0.22115385 0.93149038 0.03425481 0.05228365
0 0.29086538 0.90985577 0.02343750 0.03665865
