0 0.31850962 0.07091346 0.03786058 0.04326923
0 0.15625000 0.03125000 0.03846154 0.06250000
0 0.15625000 0.11658654 0.03365385 0.06189904
0 0.21754808 0.41225962 0.05048077 0.01201923
0 0.27043269 0.40024038 0.03605769 0.03605769
0 0.90985577 0.21995192 0.03605769 0.03365385
0 0.35576923 0.46274038 0.04326923 0.08894231
0 0.47355769 0.47475962 0.00961538 0.04086538
0 0.34735577 0.69471154 0.04507212 0.07872596
0 0.34975962 0.78365385 0.03665865 0.06911058
0 0.12019231 0.52644231 0.01983173 0.03725962
0 0.82331731 0.43149038 0.02644231 0.02644231
