0 0.16466346 0.02283654 0.02163462 0.03185096
0 0.18509615 0.14182692 0.03245192 0.03725962
0 0.33293269 0.09975962 0.03966346 0.07031250
0 0.33653846 0.18389423 0.02824519 0.05949519
0 0.27644231 0.48437500 0.04447115 0.05108173
0 0.16105769 0.48197115 0.03305288 0.03665865
0 0.12379808 0.49278846 0.03605769 0.05288462
0 0.22475962 0.45793269 0.03185096 0.04627404
0 0.31129808 0.53605769 0.04086538 0.03365385
0 0.10937500 0.68870192 0.04086538 0.06790865
0 0.00841346 0.59254808 0.01682692 0.05528846
0 0.01322115 0.66225962 0.02644231 0.05048077
0 0.10216346 0.88581731 0.04567308 0.08173077
0 0.09975962 0.94230769 0.03185096 0.06790865
0 0.28125000 0.61057692 0.02764423 0.04447115
0 0.59495192 0.70072115 0.01201923 0.06971154
0 0.59495192 0.77403846 0.01201923 0.05769231
