0 0.46754808 0.01923077 0.03605769 0.03846154
0 0.21033654 0.17908654 0.03786058 0.08834135
0 0.06610577 0.05769231 0.03725962 0.04567308
0 0.08052885 0.16225962 0.02403846 0.04266827
0 0.04927885 0.30168269 0.02403846 0.03485577
0 0.06971154 0.42427885 0.03665865 0.03906250
0 0.22235577 0.38100962 0.03786058 0.07031250
0 0.22596154 0.46875000 0.03485577 0.06370192
0 0.42788462 0.18028846 0.02103365 0.03786058
0 0.72475962 0.15264423 0.01502404 0.04146635
0 0.98677885 0.03365385 0.01983173 0.03485577
0 0.90144231 0.06730769 0.02644231 0.03846154
0 0.83173077 0.01802885 0.01442308 0.03605769
0 0.81490385 0.13942308 0.01742788 0.03966346
0 0.78365385 0.12860577 0.02343750 0.03966346
0 0.77163462 0.19831731 0.01622596 0.03185096
0 0.79447115 0.17427885 0.01983173 0.03485577
0 0.82932692 0.13461538 0.01742788 0.03786058
0 0.87019231 0.17187500 0.02884615 0.03786058
0 0.92067308 0.15144231 0.02524038 0.03846154
0 0.94471154 0.06490385 0.02944712 0.04867788
0 0.90024038 0.27043269 0.01742788 0.03365385
0 0.91706731 0.21634615 0.02403846 0.04747596
0 0.89663462 0.35576923 0.01983173 0.02944712
0 0.99399038 0.06971154 0.01201923 0.03365385
0 0.79927885 0.36538462 0.03245192 0.03725962
0 0.99639423 0.30889423 0.00721154 0.04086538
0 0.82091346 0.07812500 0.02163462 0.03245192
0 0.99278846 0.11057692 0.01442308 0.02884615
0 0.01562500 0.79567308 0.03125000 0.02884615
0 0.53365385 0.86177885 0.03004808 0.03485577
0 0.54807692 0.98677885 0.01923077 0.02644231
0 0.62500000 0.95432692 0.03665865 0.05168269
0 0.72235577 0.87620192 0.03125000 0.05228365
0 0.69951923 0.94110577 0.02403846 0.03665865
0 0.66706731 0.59735577 0.03125000 0.03605769
0 0.68629808 0.86177885 0.02463942 0.03786058
0 0.54927885 0.82692308 0.03545673 0.04507212
0 0.59615385 0.73677885 0.02343750 0.03485577
0 0.61057692 0.70673077 0.01923077 0.03786058
