0 0.06009615 0.04447115 0.03906250 0.06490385
0 0.05889423 0.12379808 0.03185096 0.06069712
0 0.00480769 0.41225962 0.00961538 0.05048077
0 0.98677885 0.03125000 0.02644231 0.03365385
0 0.99759615 0.15264423 0.00480769 0.03605769
0 0.87860577 0.31370192 0.02103365 0.04627404
0 0.62259615 0.80408654 0.02584135 0.04146635
0 0.69591346 0.88942308 0.03245192 0.04807692
0 0.78846154 0.81490385 0.02764423 0.05348558
0 0.55889423 0.68389423 0.03425481 0.04326923
0 0.64663462 0.97475962 0.02403846 0.04627404
0 0.75360577 0.80048077 0.01923077 0.03786058
0 0.68509615 0.64062500 0.01862981 0.03846154
0 0.76081731 0.86538462 0.02584135 0.05288462
0 0.74158654 0.54086538 0.02884615 0.03906250
0 0.63701923 0.76802885 0.02764423 0.03665865
0 0.62620192 0.91466346 0.01983173 0.03966346
0 0.67067308 0.68389423 0.01862981 0.03665865
0 0.72716346 0.99519231 0.02163462 0.00961538
