0 0.69471154 0.07932692 0.03485577 0.08413462
0 0.44951923 0.25721154 0.03245192 0.08173077
0 0.30889423 0.14903846 0.03605769 0.04326923
0 0.32812500 0.29326923 0.01923077 0.07812500
0 0.30528846 0.39423077 0.02644231 0.04206731
0 0.31850962 0.47475962 0.02764423 0.03485577
0 0.45673077 0.46514423 0.03605769 0.06850962
0 0.45192308 0.54447115 0.02764423 0.05889423
0 0.37139423 0.84014423 0.03485577 0.04326923
0 0.29326923 0.85576923 0.03605769 0.05048077
0 0.28725962 0.97235577 0.03125000 0.05168269
0 0.25240385 0.89182692 0.03245192 0.06610577
0 0.28725962 0.93028846 0.03125000 0.05048077
0 0.22836538 0.95432692 0.02764423 0.04807692
0 0.33413462 0.82692308 0.03125000 0.04326923
0 0.66586538 0.33293269 0.01923077 0.03245192
0 0.51682692 0.04086538 0.03125000 0.04807692
