0 0.08774038 0.01562500 0.02644231 0.03125000
0 0.06370192 0.09375000 0.02704327 0.04387019
0 0.07692308 0.17668269 0.03064904 0.03725962
0 0.22235577 0.16586538 0.03786058 0.07211538
0 0.21634615 0.25000000 0.03365385 0.06790865
0 0.13701923 0.56610577 0.03966346 0.04807692
0 0.05048077 0.57812500 0.04026442 0.05408654
0 0.01201923 0.61538462 0.02403846 0.06730769
0 0.04447115 0.63701923 0.03605769 0.02403846
0 0.09134615 0.54807692 0.03365385 0.04507212
0 0.44230769 0.03245192 0.02043269 0.03545673
0 0.90865385 0.37980769 0.02644231 0.03425481
