0 0.69350962 0.08293269 0.03245192 0.07932692
0 0.44711538 0.26081731 0.03245192 0.08173077
0 0.30649038 0.15865385 0.03725962 0.04687500
0 0.32932692 0.30649038 0.01923077 0.07812500
0 0.30528846 0.40264423 0.02644231 0.04206731
0 0.31610577 0.47596154 0.02764423 0.03485577
0 0.45432692 0.46754808 0.03605769 0.06850962
0 0.45072115 0.54807692 0.03004808 0.06250000
0 0.37259615 0.85336538 0.03485577 0.04326923
0 0.29086538 0.86538462 0.03605769 0.05048077
0 0.28365385 0.97475962 0.03125000 0.04807692
0 0.25000000 0.90625000 0.03245192 0.06610577
0 0.28846154 0.93629808 0.03004808 0.04687500
0 0.22475962 0.96514423 0.02764423 0.04807692
0 0.32932692 0.83653846 0.03004808 0.04086538
0 0.66586538 0.34735577 0.01923077 0.03245192
0 0.51201923 0.04086538 0.03125000 0.04807692
