0 0.19711538 0.02163462 0.03846154 0.04326923
0 0.45072115 0.18149038 0.03365385 0.08413462
0 0.44110577 0.39663462 0.03786058 0.07151442
0 0.44591346 0.47716346 0.03425481 0.06610577
0 0.22596154 0.24399038 0.02163462 0.03485577
0 0.90384615 0.04567308 0.01442308 0.02944712
0 0.88341346 0.01322115 0.02644231 0.02644231
0 0.84615385 0.00480769 0.00961538 0.00961538
0 0.80649038 0.01442308 0.03125000 0.02884615
0 0.75000000 0.00961538 0.02403846 0.01923077
0 0.76802885 0.11177885 0.02043269 0.03365385
0 0.74759615 0.06490385 0.02163462 0.03966346
0 0.76442308 0.18629808 0.01983173 0.03185096
0 0.86177885 0.21634615 0.02884615 0.03245192
0 0.68149038 0.16947115 0.02043269 0.03966346
0 0.93509615 0.01923077 0.01322115 0.02283654
0 0.19471154 0.77043269 0.04627404 0.03846154
