0 0.09014423 0.03605769 0.02644231 0.07211538
0 0.11538462 0.13341346 0.02824519 0.04507212
0 0.10336538 0.21153846 0.02944712 0.03725962
0 0.43269231 0.27403846 0.02884615 0.04807692
0 0.03846154 0.68870192 0.01562500 0.02644231
0 0.07211538 0.64903846 0.01923077 0.03305288
0 0.09975962 0.48317308 0.00781250 0.01562500
0 0.08894231 0.48557692 0.01502404 0.01562500
0 0.08293269 0.49399038 0.01442308 0.01923077
0 0.14783654 0.62019231 0.01382212 0.02944712
0 0.31730769 0.52524038 0.02584135 0.01862981
0 0.28004808 0.93389423 0.01322115 0.03545673
0 0.13581731 0.77644231 0.01442308 0.02343750
0 0.01201923 0.85216346 0.01923077 0.03125000
0 0.09375000 0.88100962 0.01562500 0.01923077
0 0.15865385 0.84134615 0.00961538 0.01442308
0 0.16706731 0.90985577 0.01923077 0.02824519
0 0.18028846 0.94591346 0.01081731 0.02163462
0 0.20432692 0.94110577 0.02644231 0.04927885
0 0.21274038 0.99278846 0.01201923 0.01442308
0 0.19471154 0.98918269 0.01923077 0.02163462
0 0.15264423 0.96153846 0.02644231 0.03846154
0 0.07812500 0.96274038 0.02644231 0.03004808
0 0.04086538 0.90264423 0.02524038 0.04086538
0 0.15985577 0.64302885 0.01442308 0.02163462
0 0.51682692 0.70192308 0.03064904 0.03365385
0 0.52884615 0.73076923 0.02524038 0.03425481
0 0.68750000 0.43509615 0.02403846 0.03365385
0 0.70913462 0.50240385 0.02584135 0.04807692
0 0.67427885 0.63341346 0.02403846 0.03185096
0 0.63341346 0.52764423 0.02283654 0.04567308
0 0.54326923 0.53125000 0.03365385 0.04807692
