0 0.47115385 0.01802885 0.01442308 0.03605769
0 0.46274038 0.11177885 0.03064904 0.03545673
0 0.32572115 0.09014423 0.04387019 0.07211538
0 0.32572115 0.17187500 0.03064904 0.06430288
0 0.39302885 0.47596154 0.04086538 0.04807692
0 0.47355769 0.47836538 0.00961538 0.04326923
0 0.43990385 0.45673077 0.03665865 0.04627404
0 0.69951923 0.05048077 0.02343750 0.04387019
0 0.86658654 0.05168269 0.04026442 0.07031250
0 0.93750000 0.01442308 0.03365385 0.02884615
0 0.96033654 0.05649038 0.03786058 0.07031250
0 0.96514423 0.15865385 0.03185096 0.03906250
0 0.95192308 0.21394231 0.03786058 0.04507212
0 0.88341346 0.25961538 0.03665865 0.07091346
0 0.88822115 0.29567308 0.02463942 0.04507212
0 0.88581731 0.46634615 0.03064904 0.04266827
0 0.98197115 0.47355769 0.03605769 0.05288462
0 0.98677885 0.42548077 0.02644231 0.07211538
0 0.20913462 0.70312500 0.02163462 0.03245192
0 0.01322115 0.71754808 0.02644231 0.03125000
0 0.89783654 0.55168269 0.04387019 0.06490385
