0 0.34375000 0.29807692 0.03846154 0.04326923
0 0.39182692 0.28245192 0.03365385 0.04567308
0 0.76682692 0.03605769 0.04807692 0.07211538
0 0.89903846 0.01682692 0.02403846 0.03365385
0 0.92908654 0.15504808 0.02764423 0.03966346
0 0.91225962 0.27163462 0.04026442 0.04627404
0 0.75360577 0.24038462 0.03605769 0.06850962
0 0.75721154 0.30408654 0.03365385 0.03125000
0 0.53725962 0.03725962 0.02343750 0.03966346
0 0.07091346 0.48798077 0.04807692 0.03786058
0 0.53004808 0.35697115 0.02343750 0.03966346
0 0.48557692 0.49519231 0.03125000 0.04086538
0 0.55889423 0.43389423 0.01442308 0.03545673
0 0.58173077 0.56250000 0.01562500 0.03425481
0 0.60817308 0.54927885 0.02824519 0.04387019
0 0.62500000 0.63221154 0.01502404 0.03305288
0 0.60216346 0.59735577 0.02463942 0.03966346
0 0.56610577 0.56490385 0.01322115 0.02944712
0 0.51923077 0.59615385 0.03305288 0.04507212
0 0.46875000 0.57692308 0.02764423 0.04026442
0 0.45192308 0.47235577 0.02824519 0.05048077
0 0.48557692 0.70312500 0.01923077 0.03545673
0 0.46634615 0.65264423 0.02223558 0.04146635
0 0.48197115 0.77524038 0.02223558 0.03245192
0 0.58894231 0.80288462 0.03245192 0.03846154
0 0.57211538 0.47956731 0.02403846 0.03605769
0 0.66706731 0.60336538 0.01201923 0.02403846
