0 0.55288462 0.14783654 0.01201923 0.02103365
0 0.60216346 0.09495192 0.03185096 0.03485577
0 0.72956731 0.09375000 0.00901442 0.01862981
0 0.72836538 0.11298077 0.00961538 0.01562500
0 0.71875000 0.12620192 0.01442308 0.02644231
0 0.71875000 0.10576923 0.01322115 0.01983173
0 0.75360577 0.00961538 0.02223558 0.01802885
0 0.87019231 0.33293269 0.01322115 0.03365385
0 0.71153846 0.28365385 0.01382212 0.01983173
0 0.54807692 0.33413462 0.01382212 0.02463942
0 0.64903846 0.36298077 0.01923077 0.02103365
0 0.71875000 0.33293269 0.00961538 0.01322115
0 0.73317308 0.39302885 0.01322115 0.02163462
0 0.74038462 0.41826923 0.00961538 0.02163462
0 0.75600962 0.42307692 0.01442308 0.03004808
0 0.77403846 0.46875000 0.01322115 0.02884615
0 0.73197115 0.48557692 0.00961538 0.02524038
0 0.70432692 0.43629808 0.00961538 0.02043269
0 0.67788462 0.46995192 0.01442308 0.02524038
0 0.61418269 0.42668269 0.01322115 0.02043269
0 0.58413462 0.45913462 0.01682692 0.02884615
0 0.63942308 0.51682692 0.01442308 0.02403846
0 0.53966346 0.39302885 0.01322115 0.02043269
0 0.55048077 0.42307692 0.01322115 0.02163462
0 0.72956731 0.12860577 0.01201923 0.01682692
0 0.36538462 0.63221154 0.01562500 0.03365385
0 0.20793269 0.56850962 0.01262019 0.02163462
0 0.05168269 0.61778846 0.01262019 0.02463942
0 0.14903846 0.65024038 0.01682692 0.02223558
0 0.21634615 0.61899038 0.00961538 0.01322115
0 0.23076923 0.67908654 0.01322115 0.02163462
0 0.23918269 0.70552885 0.00961538 0.02163462
0 0.25480769 0.71033654 0.01442308 0.03004808
0 0.27163462 0.75600962 0.01322115 0.02884615
0 0.22716346 0.77283654 0.01201923 0.03004808
0 0.20552885 0.72235577 0.00961538 0.02163462
0 0.17548077 0.76322115 0.02163462 0.04687500
0 0.11778846 0.71754808 0.01322115 0.02043269
0 0.08533654 0.73677885 0.01682692 0.02884615
0 0.13942308 0.80408654 0.01322115 0.02283654
0 0.16586538 0.84855769 0.00961538 0.02524038
0 0.27884615 0.94350962 0.02163462 0.03725962
0 0.14302885 0.92307692 0.01802885 0.02884615
0 0.06009615 0.88341346 0.01682692 0.03846154
0 0.04086538 0.67668269 0.01322115 0.02043269
0 0.05048077 0.70913462 0.01322115 0.02163462
0 0.98798077 0.55769231 0.02403846 0.05769231
