0 0.51802885 0.01322115 0.03125000 0.02644231
0 0.50721154 0.05288462 0.03245192 0.03966346
0 0.44831731 0.10096154 0.03966346 0.06971154
0 0.45072115 0.14182692 0.02163462 0.04326923
0 0.44591346 0.30769231 0.03125000 0.04387019
0 0.44591346 0.45673077 0.03605769 0.03665865
0 0.53125000 0.38100962 0.03966346 0.04627404
0 0.55528846 0.40264423 0.03125000 0.04747596
0 0.54206731 0.30889423 0.04086538 0.06189904
0 0.55168269 0.25360577 0.03846154 0.06670673
0 0.59615385 0.31370192 0.02403846 0.05528846
0 0.62980769 0.50721154 0.04326923 0.09134615
