0 0.01322115 0.07331731 0.02644231 0.07451923
0 0.00841346 0.11177885 0.01682692 0.04567308
0 0.01442308 0.28004808 0.02884615 0.04567308
0 0.01442308 0.43149038 0.02884615 0.04086538
0 0.94471154 0.26442308 0.04266827 0.05168269
0 0.80889423 0.41466346 0.03846154 0.05108173
0 0.95913462 0.50360577 0.03125000 0.04927885
0 0.99399038 0.50600962 0.01201923 0.04567308
0 0.96153846 0.13822115 0.03245192 0.04447115
0 0.63221154 0.35456731 0.04507212 0.06430288
0 0.86418269 0.33533654 0.04326923 0.05348558
0 0.90384615 0.28605769 0.02884615 0.03305288
0 0.64062500 0.29567308 0.03665865 0.07331731
0 0.87860577 0.46634615 0.02644231 0.05228365
0 0.30408654 0.64663462 0.02884615 0.04507212
0 0.33052885 0.81610577 0.02223558 0.04026442
0 0.41826923 0.93509615 0.02043269 0.03906250
0 0.36778846 0.86778846 0.01983173 0.03365385
0 0.39423077 0.78245192 0.02764423 0.04747596
0 0.13461538 0.57091346 0.04507212 0.05949519
0 0.46274038 0.74759615 0.03485577 0.06430288
0 0.49879808 0.76682692 0.03305288 0.05408654
0 0.32091346 0.91706731 0.02103365 0.04627404
0 0.41346154 0.54086538 0.03365385 0.02403846
0 0.36899038 0.58052885 0.01862981 0.03185096
0 0.36778846 0.68870192 0.02644231 0.05588942
0 0.13461538 0.53846154 0.02884615 0.01923077
0 0.18870192 0.97716346 0.01682692 0.04567308
0 0.47596154 0.87500000 0.02343750 0.03425481
0 0.91706731 0.65144231 0.02884615 0.03245192
