0 0.54687500 0.19711538 0.02043269 0.04086538
0 0.51923077 0.03846154 0.03485577 0.06250000
0 0.38221154 0.18028846 0.03485577 0.06370192
0 0.31850962 0.15024038 0.02764423 0.04687500
0 0.29567308 0.19350962 0.03245192 0.06730769
0 0.29206731 0.29086538 0.03004808 0.03725962
0 0.30528846 0.34014423 0.03245192 0.03846154
0 0.36538462 0.38822115 0.03605769 0.06850962
0 0.36298077 0.42307692 0.02043269 0.04326923
0 0.36778846 0.59134615 0.03125000 0.04326923
0 0.36658654 0.73557692 0.03605769 0.03605769
0 0.27644231 0.65985577 0.03725962 0.04326923
0 0.25961538 0.68389423 0.02644231 0.04326923
0 0.26442308 0.59014423 0.03725962 0.06129808
0 0.26322115 0.53485577 0.03245192 0.06610577
0 0.18509615 0.54807692 0.03125000 0.06250000
0 0.21153846 0.59975962 0.03485577 0.05528846
0 0.18149038 0.70432692 0.03846154 0.06730769
