0 0.19230769 0.09855769 0.03665865 0.04927885
0 0.19230769 0.25961538 0.04086538 0.04146635
0 0.29447115 0.17548077 0.04807692 0.05588942
0 0.31009615 0.20673077 0.03725962 0.06189904
0 0.30168269 0.10456731 0.04387019 0.06670673
0 0.30889423 0.04206731 0.04086538 0.07451923
0 0.62139423 0.27644231 0.01442308 0.02343750
0 0.66826923 0.22235577 0.02283654 0.03665865
0 0.71634615 0.06850962 0.01021635 0.01682692
0 0.71274038 0.07812500 0.01562500 0.01742788
0 0.70673077 0.09495192 0.01442308 0.01742788
0 0.70192308 0.10697115 0.01562500 0.01682692
0 0.78725962 0.21634615 0.00901442 0.01923077
0 0.78966346 0.24158654 0.01262019 0.02103365
0 0.77764423 0.24639423 0.01442308 0.02704327
0 0.84615385 0.12500000 0.02403846 0.01562500
0 0.77043269 0.40625000 0.01682692 0.00480769
