0 0.54447115 0.18389423 0.02043269 0.04086538
0 0.52043269 0.03485577 0.03485577 0.06250000
0 0.38100962 0.17788462 0.03605769 0.06730769
0 0.31370192 0.14302885 0.02764423 0.04807692
0 0.29206731 0.19110577 0.03485577 0.06730769
0 0.29086538 0.29086538 0.03125000 0.03846154
0 0.29807692 0.33894231 0.03485577 0.04086538
0 0.36538462 0.38341346 0.03605769 0.06850962
0 0.36057692 0.42067308 0.02043269 0.04326923
0 0.36298077 0.59014423 0.03125000 0.04326923
0 0.36298077 0.73557692 0.03485577 0.03605769
0 0.27163462 0.65985577 0.03846154 0.04687500
0 0.25721154 0.68870192 0.03245192 0.05528846
0 0.26442308 0.59615385 0.03725962 0.05889423
0 0.25721154 0.54086538 0.03245192 0.06610577
0 0.18629808 0.54927885 0.03125000 0.06250000
0 0.20913462 0.60216346 0.03485577 0.05528846
0 0.18028846 0.70432692 0.03846154 0.06730769
