0 0.54326923 0.17307692 0.02043269 0.04086538
0 0.52043269 0.03004808 0.03605769 0.06009615
0 0.37860577 0.17788462 0.03605769 0.06730769
0 0.31129808 0.13461538 0.03004808 0.05168269
0 0.29086538 0.18269231 0.03245192 0.06730769
0 0.28245192 0.28125000 0.03125000 0.03846154
0 0.29687500 0.33894231 0.03485577 0.04086538
0 0.36418269 0.38100962 0.03605769 0.06850962
0 0.36057692 0.41826923 0.02043269 0.04326923
0 0.36057692 0.59014423 0.02764423 0.03846154
0 0.36177885 0.73918269 0.03605769 0.03605769
0 0.26802885 0.65745192 0.03846154 0.04687500
0 0.25120192 0.68629808 0.03245192 0.05528846
0 0.26802885 0.60096154 0.03725962 0.05889423
0 0.25120192 0.54927885 0.03485577 0.06850962
0 0.17788462 0.55528846 0.03125000 0.06250000
0 0.20673077 0.60336538 0.03485577 0.05528846
0 0.18028846 0.71153846 0.03846154 0.06730769
