0 0.03004808 0.14543269 0.04747596 0.07872596
0 0.02403846 0.18389423 0.02463942 0.05108173
0 0.02283654 0.36298077 0.03125000 0.00961538
0 0.01682692 0.45552885 0.03305288 0.04747596
0 0.03485577 0.57211538 0.03365385 0.05468750
0 0.09134615 0.79927885 0.03125000 0.05889423
0 0.08293269 0.39182692 0.02764423 0.04387019
0 0.24038462 0.54086538 0.01562500 0.03245192
0 0.25240385 0.45913462 0.02043269 0.03425481
0 0.31009615 0.87740385 0.03004808 0.04807692
0 0.12740385 0.43149038 0.02704327 0.03665865
0 0.18028846 0.61177885 0.02043269 0.03846154
0 0.19951923 0.78725962 0.02764423 0.05228365
0 0.11177885 0.48798077 0.02163462 0.03545673
0 0.14423077 0.68028846 0.02704327 0.06250000
0 0.74639423 0.54447115 0.02463942 0.04507212
0 0.71394231 0.38581731 0.04326923 0.03605769
0 0.56370192 0.52644231 0.04206731 0.07271635
0 0.49399038 0.49399038 0.03245192 0.05228365
0 0.46875000 0.54086538 0.03725962 0.07572115
0 0.46514423 0.64903846 0.03425481 0.04387019
0 0.47956731 0.70432692 0.03605769 0.04326923
0 0.54567308 0.75600962 0.04747596 0.07752404
0 0.54206731 0.79567308 0.02343750 0.04807692
0 0.54687500 0.97836538 0.03605769 0.04326923
0 0.43269231 0.97235577 0.04807692 0.05528846
0 0.43269231 0.91826923 0.03725962 0.07211538
