0 0.03245192 0.10817308 0.02403846 0.04507212
0 0.01923077 0.01322115 0.03846154 0.02644231
0 0.46875000 0.13461538 0.02944712 0.04867788
0 0.64783654 0.29326923 0.02644231 0.00961538
0 0.48197115 0.03004808 0.03605769 0.06009615
0 0.75480769 0.11177885 0.03185096 0.06370192
0 0.65625000 0.05889423 0.03545673 0.05408654
0 0.52764423 0.18028846 0.02463942 0.04927885
0 0.50600962 0.24158654 0.03305288 0.06370192
0 0.64783654 0.15144231 0.02884615 0.05048077
0 0.57091346 0.18509615 0.03425481 0.03665865
0 0.31009615 0.30769231 0.03365385 0.01923077
0 0.31129808 0.37980769 0.03725962 0.04387019
0 0.40985577 0.40264423 0.03605769 0.08413462
0 0.41346154 0.45072115 0.02884615 0.05528846
0 0.40865385 0.65024038 0.03545673 0.04687500
0 0.40504808 0.81009615 0.04146635 0.04086538
0 0.30769231 0.71274038 0.04627404 0.05649038
0 0.29807692 0.76322115 0.03725962 0.05528846
0 0.29687500 0.64062500 0.03545673 0.04807692
0 0.22115385 0.61177885 0.04146635 0.07151442
0 0.24639423 0.67548077 0.04026442 0.05588942
0 0.22836538 0.78245192 0.04627404 0.07271635
0 0.31250000 0.67668269 0.02584135 0.03786058
0 0.44350962 0.73557692 0.03125000 0.03846154
