0 0.60576923 0.13701923 0.02043269 0.04206731
0 0.59495192 0.03004808 0.03245192 0.05889423
0 0.43629808 0.17067308 0.03605769 0.06730769
0 0.35817308 0.11658654 0.02764423 0.04807692
0 0.35216346 0.17067308 0.03125000 0.06370192
0 0.33413462 0.26923077 0.03245192 0.04206731
0 0.34254808 0.34134615 0.03125000 0.03725962
0 0.42788462 0.37620192 0.03725962 0.07211538
0 0.41947115 0.41105769 0.02043269 0.04326923
0 0.42307692 0.59134615 0.02764423 0.03846154
0 0.42187500 0.74879808 0.03725962 0.03846154
0 0.32692308 0.65985577 0.03846154 0.04687500
0 0.31610577 0.70312500 0.02764423 0.04687500
0 0.31971154 0.58173077 0.02764423 0.04326923
0 0.24278846 0.56129808 0.03245192 0.06610577
0 0.26682692 0.61778846 0.03245192 0.05168269
0 0.24759615 0.72235577 0.03846154 0.06730769
0 0.32932692 0.62500000 0.02403846 0.04326923
