0 0.62379808 0.13221154 0.02163462 0.04326923
0 0.61057692 0.03004808 0.03245192 0.05889423
0 0.45312500 0.17067308 0.03605769 0.06730769
0 0.37379808 0.11778846 0.03004808 0.05168269
0 0.37139423 0.17187500 0.03485577 0.06730769
0 0.34975962 0.26923077 0.03125000 0.04086538
0 0.36177885 0.34254808 0.03245192 0.03846154
0 0.44350962 0.37620192 0.03846154 0.07692308
0 0.43149038 0.40745192 0.01923077 0.04206731
0 0.43750000 0.59735577 0.03004808 0.04086538
0 0.43629808 0.75120192 0.03725962 0.03846154
0 0.34254808 0.66346154 0.03846154 0.04687500
0 0.33293269 0.70432692 0.03004808 0.05048077
0 0.33293269 0.58774038 0.03004808 0.04687500
0 0.25961538 0.56370192 0.03245192 0.06610577
0 0.28245192 0.61778846 0.03245192 0.05168269
0 0.26201923 0.72475962 0.03725962 0.06610577
0 0.34735577 0.62740385 0.02403846 0.04206731
