0 0.13100962 0.04807692 0.03846154 0.04987981
0 0.12740385 0.21274038 0.04326923 0.04507212
0 0.02524038 0.11658654 0.04146635 0.05048077
0 0.01562500 0.16466346 0.03125000 0.05528846
0 0.01201923 0.03605769 0.02403846 0.04807692
0 0.03485577 0.08774038 0.02764423 0.04266827
0 0.58894231 0.01682692 0.01923077 0.03365385
0 0.61778846 0.00841346 0.00961538 0.01682692
0 0.62019231 0.03846154 0.01802885 0.03064904
0 0.54326923 0.15745192 0.01622596 0.02223558
0 0.52283654 0.12740385 0.01201923 0.01502404
0 0.50961538 0.14182692 0.01322115 0.01983173
0 0.42067308 0.10096154 0.00480769 0.01923077
0 0.42187500 0.08293269 0.00721154 0.02163462
0 0.42548077 0.06250000 0.01201923 0.02043269
0 0.48918269 0.03125000 0.01081731 0.01862981
0 0.52644231 0.02043269 0.01862981 0.03846154
0 0.52403846 0.06370192 0.01201923 0.02403846
0 0.53846154 0.07692308 0.01682692 0.02884615
0 0.68028846 0.03004808 0.01322115 0.02163462
0 0.68389423 0.01682692 0.01201923 0.01682692
0 0.68990385 0.00480769 0.00961538 0.00961538
0 0.69110577 0.00360577 0.01201923 0.00721154
0 0.01562500 0.62860577 0.01262019 0.02103365
0 0.08533654 0.78605769 0.02644231 0.04387019
0 0.00480769 0.82812500 0.00961538 0.03125000
0 0.03245192 0.90504808 0.02343750 0.03485577
0 0.01322115 0.71274038 0.02223558 0.04146635
0 0.03245192 0.97475962 0.02343750 0.03786058
0 0.11418269 0.82091346 0.01322115 0.02884615
0 0.09375000 0.82331731 0.01322115 0.02043269
0 0.03846154 0.43990385 0.01682692 0.03245192
0 0.01442308 0.41105769 0.02043269 0.02524038
0 0.03725962 0.39423077 0.01682692 0.03004808
