0 0.14543269 0.12259615 0.04086538 0.07031250
0 0.22596154 0.06971154 0.03365385 0.05108173
0 0.23317308 0.09735577 0.03545673 0.06911058
0 0.25721154 0.22355769 0.03365385 0.04206731
0 0.25841346 0.30528846 0.03545673 0.03966346
0 0.15745192 0.32692308 0.04086538 0.08112981
0 0.15865385 0.37379808 0.02704327 0.05408654
0 0.27043269 0.53966346 0.03125000 0.01682692
0 0.34615385 0.52163462 0.03365385 0.05288462
0 0.64062500 0.01802885 0.00961538 0.02584135
0 0.65865385 0.01201923 0.01201923 0.01983173
0 0.08052885 0.60937500 0.01141827 0.02103365
0 0.12259615 0.56250000 0.01923077 0.02884615
0 0.23197115 0.55528846 0.00721154 0.01442308
0 0.23437500 0.57692308 0.01081731 0.01923077
0 0.22355769 0.58173077 0.01141827 0.02463942
0 0.36658654 0.80048077 0.01262019 0.03365385
0 0.21875000 0.73677885 0.01442308 0.02103365
0 0.07091346 0.78245192 0.01382212 0.02403846
0 0.16346154 0.81370192 0.01502404 0.01923077
0 0.22836538 0.78365385 0.00961538 0.01382212
0 0.24038462 0.84014423 0.01322115 0.02043269
0 0.24759615 0.86538462 0.00961538 0.02043269
0 0.26442308 0.86778846 0.01442308 0.02884615
0 0.27884615 0.91346154 0.01322115 0.02644231
0 0.23677885 0.93028846 0.01081731 0.02884615
0 0.21514423 0.87980769 0.02043269 0.02524038
0 0.18870192 0.92187500 0.02043269 0.04447115
0 0.13461538 0.87980769 0.01442308 0.01923077
0 0.10216346 0.88942308 0.01802885 0.02884615
0 0.15264423 0.95793269 0.01322115 0.02403846
0 0.17788462 0.99399038 0.00961538 0.01201923
0 0.06009615 0.83774038 0.01322115 0.01923077
0 0.07091346 0.86778846 0.01322115 0.02043269
