0 0.04807692 0.07932692 0.03485577 0.04867788
0 0.04447115 0.24519231 0.04447115 0.04627404
0 0.67187500 0.26682692 0.02644231 0.03485577
0 0.68509615 0.09014423 0.02463942 0.04627404
0 0.74399038 0.38341346 0.02644231 0.03125000
0 0.78125000 0.05288462 0.01802885 0.03305288
0 0.57091346 0.18149038 0.03064904 0.06370192
0 0.64663462 0.06129808 0.02824519 0.06670673
0 0.47235577 0.75841346 0.01322115 0.02403846
0 0.73557692 0.55048077 0.01502404 0.02463942
0 0.69471154 0.49399038 0.01923077 0.03185096
0 0.59735577 0.50480769 0.01081731 0.02463942
0 0.61177885 0.66225962 0.01382212 0.02103365
0 0.75480769 0.72355769 0.01502404 0.02463942
0 0.66225962 0.75240385 0.01923077 0.02403846
0 0.59495192 0.72355769 0.01081731 0.01382212
0 0.58653846 0.79206731 0.01382212 0.02163462
0 0.57211538 0.80889423 0.01081731 0.02584135
0 0.55288462 0.81730769 0.01682692 0.03004808
0 0.53846154 0.86418269 0.01562500 0.03004808
0 0.57451923 0.88100962 0.00961538 0.02524038
0 0.60576923 0.83653846 0.02524038 0.03004808
0 0.63822115 0.87259615 0.02163462 0.04687500
0 0.68269231 0.83413462 0.01322115 0.02043269
0 0.72235577 0.81610577 0.02043269 0.03365385
0 0.67307692 0.91225962 0.01562500 0.02764423
0 0.64783654 0.95552885 0.01201923 0.02884615
0 0.75240385 0.98557692 0.01923077 0.02884615
0 0.77043269 0.78485577 0.01322115 0.02043269
0 0.75600962 0.81730769 0.01322115 0.02163462
0 0.59735577 0.47596154 0.01201923 0.02163462
