0 0.68750000 0.10216346 0.02163462 0.04326923
0 0.68389423 0.01923077 0.03485577 0.03846154
0 0.51322115 0.16466346 0.03485577 0.06370192
0 0.41826923 0.09014423 0.03846154 0.04807692
0 0.42548077 0.13341346 0.03245192 0.06370192
0 0.39062500 0.26201923 0.03485577 0.04206731
0 0.40024038 0.34735577 0.03245192 0.03846154
0 0.50360577 0.35817308 0.03605769 0.06850962
0 0.49759615 0.40264423 0.02644231 0.05649038
0 0.49519231 0.61298077 0.03125000 0.04326923
0 0.48317308 0.76201923 0.03725962 0.03846154
0 0.38942308 0.66947115 0.04206731 0.05048077
0 0.38461538 0.72235577 0.03125000 0.05168269
0 0.37980769 0.61177885 0.02764423 0.04326923
0 0.31610577 0.57572115 0.03125000 0.06250000
0 0.33173077 0.64062500 0.03245192 0.05168269
0 0.31971154 0.74038462 0.03725962 0.06610577
0 0.39903846 0.63461538 0.02163462 0.03605769
