0 0.49278846 0.02403846 0.02884615 0.04807692
0 0.49639423 0.23557692 0.03665865 0.04927885
0 0.50841346 0.39062500 0.03846154 0.04086538
0 0.59855769 0.01201923 0.02403846 0.02403846
0 0.59254808 0.20072115 0.03125000 0.04146635
0 0.59495192 0.36057692 0.04086538 0.04206731
0 0.69110577 0.26923077 0.04326923 0.05108173
0 0.70192308 0.31129808 0.03605769 0.05348558
0 0.70192308 0.18990385 0.03365385 0.04867788
0 0.77764423 0.16586538 0.03605769 0.06911058
0 0.75360577 0.22115385 0.03365385 0.05348558
0 0.77524038 0.33293269 0.03966346 0.06911058
0 0.68629808 0.23197115 0.02524038 0.04326923
0 0.53245192 0.53004808 0.01201923 0.02644231
0 0.37379808 0.75600962 0.01322115 0.02884615
0 0.10216346 0.92668269 0.01322115 0.02103365
0 0.93149038 0.98677885 0.03125000 0.02644231
0 0.84975962 0.64903846 0.04206731 0.05228365
0 0.94951923 0.83052885 0.02524038 0.03665865
0 0.86778846 0.77163462 0.03125000 0.03725962
0 0.90865385 0.80048077 0.02524038 0.04447115
0 0.99278846 0.92427885 0.01442308 0.05048077
