0 0.69471154 0.07091346 0.03485577 0.06250000
0 0.50841346 0.24399038 0.03485577 0.06370192
0 0.40024038 0.14182692 0.03605769 0.04326923
0 0.41586538 0.20913462 0.02163462 0.04687500
0 0.36658654 0.32451923 0.03125000 0.05168269
0 0.37860577 0.42668269 0.03245192 0.03846154
0 0.49759615 0.42548077 0.03846154 0.07692308
0 0.49038462 0.47596154 0.03004808 0.06250000
0 0.48557692 0.70192308 0.04086538 0.04326923
0 0.46995192 0.84615385 0.04206731 0.04326923
0 0.36057692 0.70312500 0.03846154 0.04687500
0 0.37860577 0.81129808 0.03245192 0.05528846
0 0.36538462 0.75360577 0.03125000 0.04807692
0 0.30889423 0.66346154 0.03004808 0.05889423
0 0.32451923 0.73557692 0.03125000 0.05048077
0 0.31370192 0.82812500 0.03725962 0.06610577
0 0.39423077 0.70072115 0.02163462 0.03846154
0 0.65625000 0.04326923 0.02524038 0.04567308
0 0.66706731 0.15745192 0.02403846 0.04206731
