0 0.01923077 0.09134615 0.03605769 0.04206731
0 0.14182692 0.08653846 0.05108173 0.08894231
0 0.13701923 0.14182692 0.03125000 0.06790865
0 0.13221154 0.39302885 0.04507212 0.04807692
0 0.10937500 0.55288462 0.04807692 0.05048077
0 0.00841346 0.39543269 0.01682692 0.05048077
0 0.01442308 0.51081731 0.02884615 0.06009615
0 0.00600962 0.44951923 0.01201923 0.05288462
0 0.03125000 0.38461538 0.02524038 0.04026442
0 0.62740385 0.06610577 0.04146635 0.09435096
0 0.49519231 0.05048077 0.02163462 0.04266827
0 0.46514423 0.18629808 0.02644231 0.03786058
0 0.48557692 0.31009615 0.03725962 0.04447115
0 0.64062500 0.27283654 0.04326923 0.07151442
0 0.63822115 0.35456731 0.03305288 0.06911058
0 0.52043269 0.63221154 0.03605769 0.01442308
0 0.85096154 0.06850962 0.02223558 0.03665865
0 0.18990385 0.71394231 0.02463942 0.04387019
0 0.03605769 0.83413462 0.02704327 0.04927885
0 0.16706731 0.64903846 0.01682692 0.01923077
0 0.27644231 0.74639423 0.02223558 0.03004808
0 0.67908654 0.87620192 0.01322115 0.03365385
0 0.83052885 0.71995192 0.01742788 0.02403846
0 0.96033654 0.79447115 0.01682692 0.03185096
0 0.87379808 0.82572115 0.01742788 0.02223558
0 0.81009615 0.78725962 0.01141827 0.01622596
0 0.79927885 0.85697115 0.01802885 0.02884615
0 0.78605769 0.89302885 0.01141827 0.02163462
0 0.76081731 0.88701923 0.02644231 0.04927885
0 0.75120192 0.94831731 0.01382212 0.02884615
0 0.77163462 0.94230769 0.01923077 0.03365385
0 0.81490385 0.90745192 0.02764423 0.03966346
0 0.84855769 0.95432692 0.02163462 0.03125000
0 0.89182692 0.90625000 0.02524038 0.03125000
0 0.93028846 0.84975962 0.02403846 0.04206731
0 0.88942308 0.98437500 0.01923077 0.03125000
0 0.97716346 0.87860577 0.01682692 0.02524038
0 0.97836538 0.84615385 0.01682692 0.02524038
