0 0.69471154 0.07451923 0.03605769 0.06610577
0 0.50120192 0.23677885 0.03485577 0.06370192
0 0.39663462 0.14423077 0.03725962 0.04687500
0 0.41346154 0.21274038 0.02043269 0.04567308
0 0.36778846 0.32932692 0.03125000 0.05048077
0 0.38221154 0.43149038 0.03125000 0.03725962
0 0.49519231 0.42788462 0.03846154 0.07692308
0 0.49038462 0.47836538 0.02764423 0.06250000
0 0.48557692 0.70913462 0.04086538 0.04326923
0 0.46514423 0.85456731 0.04206731 0.04326923
0 0.36057692 0.71153846 0.03725962 0.04326923
0 0.37620192 0.81730769 0.03125000 0.05168269
0 0.36177885 0.76081731 0.03125000 0.04807692
0 0.30649038 0.67668269 0.03125000 0.06250000
0 0.32211538 0.74399038 0.03125000 0.05048077
0 0.31250000 0.83533654 0.03725962 0.06610577
0 0.39423077 0.70192308 0.02163462 0.03605769
0 0.65625000 0.04567308 0.02524038 0.04567308
0 0.66586538 0.16225962 0.02403846 0.04206731
