0 0.12139423 0.06009615 0.04206731 0.07271635
0 0.02043269 0.03245192 0.02884615 0.05228365
0 0.11298077 0.26923077 0.04447115 0.08593750
0 0.10937500 0.32692308 0.03365385 0.06971154
0 0.83173077 0.53485577 0.02403846 0.03125000
0 0.96274038 0.62980769 0.01862981 0.03425481
0 0.87860577 0.67307692 0.03004808 0.03966346
0 0.80528846 0.60456731 0.01682692 0.03545673
0 0.78365385 0.74038462 0.01442308 0.03425481
0 0.75480769 0.72235577 0.02103365 0.04026442
0 0.73918269 0.80889423 0.01742788 0.03185096
0 0.75961538 0.77163462 0.02103365 0.03846154
0 0.79807692 0.74278846 0.01562500 0.03004808
0 0.84495192 0.77163462 0.03365385 0.04447115
0 0.89423077 0.75000000 0.02764423 0.04026442
0 0.90985577 0.64302885 0.03185096 0.05288462
0 0.87980769 0.87980769 0.01923077 0.03425481
0 0.89663462 0.82812500 0.02283654 0.04146635
0 0.88221154 0.95072115 0.02103365 0.03125000
0 0.97716346 0.66346154 0.02343750 0.03725962
0 0.77644231 0.98197115 0.03125000 0.03485577
0 0.98197115 0.93389423 0.02283654 0.04326923
0 0.79206731 0.65144231 0.02403846 0.03605769
0 0.97235577 0.69711538 0.01923077 0.03846154
0 0.99278846 0.68149038 0.01442308 0.02283654
0 0.69591346 0.77403846 0.01562500 0.02043269
