0 0.27644231 0.06370192 0.01141827 0.02403846
0 0.26923077 0.07451923 0.01622596 0.03064904
0 0.14663462 0.02524038 0.01562500 0.01562500
0 0.13701923 0.01682692 0.01081731 0.02343750
0 0.09014423 0.06129808 0.01141827 0.02103365
0 0.08293269 0.07572115 0.01262019 0.01923077
0 0.04687500 0.08173077 0.00781250 0.01862981
0 0.08052885 0.12259615 0.00781250 0.01442308
0 0.08533654 0.13942308 0.00781250 0.01502404
0 0.07932692 0.18870192 0.01862981 0.03365385
0 0.05288462 0.18269231 0.01081731 0.01502404
0 0.05168269 0.21033654 0.01742788 0.03004808
0 0.12500000 0.32451923 0.01502404 0.02043269
0 0.14423077 0.29567308 0.01141827 0.01442308
0 0.15625000 0.31009615 0.01141827 0.01923077
0 0.24519231 0.27163462 0.01382212 0.01923077
0 0.24278846 0.25480769 0.01141827 0.01923077
0 0.23798077 0.23437500 0.01262019 0.02103365
0 0.17668269 0.20312500 0.00961538 0.01742788
0 0.14062500 0.19350962 0.01562500 0.03665865
0 0.14302885 0.23437500 0.01141827 0.02223558
0 0.12860577 0.24759615 0.01742788 0.02824519
0 0.33052885 0.39182692 0.01262019 0.01923077
0 0.29447115 0.39423077 0.00781250 0.01382212
0 0.28125000 0.40745192 0.01382212 0.02403846
0 0.00841346 0.67788462 0.01562500 0.03966346
0 0.78966346 0.62500000 0.02644231 0.05288462
0 0.82211538 0.88822115 0.04807692 0.05168269
0 0.93509615 0.88341346 0.04146635 0.04807692
0 0.91586538 0.98197115 0.03846154 0.03605769
0 0.95673077 0.92788462 0.04206731 0.05889423
0 0.98557692 0.86538462 0.02884615 0.06250000
0 0.96754808 0.93509615 0.03545673 0.05468750
0 0.97836538 0.99038462 0.04326923 0.01923077
0 0.89062500 0.85336538 0.02103365 0.03786058
