0 0.29567308 0.34615385 0.00721154 0.02403846
0 0.30288462 0.35576923 0.01201923 0.03004808
0 0.42187500 0.30889423 0.01442308 0.01442308
0 0.43149038 0.30048077 0.00961538 0.02163462
0 0.47596154 0.34254808 0.01081731 0.02043269
0 0.48317308 0.35697115 0.01081731 0.01923077
0 0.51802885 0.36298077 0.00721154 0.01682692
0 0.48557692 0.40264423 0.00721154 0.01442308
0 0.48076923 0.41826923 0.00721154 0.01562500
0 0.48677885 0.46634615 0.01682692 0.03245192
0 0.51201923 0.46153846 0.00961538 0.01562500
0 0.51442308 0.48798077 0.01562500 0.02764423
0 0.44350962 0.59855769 0.01201923 0.01923077
0 0.42427885 0.57091346 0.01081731 0.01442308
0 0.41225962 0.58413462 0.01081731 0.01923077
0 0.32692308 0.54807692 0.01201923 0.01923077
0 0.32812500 0.53125000 0.01081731 0.01923077
0 0.33413462 0.51081731 0.01081731 0.02043269
0 0.39302885 0.48076923 0.00961538 0.01682692
0 0.42788462 0.47235577 0.01442308 0.03605769
0 0.42548077 0.51201923 0.01081731 0.02163462
0 0.43870192 0.52403846 0.01562500 0.02644231
0 0.24399038 0.66346154 0.01081731 0.01923077
0 0.27884615 0.66586538 0.00721154 0.01201923
0 0.29086538 0.67908654 0.01201923 0.02403846
0 0.66947115 0.39543269 0.00721154 0.01442308
0 0.56971154 0.48076923 0.01201923 0.02043269
0 0.57211538 0.46754808 0.01081731 0.01562500
0 0.57932692 0.45673077 0.00961538 0.01081731
0 0.58173077 0.45072115 0.01201923 0.02043269
0 0.57451923 0.39062500 0.01081731 0.03004808
0 0.64302885 0.40384615 0.01562500 0.01201923
0 0.66586538 0.41225962 0.00961538 0.01923077
