0 0.59615385 0.43028846 0.01081731 0.01923077
0 0.55048077 0.38100962 0.02644231 0.03125000
0 0.50000000 0.24519231 0.00961538 0.01562500
0 0.50240385 0.25721154 0.01201923 0.01442308
0 0.50721154 0.27163462 0.01081731 0.01442308
0 0.50961538 0.28245192 0.01201923 0.01442308
0 0.43028846 0.37860577 0.00721154 0.01682692
0 0.43028846 0.39663462 0.00961538 0.01682692
0 0.43990385 0.40985577 0.01081731 0.02524038
0 0.43990385 0.38942308 0.01081731 0.01923077
0 0.40985577 0.30048077 0.02163462 0.01682692
0 0.29687500 0.59975962 0.01081731 0.03245192
0 0.44350962 0.55649038 0.01201923 0.01923077
0 0.59975962 0.60336538 0.01201923 0.02403846
0 0.50360577 0.63221154 0.01562500 0.01923077
0 0.43990385 0.60336538 0.00961538 0.01201923
0 0.42548077 0.66105769 0.01201923 0.02043269
0 0.41826923 0.68149038 0.00961538 0.02043269
0 0.40384615 0.68629808 0.01442308 0.02764423
0 0.38701923 0.72836538 0.01201923 0.02644231
0 0.42548077 0.74879808 0.00961538 0.02524038
0 0.45192308 0.69951923 0.00961538 0.01923077
0 0.47475962 0.73557692 0.01442308 0.02403846
0 0.53846154 0.68990385 0.01201923 0.01923077
0 0.56610577 0.72235577 0.01562500 0.02644231
0 0.51201923 0.77644231 0.01201923 0.02163462
0 0.48557692 0.82091346 0.00961538 0.02403846
0 0.37860577 0.91225962 0.02043269 0.03485577
0 0.51081731 0.88221154 0.01562500 0.02644231
0 0.58653846 0.84975962 0.01562500 0.03605769
0 0.60817308 0.65865385 0.01201923 0.01923077
0 0.59615385 0.68750000 0.01201923 0.01923077
0 0.42788462 0.41346154 0.01081731 0.01562500
