0 0.32091346 0.21634615 0.01081731 0.01923077
0 0.27283654 0.16225962 0.02704327 0.03185096
0 0.21995192 0.02403846 0.00961538 0.01862981
0 0.22355769 0.03245192 0.01382212 0.01442308
0 0.22716346 0.04927885 0.01141827 0.01442308
0 0.23076923 0.06250000 0.01382212 0.01442308
0 0.14783654 0.16105769 0.00781250 0.01802885
0 0.14783654 0.18149038 0.01081731 0.01742788
0 0.15865385 0.19230769 0.01021635 0.02524038
0 0.15745192 0.17187500 0.01141827 0.01742788
0 0.12860577 0.08052885 0.02223558 0.01742788
0 0.00841346 0.38822115 0.01382212 0.03185096
0 0.16225962 0.34615385 0.01262019 0.02283654
0 0.32451923 0.39543269 0.01502404 0.02403846
0 0.22475962 0.42427885 0.01682692 0.01923077
0 0.15865385 0.39543269 0.00961538 0.01262019
0 0.14302885 0.45312500 0.01262019 0.02163462
0 0.13581731 0.47596154 0.01081731 0.02283654
0 0.12019231 0.48076923 0.01682692 0.02884615
0 0.10336538 0.52524038 0.01622596 0.02824519
0 0.14302885 0.54567308 0.00961538 0.02764423
0 0.17067308 0.49399038 0.01081731 0.01923077
0 0.19110577 0.53004808 0.01562500 0.02403846
0 0.26201923 0.48557692 0.01382212 0.01923077
0 0.28846154 0.51923077 0.01682692 0.02824519
0 0.23317308 0.57692308 0.01382212 0.02343750
0 0.20552885 0.62139423 0.01201923 0.02403846
0 0.23197115 0.67307692 0.01682692 0.00961538
0 0.31009615 0.65024038 0.02163462 0.03786058
0 0.33293269 0.45192308 0.01262019 0.01923077
0 0.32211538 0.48197115 0.01382212 0.01923077
0 0.71995192 0.04326923 0.01923077 0.03004808
0 0.68149038 0.01562500 0.02163462 0.03125000
0 0.48197115 0.28605769 0.01141827 0.03305288
0 0.62259615 0.13100962 0.01442308 0.02223558
0 0.74519231 0.20552885 0.01862981 0.03185096
0 0.66225962 0.23437500 0.01442308 0.01923077
0 0.60096154 0.20072115 0.01021635 0.01442308
0 0.59134615 0.25841346 0.01682692 0.02704327
0 0.58052885 0.29807692 0.00961538 0.02283654
0 0.55408654 0.29206731 0.02944712 0.05228365
0 0.54687500 0.35216346 0.01262019 0.02704327
0 0.56490385 0.34735577 0.02103365 0.03725962
0 0.60697115 0.30889423 0.02704327 0.04086538
0 0.64182692 0.33533654 0.02043269 0.02824519
0 0.68028846 0.31370192 0.03004808 0.03125000
0 0.71634615 0.25360577 0.03004808 0.04447115
0 0.68028846 0.37740385 0.01862981 0.02884615
0 0.65384615 0.43149038 0.02103365 0.03605769
0 0.66225962 0.50360577 0.01862981 0.02704327
0 0.76322115 0.28245192 0.01862981 0.02644231
0 0.76322115 0.25000000 0.01682692 0.02403846
0 0.56009615 0.51322115 0.03125000 0.03425481
0 0.75480769 0.46394231 0.03485577 0.04387019
0 0.59855769 0.00721154 0.01442308 0.01442308
0 0.53966346 0.80769231 0.04266827 0.04447115
0 0.45072115 0.70913462 0.02163462 0.05769231
0 0.44711538 0.76562500 0.01442308 0.05528846
0 0.45312500 0.68269231 0.02163462 0.00961538
