0 0.59855769 0.43149038 0.01081731 0.01923077
0 0.54927885 0.37620192 0.02644231 0.03125000
0 0.49879808 0.24639423 0.00961538 0.01682692
0 0.50240385 0.25721154 0.01201923 0.01442308
0 0.50600962 0.27163462 0.01081731 0.01442308
0 0.50721154 0.28245192 0.01442308 0.01442308
0 0.42908654 0.37860577 0.00721154 0.01682692
0 0.42908654 0.39663462 0.00721154 0.01562500
0 0.43870192 0.40865385 0.01081731 0.02524038
0 0.43870192 0.38942308 0.01081731 0.01682692
0 0.41466346 0.30288462 0.02163462 0.01562500
0 0.29447115 0.59375000 0.01081731 0.03125000
0 0.44350962 0.55649038 0.01201923 0.02043269
0 0.59975962 0.60336538 0.01201923 0.02403846
0 0.50360577 0.63100962 0.01562500 0.01923077
0 0.43990385 0.60336538 0.00961538 0.01201923
0 0.42548077 0.65985577 0.01201923 0.02043269
0 0.41826923 0.68028846 0.00961538 0.02043269
0 0.40264423 0.68509615 0.01442308 0.02764423
0 0.38701923 0.72836538 0.01201923 0.02644231
0 0.42548077 0.74879808 0.00961538 0.02403846
0 0.45432692 0.69951923 0.00961538 0.01923077
0 0.46995192 0.73437500 0.01442308 0.02403846
0 0.54086538 0.68990385 0.01201923 0.01923077
0 0.56490385 0.72475962 0.01562500 0.02644231
0 0.51201923 0.77644231 0.01201923 0.02163462
0 0.48557692 0.82091346 0.00961538 0.02403846
0 0.37740385 0.91225962 0.02043269 0.03485577
0 0.51201923 0.88100962 0.01682692 0.02644231
0 0.58533654 0.84855769 0.01562500 0.03605769
0 0.60817308 0.65985577 0.01201923 0.01923077
0 0.59735577 0.68629808 0.01201923 0.01923077
