0 0.59134615 0.42908654 0.01081731 0.01923077
0 0.54687500 0.38221154 0.01923077 0.03125000
0 0.50120192 0.24399038 0.00961538 0.01682692
0 0.50360577 0.25600962 0.01201923 0.01442308
0 0.50961538 0.26923077 0.01081731 0.01442308
0 0.51442308 0.28125000 0.01442308 0.01562500
0 0.43629808 0.37860577 0.00721154 0.01682692
0 0.43509615 0.39663462 0.00721154 0.01562500
0 0.44471154 0.40985577 0.01081731 0.02524038
0 0.44471154 0.39182692 0.01201923 0.01923077
0 0.39423077 0.29687500 0.02403846 0.01682692
0 0.30288462 0.61298077 0.01081731 0.03125000
0 0.44951923 0.55649038 0.01201923 0.01923077
0 0.59735577 0.60216346 0.01201923 0.02403846
0 0.50480769 0.63221154 0.01442308 0.01923077
0 0.44110577 0.60336538 0.00961538 0.01201923
0 0.42788462 0.65865385 0.01201923 0.02043269
0 0.42067308 0.68389423 0.00961538 0.02043269
0 0.40625000 0.68750000 0.01442308 0.02764423
0 0.38942308 0.73317308 0.01201923 0.02644231
0 0.43149038 0.74639423 0.01081731 0.02764423
0 0.45552885 0.69951923 0.00961538 0.02043269
0 0.48076923 0.73798077 0.02043269 0.04326923
0 0.53605769 0.69350962 0.01201923 0.01923077
0 0.56610577 0.71514423 0.01562500 0.02644231
0 0.51442308 0.77524038 0.01201923 0.02163462
0 0.49038462 0.81850962 0.00961538 0.02403846
0 0.38221154 0.90745192 0.02043269 0.03485577
0 0.51081731 0.88701923 0.01682692 0.02644231
0 0.58774038 0.84975962 0.01562500 0.03605769
0 0.60697115 0.65745192 0.01201923 0.01923077
0 0.59735577 0.68629808 0.01201923 0.02043269
