0 0.11538462 0.32692308 0.01442308 0.02283654
0 0.15985577 0.27644231 0.01862981 0.03305288
0 0.20432692 0.13221154 0.01081731 0.01802885
0 0.20072115 0.14062500 0.01382212 0.01562500
0 0.19591346 0.15745192 0.01201923 0.01442308
0 0.18990385 0.16826923 0.01802885 0.01682692
0 0.27163462 0.27043269 0.00901442 0.01742788
0 0.27283654 0.29447115 0.01081731 0.01923077
0 0.26201923 0.29927885 0.01201923 0.02644231
0 0.32692308 0.18509615 0.02343750 0.01923077
0 0.37980769 0.48557692 0.04146635 0.03846154
0 0.96995192 0.62740385 0.02644231 0.06250000
