0 0.02524038 0.12980769 0.01322115 0.01923077
0 0.07211538 0.08052885 0.02043269 0.03185096
0 0.19230769 0.07692308 0.01021635 0.01862981
0 0.19110577 0.09495192 0.00781250 0.01442308
0 0.18149038 0.10336538 0.01322115 0.02524038
0 0.18149038 0.09014423 0.01322115 0.01923077
0 0.32932692 0.31850962 0.01442308 0.03185096
0 0.17427885 0.26201923 0.01262019 0.01923077
0 0.01923077 0.31009615 0.01502404 0.02403846
0 0.11658654 0.34134615 0.01442308 0.01923077
0 0.18269231 0.31009615 0.00961538 0.01382212
0 0.19711538 0.37019231 0.01382212 0.02043269
0 0.20432692 0.39302885 0.01081731 0.02163462
0 0.21995192 0.39903846 0.01682692 0.02884615
0 0.23798077 0.44591346 0.01382212 0.02704327
0 0.19471154 0.46153846 0.01081731 0.02824519
0 0.16826923 0.41466346 0.00961538 0.01923077
0 0.14423077 0.45312500 0.02283654 0.04567308
0 0.08293269 0.40504808 0.01382212 0.01923077
0 0.05168269 0.43028846 0.01802885 0.02824519
0 0.10697115 0.49158654 0.01262019 0.02223558
0 0.13221154 0.53605769 0.00961538 0.02403846
0 0.24399038 0.62500000 0.02163462 0.02884615
0 0.10937500 0.60817308 0.01862981 0.02824519
0 0.03004808 0.57091346 0.01923077 0.03786058
0 0.01081731 0.36899038 0.01382212 0.01923077
0 0.02043269 0.39783654 0.01262019 0.02163462
0 0.75600962 0.12019231 0.03786058 0.08353365
0 0.90264423 0.01322115 0.04086538 0.02644231
0 0.87980769 0.14903846 0.02283654 0.07752404
0 0.90384615 0.26562500 0.02824519 0.04507212
0 0.89062500 0.35096154 0.03365385 0.03605769
0 0.74759615 0.33894231 0.04507212 0.07451923
0 0.75240385 0.42187500 0.03485577 0.06490385
0 0.33293269 0.91346154 0.01862981 0.04266827
0 0.56370192 0.86298077 0.01742788 0.03966346
0 0.49639423 0.86418269 0.02043269 0.03605769
0 0.36778846 0.99038462 0.01923077 0.01923077
0 0.55048077 0.74399038 0.02223558 0.04146635
0 0.57211538 0.68870192 0.02884615 0.04747596
0 0.47836538 0.77043269 0.02463942 0.04627404
0 0.35336538 0.75600962 0.02764423 0.06850962
0 0.35456731 0.79807692 0.01983173 0.04206731
0 0.46394231 0.81370192 0.02403846 0.04627404
0 0.49519231 0.98557692 0.02884615 0.02884615
0 0.35336538 0.71153846 0.02343750 0.04867788
0 0.71274038 0.65384615 0.02163462 0.02884615
0 0.67067308 0.78605769 0.02584135 0.03545673
0 0.74158654 0.71634615 0.01622596 0.03425481
0 0.75841346 0.84855769 0.01622596 0.03305288
0 0.78966346 0.83293269 0.02043269 0.03545673
0 0.80528846 0.91346154 0.01562500 0.03245192
0 0.78725962 0.87500000 0.02403846 0.04326923
0 0.75240385 0.84855769 0.01081731 0.02824519
0 0.70432692 0.87740385 0.02884615 0.03966346
0 0.65625000 0.85697115 0.02463942 0.03786058
0 0.64423077 0.74759615 0.02884615 0.04807692
0 0.66947115 0.98076923 0.01802885 0.02884615
0 0.65024038 0.93028846 0.02043269 0.03906250
0 0.75360577 0.76081731 0.02524038 0.03605769
0 0.84254808 0.87740385 0.01382212 0.02343750
