0 0.37740385 0.13822115 0.01322115 0.03185096
0 0.22355769 0.07812500 0.01502404 0.01923077
0 0.06850962 0.12620192 0.01262019 0.02403846
0 0.16586538 0.15745192 0.01442308 0.01923077
0 0.23197115 0.12740385 0.00961538 0.01382212
0 0.24639423 0.18509615 0.01382212 0.02283654
0 0.25360577 0.21153846 0.00961538 0.02043269
0 0.26923077 0.21514423 0.01442308 0.02884615
0 0.28725962 0.26322115 0.01502404 0.02704327
0 0.24158654 0.27764423 0.01201923 0.02884615
0 0.21754808 0.22836538 0.01201923 0.02283654
0 0.19110577 0.26802885 0.02403846 0.04687500
0 0.13341346 0.22235577 0.01262019 0.01923077
0 0.10216346 0.24519231 0.01802885 0.02824519
0 0.05889423 0.18389423 0.01262019 0.01923077
0 0.06850962 0.21514423 0.01382212 0.02163462
0 0.71634615 0.09254808 0.02644231 0.04627404
0 0.73076923 0.00480769 0.03846154 0.00961538
0 0.89423077 0.12740385 0.04507212 0.07331731
0 0.97475962 0.06971154 0.03365385 0.05408654
0 0.98197115 0.12740385 0.03425481 0.06850962
0 0.99038462 0.22956731 0.01923077 0.04567308
0 0.98677885 0.29086538 0.02644231 0.01442308
0 0.20673077 0.47235577 0.02163462 0.03185096
