0 0.33533654 0.27283654 0.01262019 0.02403846
0 0.29687500 0.21995192 0.01742788 0.03064904
0 0.26562500 0.07572115 0.00961538 0.01742788
0 0.26562500 0.08173077 0.01262019 0.01442308
0 0.27043269 0.09735577 0.01262019 0.01442308
0 0.27764423 0.10697115 0.01562500 0.01742788
0 0.20673077 0.22956731 0.01081731 0.02403846
0 0.11298077 0.12019231 0.02524038 0.02103365
0 0.06730769 0.47596154 0.01021635 0.03004808
0 0.21754808 0.38221154 0.01262019 0.01923077
0 0.35216346 0.43629808 0.01262019 0.02403846
0 0.26562500 0.46394231 0.01622596 0.01983173
0 0.20192308 0.43629808 0.00961538 0.01262019
0 0.19350962 0.49879808 0.01382212 0.02103365
0 0.18149038 0.51802885 0.01262019 0.02403846
0 0.16346154 0.52524038 0.01502404 0.02884615
0 0.15024038 0.56730769 0.01262019 0.02764423
0 0.18389423 0.58413462 0.01081731 0.02403846
0 0.21394231 0.55048077 0.02524038 0.03064904
0 0.24158654 0.57451923 0.02223558 0.04387019
0 0.28485577 0.53966346 0.01262019 0.01923077
0 0.32211538 0.52524038 0.01923077 0.03125000
0 0.27644231 0.61177885 0.01502404 0.02584135
0 0.36658654 0.49399038 0.01382212 0.01923077
0 0.35456731 0.52283654 0.01262019 0.02103365
0 0.20432692 0.20552885 0.01141827 0.02103365
0 0.55889423 0.12860577 0.01682692 0.02584135
0 0.71875000 0.34855769 0.01021635 0.02884615
0 0.98557692 0.51562500 0.01322115 0.01923077
0 0.25721154 0.65985577 0.01983173 0.04086538
0 0.09254808 0.65024038 0.03605769 0.04086538
0 0.01081731 0.65745192 0.02163462 0.05528846
0 0.00841346 0.75120192 0.01682692 0.04086538
0 0.01682692 0.79447115 0.03365385 0.04026442
0 0.07211538 0.84615385 0.04086538 0.07211538
0 0.07091346 0.88461538 0.02103365 0.04387019
