0 0.24278846 0.38822115 0.01141827 0.02103365
0 0.20432692 0.33774038 0.01802885 0.03185096
0 0.16706731 0.19591346 0.01081731 0.01682692
0 0.17067308 0.20312500 0.01442308 0.01562500
0 0.17548077 0.21875000 0.01141827 0.01442308
0 0.18149038 0.22836538 0.01622596 0.01502404
0 0.11177885 0.35216346 0.01141827 0.02584135
0 0.03485577 0.24399038 0.02524038 0.02043269
0 0.46514423 0.01562500 0.03125000 0.03125000
0 0.47355769 0.06250000 0.03665865 0.04326923
0 0.53846154 0.10817308 0.03846154 0.06911058
0 0.53485577 0.14663462 0.02223558 0.04326923
0 0.53966346 0.31490385 0.03365385 0.04447115
0 0.44591346 0.38221154 0.03966346 0.04867788
0 0.43629808 0.40264423 0.02644231 0.03125000
0 0.43750000 0.31610577 0.03906250 0.06069712
0 0.43509615 0.26081731 0.03545673 0.06670673
0 0.36778846 0.27043269 0.01923077 0.06490385
0 0.38341346 0.32451923 0.04146635 0.05889423
