0 0.29326923 0.11538462 0.01442308 0.02403846
0 0.33653846 0.05769231 0.02043269 0.03305288
0 0.43750000 0.07572115 0.01562500 0.02824519
0 0.58533654 0.33293269 0.00721154 0.03605769
0 0.42668269 0.24038462 0.01442308 0.02343750
0 0.27524038 0.29567308 0.01442308 0.02524038
0 0.37259615 0.33052885 0.01802885 0.02223558
0 0.44230769 0.29807692 0.01021635 0.01442308
0 0.45312500 0.36538462 0.01562500 0.02343750
0 0.46394231 0.38822115 0.01081731 0.02223558
0 0.48317308 0.39062500 0.01622596 0.03125000
0 0.49879808 0.43990385 0.01442308 0.02944712
0 0.45432692 0.46033654 0.01021635 0.02644231
0 0.42668269 0.41466346 0.02524038 0.03245192
0 0.39903846 0.44951923 0.02463942 0.04807692
0 0.34495192 0.40865385 0.01442308 0.01983173
0 0.31009615 0.39903846 0.01983173 0.03425481
0 0.36177885 0.48798077 0.01562500 0.02524038
0 0.38942308 0.53605769 0.01442308 0.02944712
0 0.50240385 0.62980769 0.02644231 0.04026442
0 0.36778846 0.61298077 0.02043269 0.02944712
0 0.28004808 0.57331731 0.01923077 0.04146635
0 0.26081731 0.35817308 0.01442308 0.01983173
0 0.27403846 0.39182692 0.01562500 0.02343750
0 0.44230769 0.04567308 0.01442308 0.02343750
0 0.93509615 0.50360577 0.02944712 0.04146635
0 0.71995192 0.66706731 0.03605769 0.02163462
0 0.85096154 0.04447115 0.02343750 0.03846154
0 0.77644231 0.43269231 0.03245192 0.07271635
0 0.64182692 0.30408654 0.03425481 0.05348558
0 0.65985577 0.18629808 0.02403846 0.04447115
0 0.86418269 0.17548077 0.03004808 0.04867788
0 0.68149038 0.38942308 0.03125000 0.06189904
0 0.81610577 0.22115385 0.03425481 0.05168269
0 0.81610577 0.12500000 0.01802885 0.04326923
0 0.76923077 0.57692308 0.03365385 0.04387019
0 0.83894231 0.30048077 0.03906250 0.05048077
0 0.64423077 0.08533654 0.04026442 0.04447115
0 0.91826923 0.53485577 0.03425481 0.04326923
0 0.77283654 0.22475962 0.02704327 0.03125000
0 0.28725962 0.68629808 0.03125000 0.01682692
