0 0.23798077 0.32091346 0.01622596 0.02524038
0 0.27524038 0.27043269 0.01682692 0.03064904
0 0.30288462 0.12379808 0.00961538 0.01682692
0 0.30408654 0.12980769 0.01382212 0.01442308
0 0.29807692 0.14182692 0.01141827 0.01442308
0 0.29206731 0.15264423 0.01562500 0.01742788
0 0.36418269 0.27644231 0.01262019 0.02403846
0 0.46754808 0.16586538 0.02403846 0.01682692
0 0.35096154 0.42307692 0.01502404 0.01923077
0 0.21995192 0.47956731 0.01382212 0.02403846
0 0.30408654 0.50240385 0.01682692 0.01442308
0 0.36778846 0.48076923 0.01081731 0.01442308
0 0.36298077 0.24879808 0.01141827 0.02103365
0 0.24399038 0.96754808 0.03004808 0.04326923
0 0.33653846 0.75000000 0.03125000 0.03485577
0 0.42307692 0.93870192 0.04326923 0.04927885
0 0.40745192 0.82451923 0.02944712 0.04687500
0 0.33052885 0.64302885 0.02884615 0.04086538
0 0.37740385 0.79447115 0.02103365 0.03365385
0 0.32932692 0.99158654 0.01923077 0.01682692
0 0.36899038 0.94711538 0.02764423 0.04447115
0 0.93870192 0.52764423 0.03605769 0.03605769
0 0.80889423 0.52644231 0.03605769 0.03365385
0 0.81250000 0.56971154 0.02704327 0.05528846
0 0.82692308 0.82211538 0.04447115 0.04627404
0 0.84735577 0.96514423 0.04687500 0.04867788
0 0.95312500 0.81730769 0.03966346 0.04627404
0 0.93389423 0.92788462 0.03966346 0.05889423
0 0.96394231 0.86778846 0.03245192 0.05348558
0 0.99399038 0.80048077 0.01201923 0.06250000
0 0.98437500 0.86538462 0.03125000 0.04807692
0 0.98677885 0.94951923 0.02644231 0.06730769
0 0.90745192 0.79206731 0.02163462 0.03605769
