0 0.32692308 0.28725962 0.01382212 0.02584135
0 0.28725962 0.23317308 0.01742788 0.03305288
0 0.25841346 0.07451923 0.01081731 0.01862981
0 0.25841346 0.08052885 0.01262019 0.01622596
0 0.26322115 0.09375000 0.01201923 0.01502404
0 0.27163462 0.10456731 0.01502404 0.01682692
0 0.19350962 0.23918269 0.01442308 0.02584135
0 0.08052885 0.12019231 0.02403846 0.01802885
0 0.20913462 0.39302885 0.01502404 0.02103365
0 0.19591346 0.20793269 0.01322115 0.02163462
0 0.59735577 0.42427885 0.01201923 0.00721154
0 0.60336538 0.41947115 0.00961538 0.01682692
0 0.87379808 0.16586538 0.01201923 0.01382212
0 0.88341346 0.15865385 0.00781250 0.01382212
0 0.88461538 0.13221154 0.01021635 0.01502404
0 0.88221154 0.11057692 0.01081731 0.01862981
0 0.89182692 0.10336538 0.01081731 0.01562500
0 0.76322115 0.41947115 0.01682692 0.01682692
0 0.97115385 0.40504808 0.01502404 0.02163462
0 0.94350962 0.38701923 0.01382212 0.02884615
0 0.94591346 0.31370192 0.01322115 0.02163462
0 0.97475962 0.21995192 0.00961538 0.02043269
0 0.95432692 0.17307692 0.01201923 0.02043269
0 0.92548077 0.28004808 0.01322115 0.02163462
0 0.89423077 0.33533654 0.01322115 0.02524038
0 0.85576923 0.31250000 0.01682692 0.02524038
0 0.73918269 0.76923077 0.02403846 0.07091346
0 0.98557692 0.99038462 0.02884615 0.01923077
0 0.99278846 0.84014423 0.01442308 0.05528846
0 0.91105769 0.84975962 0.03305288 0.04627404
