0 0.33413462 0.08293269 0.01502404 0.02163462
0 0.19951923 0.14783654 0.01382212 0.02644231
0 0.28725962 0.18028846 0.01802885 0.02283654
0 0.35336538 0.15024038 0.01201923 0.01622596
0 0.36057692 0.21754808 0.01502404 0.02584135
0 0.37620192 0.23798077 0.01322115 0.02463942
0 0.39302885 0.24038462 0.01201923 0.03846154
0 0.38100962 0.30408654 0.02764423 0.02704327
0 0.34254808 0.26442308 0.02403846 0.03365385
0 0.31129808 0.30168269 0.02283654 0.03185096
0 0.26802885 0.26201923 0.01262019 0.01983173
0 0.23076923 0.22596154 0.02223558 0.03485577
0 0.27283654 0.33293269 0.01923077 0.03185096
0 0.30168269 0.38100962 0.01442308 0.03064904
0 0.28365385 0.44831731 0.02403846 0.02163462
0 0.18269231 0.21033654 0.01382212 0.02163462
0 0.19110577 0.24278846 0.01382212 0.02283654
0 0.19711538 0.42067308 0.02463942 0.04266827
0 0.50961538 0.95673077 0.03305288 0.04867788
0 0.86418269 0.73798077 0.02884615 0.07211538
0 0.61418269 0.97235577 0.03425481 0.04387019
0 0.57211538 0.75480769 0.03485577 0.03786058
0 0.59735577 0.81009615 0.03305288 0.05348558
0 0.49639423 0.59735577 0.04206731 0.04867788
0 0.51442308 0.66346154 0.03125000 0.05048077
0 0.69230769 0.81730769 0.03665865 0.04987981
0 0.47956731 0.98317308 0.02163462 0.03365385
