0 0.45673077 0.20552885 0.01081731 0.03365385
0 0.30408654 0.07812500 0.01742788 0.02283654
0 0.17067308 0.14182692 0.01622596 0.02524038
0 0.25721154 0.17427885 0.01562500 0.02163462
0 0.32211538 0.14302885 0.01201923 0.01622596
0 0.32812500 0.21153846 0.01742788 0.02584135
0 0.34495192 0.23557692 0.01322115 0.02463942
0 0.36658654 0.23557692 0.02283654 0.03846154
0 0.37860577 0.28605769 0.01622596 0.02944712
0 0.34975962 0.29687500 0.02704327 0.02644231
0 0.31250000 0.25841346 0.02403846 0.03365385
0 0.28125000 0.29447115 0.02283654 0.03064904
0 0.23798077 0.25480769 0.01502404 0.01983173
0 0.20072115 0.21634615 0.02343750 0.03485577
0 0.24278846 0.32451923 0.01802885 0.03064904
0 0.27043269 0.37259615 0.01442308 0.02944712
0 0.25600962 0.44831731 0.02223558 0.03064904
0 0.15144231 0.20312500 0.01502404 0.02283654
0 0.16225962 0.23557692 0.01262019 0.02043269
0 0.37379808 0.46153846 0.03245192 0.04086538
0 0.16586538 0.41466346 0.03004808 0.04447115
0 0.61778846 0.34375000 0.01862981 0.04206731
0 0.54447115 0.37500000 0.02524038 0.03906250
0 0.55048077 0.33293269 0.02463942 0.04627404
0 0.56610577 0.39663462 0.01862981 0.03425481
0 0.53245192 0.34375000 0.00721154 0.03365385
0 0.54206731 0.55168269 0.02644231 0.01201923
0 0.54447115 0.58173077 0.03125000 0.04807692
0 0.67908654 0.67427885 0.04206731 0.05048077
0 0.67067308 0.77043269 0.03545673 0.04146635
0 0.55408654 0.77764423 0.04567308 0.07932692
0 0.56370192 0.82572115 0.03064904 0.06430288
0 0.75360577 0.98798077 0.03605769 0.02403846
