0 0.35456731 0.15024038 0.01322115 0.03665865
0 0.19591346 0.00841346 0.01682692 0.01682692
0 0.06129808 0.07692308 0.01622596 0.02944712
0 0.14903846 0.10937500 0.02103365 0.02223558
0 0.21634615 0.08052885 0.01021635 0.01442308
0 0.22475962 0.14783654 0.01742788 0.02704327
0 0.24158654 0.17427885 0.01262019 0.02223558
0 0.26442308 0.17427885 0.02403846 0.04567308
0 0.27644231 0.23076923 0.01442308 0.02944712
0 0.25120192 0.23557692 0.02524038 0.02463942
0 0.20673077 0.19350962 0.02644231 0.03665865
0 0.17788462 0.23197115 0.02343750 0.03545673
0 0.13100962 0.19230769 0.02343750 0.02944712
0 0.09134615 0.14182692 0.02463942 0.03966346
0 0.13341346 0.26802885 0.02283654 0.03665865
0 0.16225962 0.32451923 0.01442308 0.03004808
0 0.04086538 0.13581731 0.01502404 0.02223558
0 0.04807692 0.17187500 0.01442308 0.02223558
0 0.05288462 0.35216346 0.03365385 0.03125000
0 0.57812500 0.48798077 0.04086538 0.09134615
0 0.57211538 0.71995192 0.03906250 0.07692308
0 0.57692308 0.80769231 0.04326923 0.07211538
0 0.33653846 0.57812500 0.02223558 0.03786058
0 0.99639423 0.96754808 0.00721154 0.03125000
0 0.60216346 0.50240385 0.00721154 0.02403846
