0 0.59615385 0.35096154 0.01201923 0.02524038
0 0.56250000 0.31129808 0.01923077 0.03125000
0 0.54447115 0.15264423 0.00961538 0.01562500
0 0.54206731 0.15865385 0.01201923 0.01442308
0 0.54927885 0.16826923 0.01201923 0.01682692
0 0.55528846 0.18028846 0.01201923 0.01442308
0 0.48197115 0.30649038 0.01201923 0.02764423
0 0.33894231 0.19711538 0.02403846 0.01682692
0 0.35817308 0.57572115 0.01081731 0.03245192
0 0.49879808 0.43870192 0.01442308 0.02163462
0 0.61778846 0.50721154 0.01562500 0.02764423
0 0.54086538 0.53365385 0.01442308 0.01923077
0 0.47836538 0.50000000 0.00961538 0.01442308
0 0.47235577 0.56610577 0.01562500 0.02644231
0 0.45793269 0.59615385 0.00961538 0.02043269
0 0.43509615 0.59254808 0.02163462 0.04086538
0 0.42548077 0.64543269 0.01201923 0.02644231
0 0.44711538 0.64423077 0.02163462 0.02043269
0 0.48437500 0.60937500 0.02524038 0.03485577
0 0.51682692 0.64903846 0.02043269 0.03004808
0 0.55528846 0.60937500 0.02403846 0.02644231
0 0.59014423 0.56009615 0.02163462 0.03846154
0 0.55288462 0.68028846 0.01682692 0.03004808
0 0.52524038 0.73076923 0.01081731 0.02644231
0 0.53966346 0.79326923 0.01923077 0.02764423
0 0.63221154 0.58413462 0.01562500 0.02043269
0 0.63100962 0.59014423 0.01442308 0.02043269
0 0.48677885 0.27644231 0.01081731 0.02043269
0 0.43629808 0.80528846 0.02644231 0.03004808
0 0.62379808 0.75600962 0.02764423 0.03605769
