0 0.59254808 0.40625000 0.01201923 0.02403846
0 0.55528846 0.36298077 0.01682692 0.03004808
0 0.53125000 0.21274038 0.00961538 0.01682692
0 0.53004808 0.21995192 0.01201923 0.01442308
0 0.53485577 0.22956731 0.01081731 0.01442308
0 0.54206731 0.23798077 0.01442308 0.01562500
0 0.46995192 0.36418269 0.01081731 0.02403846
0 0.35336538 0.25360577 0.02163462 0.01562500
0 0.34014423 0.61899038 0.01081731 0.03125000
0 0.48557692 0.50360577 0.01201923 0.02043269
0 0.61057692 0.56370192 0.01201923 0.02524038
0 0.52764423 0.59375000 0.01562500 0.02043269
0 0.46754808 0.56610577 0.01081731 0.01442308
0 0.46153846 0.62860577 0.01442308 0.02403846
0 0.44591346 0.64663462 0.01081731 0.02403846
0 0.42548077 0.65024038 0.02043269 0.03605769
0 0.41466346 0.69711538 0.01442308 0.02764423
0 0.44230769 0.70913462 0.02524038 0.02403846
0 0.47716346 0.67187500 0.02163462 0.03125000
0 0.50600962 0.70552885 0.02043269 0.02764423
0 0.54567308 0.66826923 0.01201923 0.01923077
0 0.58173077 0.63581731 0.01923077 0.03125000
0 0.54086538 0.73437500 0.01562500 0.02764423
0 0.51442308 0.77884615 0.01081731 0.02764423
0 0.53004808 0.84735577 0.01923077 0.02764423
0 0.62620192 0.62139423 0.01201923 0.02043269
0 0.61778846 0.65144231 0.01201923 0.02043269
0 0.47355769 0.33413462 0.01081731 0.02043269
0 0.41826923 0.86057692 0.02644231 0.03605769
0 0.61298077 0.81610577 0.02403846 0.03846154
