0 0.49759615 0.09134615 0.00480769 0.01923077
0 0.49519231 0.09855769 0.00961538 0.01442308
0 0.49879808 0.10817308 0.00240385 0.01442308
0 0.43750000 0.24879808 0.01262019 0.02403846
0 0.31730769 0.13461538 0.02343750 0.01502404
0 0.30288462 0.51201923 0.01141827 0.03305288
0 0.45312500 0.39302885 0.01382212 0.02103365
0 0.49399038 0.48437500 0.01201923 0.02163462
0 0.43389423 0.45673077 0.01141827 0.01442308
0 0.42788462 0.52043269 0.01562500 0.02403846
0 0.41105769 0.53245192 0.00961538 0.01201923
0 0.39062500 0.53125000 0.02163462 0.01442308
0 0.44110577 0.21754808 0.01141827 0.02103365
0 0.13221154 0.67668269 0.03485577 0.08173077
0 0.00961538 0.71754808 0.01923077 0.07932692
0 0.00480769 0.89903846 0.00961538 0.03846154
0 0.13942308 0.88942308 0.04026442 0.07271635
0 0.13221154 0.96995192 0.03846154 0.06009615
0 0.35576923 0.75961538 0.01923077 0.03365385
