0 0.59254808 0.39423077 0.01201923 0.02524038
0 0.55528846 0.35096154 0.01923077 0.03125000
0 0.53365385 0.19831731 0.00961538 0.01682692
0 0.53245192 0.20432692 0.01201923 0.01442308
0 0.53846154 0.21514423 0.01081731 0.01442308
0 0.54567308 0.22475962 0.01442308 0.01562500
0 0.47235577 0.34975962 0.01081731 0.02403846
0 0.34855769 0.24038462 0.02163462 0.01682692
0 0.34495192 0.60937500 0.01081731 0.03125000
0 0.48798077 0.48798077 0.01442308 0.02163462
0 0.61057692 0.55168269 0.01442308 0.02644231
0 0.53125000 0.57932692 0.01562500 0.01923077
0 0.46995192 0.54927885 0.01081731 0.01442308
0 0.46514423 0.61177885 0.01442308 0.02403846
0 0.44951923 0.63581731 0.01081731 0.02043269
0 0.42788462 0.63701923 0.02043269 0.03725962
0 0.41826923 0.68389423 0.01442308 0.02764423
0 0.44350962 0.69350962 0.02403846 0.02163462
0 0.47956731 0.65504808 0.02163462 0.03125000
0 0.50721154 0.69110577 0.02043269 0.03004808
0 0.54807692 0.65504808 0.01201923 0.01923077
0 0.58413462 0.61658654 0.01923077 0.03125000
0 0.54447115 0.71754808 0.01562500 0.02764423
0 0.51923077 0.76562500 0.01081731 0.02764423
0 0.53245192 0.83533654 0.01682692 0.02644231
0 0.62860577 0.60456731 0.01442308 0.02043269
0 0.62019231 0.63581731 0.01201923 0.02043269
0 0.47596154 0.32091346 0.01081731 0.02043269
0 0.42427885 0.84615385 0.02644231 0.03605769
0 0.61658654 0.80408654 0.02403846 0.04086538
