0 0.01682692 0.28245192 0.02043269 0.03545673
0 0.03966346 0.12139423 0.00901442 0.01742788
0 0.04086538 0.12620192 0.01502404 0.01562500
0 0.03485577 0.13701923 0.01201923 0.01442308
0 0.02764423 0.14783654 0.01442308 0.01682692
0 0.10456731 0.28245192 0.01442308 0.02704327
0 0.23918269 0.16346154 0.02584135 0.01862981
0 0.23798077 0.55769231 0.01322115 0.03305288
0 0.08774038 0.42668269 0.01562500 0.02343750
0 0.04206731 0.52043269 0.01682692 0.01923077
0 0.10817308 0.49158654 0.01081731 0.01442308
0 0.11298077 0.55649038 0.01442308 0.02584135
0 0.12860577 0.58413462 0.01201923 0.02283654
0 0.15144231 0.58293269 0.02403846 0.04206731
0 0.16225962 0.62980769 0.01682692 0.01923077
0 0.13581731 0.63341346 0.02644231 0.01201923
0 0.09735577 0.60216346 0.02463942 0.03305288
0 0.06490385 0.62980769 0.02403846 0.01923077
0 0.02884615 0.59975962 0.02524038 0.02824519
0 0.09975962 0.24759615 0.01201923 0.02283654
0 0.85456731 0.06850962 0.04387019 0.08653846
0 0.97956731 0.09735577 0.02644231 0.07932692
0 0.99399038 0.21394231 0.01201923 0.04807692
0 0.98677885 0.30048077 0.02644231 0.03846154
0 0.84615385 0.28966346 0.04326923 0.07451923
0 0.85096154 0.37379808 0.03545673 0.06370192
0 0.62379808 0.14302885 0.01923077 0.03545673
0 0.43509615 0.66105769 0.03365385 0.04326923
0 0.43509615 0.81730769 0.03846154 0.04086538
