0 0.09375000 0.10576923 0.02343750 0.01862981
0 0.09735577 0.49278846 0.01201923 0.03305288
0 0.01081731 0.50360577 0.02163462 0.01201923
0 0.96153846 0.05889423 0.04026442 0.07151442
0 0.23798077 0.71033654 0.02463942 0.04987981
0 0.39302885 0.75480769 0.02343750 0.03725962
0 0.40865385 0.81971154 0.01923077 0.04807692
0 0.29086538 0.56610577 0.02223558 0.03245192
0 0.39903846 0.61538462 0.02163462 0.03425481
0 0.38461538 0.62980769 0.02043269 0.03125000
0 0.33653846 0.70793269 0.02163462 0.03125000
0 0.06730769 0.53365385 0.02403846 0.04807692
0 0.35697115 0.64783654 0.02043269 0.03185096
0 0.37860577 0.95192308 0.02163462 0.02884615
0 0.29326923 0.64182692 0.02704327 0.03665865
0 0.25480769 0.58293269 0.02343750 0.03185096
0 0.33894231 0.84615385 0.02403846 0.04687500
0 0.19951923 0.62980769 0.02163462 0.03846154
0 0.25000000 0.85096154 0.03365385 0.04807692
0 0.58653846 0.53125000 0.01923077 0.02944712
