0 0.59254808 0.40024038 0.01201923 0.02403846
0 0.55528846 0.35817308 0.01682692 0.03125000
0 0.53245192 0.20673077 0.00961538 0.01682692
0 0.53125000 0.21153846 0.01442308 0.01442308
0 0.53846154 0.22235577 0.01081731 0.01442308
0 0.54447115 0.23076923 0.01442308 0.01562500
0 0.47235577 0.35576923 0.01081731 0.02403846
0 0.34975962 0.24639423 0.02163462 0.01562500
0 0.34254808 0.61538462 0.01081731 0.03125000
0 0.48557692 0.49639423 0.01442308 0.02043269
0 0.60937500 0.55649038 0.01442308 0.02524038
0 0.53004808 0.58653846 0.01562500 0.02043269
0 0.46875000 0.55769231 0.01081731 0.01442308
0 0.46274038 0.62139423 0.01442308 0.02403846
0 0.44711538 0.64423077 0.01081731 0.02403846
0 0.42788462 0.64423077 0.02043269 0.03605769
0 0.41586538 0.69110577 0.01442308 0.02764423
0 0.44350962 0.70192308 0.02403846 0.02163462
0 0.47836538 0.66466346 0.02163462 0.03125000
0 0.50721154 0.69831731 0.02043269 0.02764423
0 0.54687500 0.66225962 0.01201923 0.01923077
0 0.58173077 0.62620192 0.01923077 0.03125000
0 0.54206731 0.72716346 0.01562500 0.02764423
0 0.51682692 0.77163462 0.01081731 0.02764423
0 0.53004808 0.84254808 0.01923077 0.02764423
0 0.62740385 0.61298077 0.01201923 0.02043269
0 0.61778846 0.64423077 0.01201923 0.02043269
0 0.47475962 0.32932692 0.01081731 0.02043269
0 0.42067308 0.85336538 0.02644231 0.03605769
0 0.61538462 0.81129808 0.02524038 0.04086538
