0 0.59254808 0.38701923 0.01201923 0.02524038
0 0.55649038 0.34375000 0.01923077 0.03245192
0 0.53605769 0.19110577 0.00721154 0.01682692
0 0.53485577 0.19591346 0.01201923 0.01442308
0 0.53966346 0.20673077 0.01081731 0.01442308
0 0.54687500 0.21634615 0.01442308 0.01562500
0 0.47475962 0.34375000 0.01081731 0.02644231
0 0.34735577 0.23076923 0.02403846 0.01682692
0 0.34735577 0.60336538 0.01081731 0.03125000
0 0.49038462 0.48076923 0.01442308 0.02163462
0 0.61177885 0.54326923 0.01442308 0.02644231
0 0.53365385 0.56971154 0.01562500 0.01923077
0 0.47115385 0.54086538 0.01081731 0.01442308
0 0.46514423 0.60336538 0.01442308 0.02403846
0 0.45072115 0.62980769 0.00961538 0.02043269
0 0.43028846 0.62860577 0.02043269 0.03846154
0 0.41826923 0.67788462 0.01201923 0.02644231
0 0.44350962 0.68389423 0.02403846 0.02163462
0 0.48076923 0.64663462 0.02163462 0.03125000
0 0.50961538 0.68149038 0.02043269 0.03125000
0 0.54567308 0.64423077 0.02043269 0.02403846
0 0.58413462 0.60456731 0.01923077 0.03125000
0 0.54687500 0.70913462 0.01562500 0.02764423
0 0.52163462 0.75961538 0.01081731 0.02764423
0 0.53245192 0.82692308 0.01682692 0.02644231
0 0.62980769 0.59495192 0.01201923 0.02043269
0 0.62139423 0.62860577 0.01201923 0.02043269
0 0.47836538 0.31129808 0.01081731 0.02043269
0 0.61778846 0.79447115 0.02403846 0.04086538
0 0.42307692 0.83653846 0.02644231 0.03004808
