0 0.28846154 0.21514423 0.01682692 0.02704327
0 0.25480769 0.18389423 0.01923077 0.03545673
0 0.24759615 0.02644231 0.01442308 0.01923077
0 0.18028846 0.15745192 0.01742788 0.03185096
0 0.01081731 0.05649038 0.02163462 0.02163462
0 0.06009615 0.45793269 0.01141827 0.03185096
0 0.19591346 0.31009615 0.01442308 0.02343750
0 0.31730769 0.37259615 0.01862981 0.03305288
0 0.23798077 0.39783654 0.01622596 0.03545673
0 0.17427885 0.36538462 0.01502404 0.02944712
0 0.16466346 0.42187500 0.01622596 0.02884615
0 0.13100962 0.46394231 0.02343750 0.04326923
0 0.12019231 0.51682692 0.01682692 0.03004808
0 0.13822115 0.50841346 0.01742788 0.03545673
0 0.17908654 0.48076923 0.02824519 0.04026442
0 0.21394231 0.50120192 0.02163462 0.02824519
0 0.25360577 0.48076923 0.02704327 0.03064904
0 0.28605769 0.41706731 0.02644231 0.04447115
0 0.25480769 0.54326923 0.01502404 0.02884615
0 0.22956731 0.59615385 0.01923077 0.03786058
0 0.33413462 0.44471154 0.01862981 0.02463942
0 0.33413462 0.41466346 0.01622596 0.02403846
0 0.32692308 0.61778846 0.03846154 0.02403846
0 0.15384615 0.46274038 0.01562500 0.02704327
0 0.23557692 0.00961538 0.01923077 0.01923077
0 0.99639423 0.18870192 0.00721154 0.04567308
0 0.70793269 0.40625000 0.03305288 0.06730769
0 0.77043269 0.26802885 0.03245192 0.05588942
0 0.82812500 0.06850962 0.04266827 0.05829327
0 0.82932692 0.20673077 0.03725962 0.05108173
0 0.67307692 0.01562500 0.03846154 0.03125000
0 0.68509615 0.09014423 0.03605769 0.04266827
0 0.90504808 0.01442308 0.04086538 0.02884615
0 0.64423077 0.08533654 0.03906250 0.04266827
0 0.70072115 0.20673077 0.03425481 0.04507212
0 0.67187500 0.20432692 0.03665865 0.04867788
0 0.73798077 0.13341346 0.02524038 0.04026442
0 0.82692308 0.22235577 0.01983173 0.02223558
0 0.75480769 0.04687500 0.02824519 0.05889423
0 0.15865385 0.87139423 0.01502404 0.02343750
0 0.11899038 0.81971154 0.01742788 0.02944712
0 0.08293269 0.67427885 0.00781250 0.01742788
0 0.08533654 0.68149038 0.01262019 0.01442308
0 0.09134615 0.69831731 0.01141827 0.01442308
0 0.09735577 0.70793269 0.01742788 0.01742788
0 0.02524038 0.83653846 0.01141827 0.02463942
0 0.03485577 0.98677885 0.01382212 0.02103365
0 0.02043269 0.80889423 0.01141827 0.02103365
