0 0.31129808 0.17788462 0.01442308 0.03846154
0 0.15985577 0.00841346 0.02644231 0.01682692
0 0.03125000 0.08052885 0.02163462 0.03245192
0 0.11658654 0.11177885 0.01923077 0.03846154
0 0.18870192 0.06730769 0.01562500 0.03004808
0 0.20913462 0.17548077 0.02043269 0.03305288
0 0.23557692 0.18269231 0.02644231 0.04807692
0 0.24639423 0.24158654 0.01742788 0.03125000
0 0.22956731 0.23677885 0.02163462 0.03665865
0 0.18389423 0.20552885 0.03425481 0.04567308
0 0.14423077 0.22235577 0.02584135 0.03245192
0 0.10096154 0.20072115 0.03064904 0.03305288
0 0.06610577 0.12860577 0.03064904 0.04747596
0 0.10336538 0.26682692 0.02283654 0.03365385
0 0.12860577 0.32692308 0.02463942 0.04687500
0 0.11538462 0.39543269 0.01923077 0.02644231
0 0.01322115 0.15865385 0.02343750 0.03064904
0 0.01562500 0.12740385 0.01802885 0.02824519
0 0.22596154 0.40024038 0.03365385 0.01682692
0 0.02043269 0.36057692 0.04086538 0.04807692
0 0.20072115 0.13942308 0.02764423 0.03665865
0 0.89663462 0.19951923 0.01562500 0.02764423
0 0.93990385 0.14182692 0.02283654 0.03425481
0 0.96514423 0.00480769 0.01201923 0.00961538
0 0.95913462 0.01442308 0.01502404 0.01562500
0 0.87740385 0.37500000 0.01562500 0.02524038
0 0.97115385 0.40024038 0.01923077 0.01682692
0 0.88581731 0.55168269 0.01562500 0.02644231
0 0.92668269 0.50480769 0.02283654 0.03425481
0 0.86538462 0.72716346 0.01562500 0.02704327
0 0.95673077 0.76081731 0.01682692 0.02343750
0 0.98076923 0.88461538 0.02343750 0.03004808
0 0.93629808 0.84375000 0.01562500 0.01983173
0 0.89783654 0.80769231 0.02343750 0.03545673
0 0.94230769 0.91706731 0.01802885 0.03125000
0 0.97115385 0.96634615 0.01562500 0.03004808
0 0.84855769 0.79086538 0.01562500 0.02343750
0 0.85817308 0.82451923 0.01442308 0.02343750
0 0.86177885 0.99278846 0.02644231 0.01442308
