0 0.65144231 0.19471154 0.01562500 0.03004808
0 0.61418269 0.18028846 0.01923077 0.03245192
0 0.62379808 0.00721154 0.01201923 0.01442308
0 0.55528846 0.13581731 0.01201923 0.02764423
0 0.37139423 0.04447115 0.02403846 0.01682692
0 0.43629808 0.44350962 0.01201923 0.03485577
0 0.56730769 0.27163462 0.02043269 0.03846154
0 0.68509615 0.34855769 0.01562500 0.03004808
0 0.60697115 0.37620192 0.01562500 0.03485577
0 0.54206731 0.33653846 0.01201923 0.03725962
0 0.50600962 0.47596154 0.01923077 0.03125000
0 0.50120192 0.44110577 0.02403846 0.04326923
0 0.48798077 0.49639423 0.01442308 0.03004808
0 0.50721154 0.48197115 0.01562500 0.03125000
0 0.54567308 0.45793269 0.02644231 0.03846154
0 0.58173077 0.47836538 0.02163462 0.03125000
0 0.62259615 0.45673077 0.01562500 0.01923077
0 0.65264423 0.39062500 0.02403846 0.04206731
0 0.62379808 0.52163462 0.01682692 0.03125000
0 0.59975962 0.56971154 0.02043269 0.04326923
0 0.60817308 0.62860577 0.01562500 0.02524038
0 0.70192308 0.41947115 0.01923077 0.02764423
0 0.69951923 0.38822115 0.01682692 0.02644231
0 0.50841346 0.65144231 0.02764423 0.03125000
0 0.69471154 0.60096154 0.03485577 0.04206731
0 0.53245192 0.40144231 0.02163462 0.03245192
0 0.60697115 0.00961538 0.01081731 0.01923077
0 0.54567308 0.15384615 0.01201923 0.01923077
0 0.05408654 0.87379808 0.01201923 0.02163462
0 0.06370192 0.88100962 0.01201923 0.02043269
0 0.08653846 0.88942308 0.01201923 0.01923077
0 0.11658654 0.96274038 0.01562500 0.02163462
0 0.09495192 0.96033654 0.01201923 0.01923077
0 0.10456731 0.97115385 0.01081731 0.02043269
0 0.11177885 0.98918269 0.02043269 0.02163462
