0 0.32211538 0.01442308 0.01442308 0.02884615
0 0.24519231 0.04687500 0.02223558 0.03665865
0 0.24879808 0.01562500 0.03125000 0.03125000
0 0.26562500 0.06971154 0.01983173 0.03425481
0 0.24399038 0.05288462 0.01923077 0.03545673
0 0.20192308 0.02644231 0.03245192 0.04567308
0 0.16105769 0.04807692 0.02644231 0.03545673
0 0.11658654 0.02524038 0.01802885 0.02223558
0 0.11538462 0.09615385 0.02163462 0.03545673
0 0.14182692 0.15024038 0.02343750 0.04807692
0 0.13221154 0.21514423 0.01562500 0.02704327
0 0.24278846 0.24038462 0.03245192 0.03425481
0 0.03725962 0.18509615 0.03846154 0.04747596
0 0.34134615 0.59134615 0.01622596 0.03305288
0 0.32091346 0.54807692 0.02644231 0.03846154
0 0.28125000 0.53725962 0.01442308 0.01682692
0 0.24038462 0.55048077 0.03365385 0.04326923
0 0.17908654 0.54326923 0.02644231 0.02884615
0 0.19591346 0.66105769 0.02163462 0.03425481
0 0.17427885 0.60697115 0.02463942 0.04266827
0 0.19350962 0.73798077 0.02584135 0.03545673
0 0.29807692 0.76923077 0.03004808 0.03425481
0 0.10216346 0.72115385 0.02343750 0.04326923
0 0.37620192 0.55769231 0.01682692 0.02524038
0 0.89423077 0.56490385 0.04747596 0.06129808
0 0.93990385 0.63822115 0.05348558 0.05769231
0 0.88221154 0.65264423 0.05228365 0.05108173
0 0.81370192 0.70793269 0.05048077 0.08293269
0 0.89302885 0.77644231 0.03545673 0.05649038
0 0.85576923 0.78605769 0.03725962 0.04146635
0 0.77043269 0.84254808 0.03125000 0.06430288
0 0.72596154 0.72716346 0.02764423 0.05769231
0 0.69471154 0.72836538 0.03906250 0.07932692
0 0.70793269 0.60216346 0.03786058 0.05769231
0 0.71875000 0.58894231 0.03966346 0.04627404
0 0.78966346 0.58533654 0.03004808 0.06550481
