0 0.29687500 0.02403846 0.02524038 0.01983173
0 0.35576923 0.43269231 0.01021635 0.03365385
0 0.44831731 0.42788462 0.02163462 0.03365385
0 0.42548077 0.43509615 0.02644231 0.04567308
0 0.45192308 0.39302885 0.01442308 0.03125000
0 0.84254808 0.44350962 0.01442308 0.02884615
0 0.18750000 0.73197115 0.04086538 0.03725962
0 0.78605769 0.48197115 0.03365385 0.04567308
0 0.74519231 0.74759615 0.04266827 0.04447115
0 0.73557692 0.88581731 0.05649038 0.05588942
0 0.63461538 0.73918269 0.04026442 0.04807692
0 0.65024038 0.86057692 0.03545673 0.05468750
0 0.60817308 0.78966346 0.03786058 0.05528846
0 0.58413462 0.73317308 0.03425481 0.06310096
0 0.60817308 0.79206731 0.03545673 0.05228365
0 0.59254808 0.87860577 0.03365385 0.06069712
0 0.67908654 0.70432692 0.04026442 0.05468750
