0 0.20072115 0.05769231 0.01862981 0.02524038
0 0.23557692 0.03365385 0.02043269 0.03846154
0 0.30288462 0.00360577 0.01442308 0.00721154
0 0.42427885 0.32932692 0.01682692 0.03846154
0 0.28605769 0.13100962 0.01802885 0.03185096
0 0.15745192 0.22235577 0.01802885 0.03185096
0 0.24639423 0.24639423 0.02944712 0.04086538
0 0.31490385 0.19831731 0.01502404 0.03605769
0 0.36538462 0.30889423 0.01983173 0.03365385
0 0.33173077 0.31370192 0.01862981 0.03605769
0 0.31370192 0.32451923 0.01923077 0.02884615
0 0.27163462 0.34254808 0.02403846 0.01201923
0 0.19471154 0.25240385 0.02824519 0.04507212
0 0.14543269 0.25841346 0.02403846 0.03485577
0 0.32451923 0.26322115 0.02524038 0.03425481
0 0.31129808 0.00961538 0.01682692 0.01923077
0 0.13822115 0.28725962 0.01201923 0.02403846
