0 0.24278846 0.07331731 0.01502404 0.04146635
0 0.33173077 0.05528846 0.01742788 0.04266827
0 0.30048077 0.04447115 0.02403846 0.04086538
0 0.28605769 0.11778846 0.01382212 0.02944712
0 0.31009615 0.08774038 0.02163462 0.03485577
0 0.34615385 0.05048077 0.01742788 0.03846154
0 0.38942308 0.08533654 0.03064904 0.03906250
0 0.43750000 0.06490385 0.02524038 0.03846154
0 0.41826923 0.18509615 0.01983173 0.03725962
0 0.43629808 0.13461538 0.02403846 0.04266827
0 0.42187500 0.26081731 0.02223558 0.03185096
0 0.31730769 0.28365385 0.03545673 0.03906250
0 0.52283654 0.22716346 0.02343750 0.04086538
0 0.51322115 0.02403846 0.01502404 0.02884615
0 0.52884615 0.00841346 0.01442308 0.01682692
0 0.97235577 0.18870192 0.02463942 0.03786058
0 0.96274038 0.02884615 0.01262019 0.01983173
0 0.89783654 0.15865385 0.01262019 0.03305288
0 0.71754808 0.05889423 0.02704327 0.02163462
0 0.76081731 0.47115385 0.01201923 0.01442308
0 0.90745192 0.32211538 0.01622596 0.02403846
0 0.95072115 0.42187500 0.01983173 0.03725962
0 0.88461538 0.37980769 0.01622596 0.03305288
0 0.87500000 0.44831731 0.01682692 0.02884615
0 0.83774038 0.47115385 0.02644231 0.01442308
0 0.99399038 0.44230769 0.01201923 0.04807692
0 0.95192308 0.01201923 0.01502404 0.02103365
0 0.88822115 0.18149038 0.01201923 0.02163462
0 0.01442308 0.68870192 0.02884615 0.03125000
