0 0.28846154 0.04086538 0.02043269 0.03365385
0 0.27043269 0.00600962 0.02163462 0.01201923
0 0.28485577 0.11298077 0.02043269 0.03004808
0 0.18870192 0.08052885 0.02163462 0.03966346
0 0.64062500 0.05168269 0.02764423 0.04927885
0 0.81730769 0.09375000 0.03725962 0.06670673
0 0.90144231 0.04086538 0.02944712 0.05288462
0 0.90745192 0.07932692 0.04146635 0.07271635
0 0.92788462 0.19831731 0.03605769 0.04387019
0 0.91947115 0.27283654 0.03605769 0.04146635
0 0.82812500 0.30408654 0.04266827 0.08173077
0 0.83052885 0.34615385 0.03004808 0.04807692
0 0.93990385 0.50841346 0.02884615 0.02163462
0 0.84615385 0.61177885 0.03605769 0.08533654
0 0.96875000 0.65865385 0.02043269 0.08112981
0 0.98798077 0.75721154 0.02403846 0.04326923
0 0.98076923 0.83413462 0.03125000 0.03846154
0 0.83894231 0.82451923 0.03906250 0.07151442
0 0.84254808 0.90865385 0.03185096 0.06370192
0 0.62019231 0.70072115 0.02043269 0.03365385
