0 0.71274038 0.09014423 0.01682692 0.02163462
0 0.68389423 0.07451923 0.02043269 0.03725962
0 0.51442308 0.35096154 0.01201923 0.03846154
0 0.63701923 0.15264423 0.01923077 0.03245192
0 0.75600962 0.23437500 0.01682692 0.03125000
0 0.67668269 0.26923077 0.02403846 0.03485577
0 0.61177885 0.21754808 0.01201923 0.03245192
0 0.59615385 0.33413462 0.01442308 0.03846154
0 0.56730769 0.32451923 0.02043269 0.03725962
0 0.55408654 0.39182692 0.01201923 0.02764423
0 0.57572115 0.36418269 0.01682692 0.03125000
0 0.60817308 0.32932692 0.01201923 0.03605769
0 0.64903846 0.36177885 0.02524038 0.03485577
0 0.69350962 0.34254808 0.02163462 0.03605769
0 0.71634615 0.26201923 0.02524038 0.04567308
0 0.67548077 0.45432692 0.01923077 0.03245192
0 0.69230769 0.40745192 0.02043269 0.03846154
0 0.67908654 0.52403846 0.01923077 0.02764423
0 0.76802885 0.26923077 0.02043269 0.03125000
0 0.58293269 0.54447115 0.03004808 0.03485577
0 0.77163462 0.49278846 0.01923077 0.03725962
0 0.60216346 0.27283654 0.02043269 0.03004808
0 0.62379808 0.02403846 0.01562500 0.01923077
0 0.12379808 0.78485577 0.01201923 0.02163462
0 0.13581731 0.78125000 0.02163462 0.02644231
0 0.15504808 0.78245192 0.01442308 0.02764423
0 0.16225962 0.85096154 0.01201923 0.02644231
0 0.17788462 0.85336538 0.01201923 0.02524038
0 0.19230769 0.84855769 0.01682692 0.02644231
0 0.18149038 0.87620192 0.01682692 0.03605769
0 0.76322115 0.30528846 0.01201923 0.02644231
0 0.77884615 0.28966346 0.01201923 0.02043269
0 0.61899038 0.03846154 0.00961538 0.01923077
