0 0.17668269 0.02644231 0.01682692 0.02403846
0 0.20072115 0.01562500 0.02163462 0.03125000
0 0.24879808 0.08293269 0.02223558 0.03605769
0 0.12139423 0.17668269 0.01262019 0.03064904
0 0.20312500 0.21875000 0.02524038 0.03725962
0 0.27644231 0.14903846 0.01382212 0.03365385
0 0.29687500 0.28245192 0.01622596 0.03365385
0 0.32812500 0.26923077 0.02103365 0.03786058
0 0.32331731 0.30168269 0.02163462 0.01201923
0 0.28365385 0.28966346 0.01442308 0.02884615
0 0.23677885 0.30048077 0.03125000 0.01442308
0 0.18750000 0.29206731 0.02403846 0.03125000
0 0.17548077 0.18509615 0.02704327 0.04747596
0 0.10697115 0.21033654 0.02283654 0.03605769
0 0.28966346 0.19831731 0.02824519 0.03725962
0 0.11177885 0.24278846 0.02043269 0.03906250
0 0.09254808 0.22596154 0.01262019 0.02283654
0 0.38221154 0.30528846 0.01923077 0.00480769
0 0.78004808 0.00360577 0.01682692 0.00721154
0 0.74519231 0.16225962 0.03305288 0.03605769
0 0.37860577 0.44471154 0.02584135 0.03245192
