0 0.35456731 0.32572115 0.00721154 0.02163462
0 0.34375000 0.31730769 0.01923077 0.02403846
0 0.33413462 0.29086538 0.01562500 0.02824519
0 0.32812500 0.37259615 0.01502404 0.02824519
0 0.31129808 0.37620192 0.01382212 0.02223558
0 0.29807692 0.36778846 0.01562500 0.02403846
0 0.30889423 0.39543269 0.01742788 0.03605769
0 0.69831731 0.00721154 0.02163462 0.01442308
0 0.79807692 0.02644231 0.03245192 0.03545673
0 0.78725962 0.67788462 0.02163462 0.03305288
0 0.58533654 0.69350962 0.03185096 0.03185096
