0 0.57692308 0.10937500 0.01562500 0.03185096
0 0.54687500 0.09615385 0.02043269 0.03425481
0 0.52764423 0.18269231 0.01622596 0.03305288
0 0.54567308 0.13701923 0.02824519 0.04447115
0 0.58653846 0.12379808 0.01081731 0.03064904
0 0.61418269 0.13942308 0.00721154 0.04326923
0 0.56971154 0.36177885 0.03365385 0.03665865
0 0.58052885 0.01682692 0.03125000 0.03365385
0 0.49158654 0.14903846 0.01562500 0.02403846
0 0.70312500 0.36538462 0.01682692 0.03305288
0 0.68269231 0.35456731 0.01983173 0.02644231
0 0.70432692 0.31971154 0.01682692 0.03245192
