0 0.30168269 0.53004808 0.01201923 0.03125000
0 0.29927885 0.49879808 0.01682692 0.03605769
0 0.29326923 0.58052885 0.01442308 0.01682692
0 0.27163462 0.57812500 0.01442308 0.02163462
0 0.26442308 0.57692308 0.01923077 0.02403846
0 0.50120192 0.08293269 0.01382212 0.02584135
0 0.54326923 0.02524038 0.01923077 0.03305288
0 0.64302885 0.04206731 0.01262019 0.02584135
0 0.79326923 0.29927885 0.01081731 0.03365385
0 0.63100962 0.20432692 0.01262019 0.01983173
0 0.48437500 0.26081731 0.01262019 0.02584135
0 0.57812500 0.29206731 0.01802885 0.02163462
0 0.64783654 0.26201923 0.01141827 0.01382212
0 0.65745192 0.32932692 0.01262019 0.02283654
0 0.66947115 0.35216346 0.01201923 0.02584135
0 0.68990385 0.35216346 0.01742788 0.03245192
0 0.70312500 0.40144231 0.01382212 0.02884615
0 0.65985577 0.41947115 0.01382212 0.02584135
0 0.63581731 0.37740385 0.02524038 0.03245192
0 0.60456731 0.41225962 0.02403846 0.04987981
0 0.55408654 0.37139423 0.01262019 0.02103365
0 0.51682692 0.35937500 0.02103365 0.03365385
0 0.56850962 0.44951923 0.01382212 0.02463942
0 0.59615385 0.49519231 0.01322115 0.02884615
0 0.70432692 0.57692308 0.02403846 0.02403846
0 0.57451923 0.57091346 0.01682692 0.02884615
0 0.48677885 0.53365385 0.02163462 0.03966346
0 0.46995192 0.32331731 0.01382212 0.02103365
0 0.48076923 0.35456731 0.01382212 0.02163462
0 0.64663462 0.01442308 0.01201923 0.02163462
0 0.16706731 0.89543269 0.01322115 0.01682692
0 0.15745192 0.88461538 0.01141827 0.01322115
0 0.15384615 0.87620192 0.01021635 0.01622596
0 0.14783654 0.87019231 0.00841346 0.02403846
0 0.05769231 0.92548077 0.02403846 0.04266827
0 0.05769231 0.98317308 0.01021635 0.02043269
0 0.03245192 0.94350962 0.01141827 0.02163462
0 0.01081731 0.90745192 0.01923077 0.02824519
0 0.65264423 0.60697115 0.05048077 0.03605769
0 0.65504808 0.62620192 0.03485577 0.05228365
0 0.65865385 0.82932692 0.03725962 0.05048077
0 0.65985577 0.98677885 0.04567308 0.02644231
0 0.76322115 0.90024038 0.04687500 0.05588942
0 0.77644231 0.94831731 0.03425481 0.05468750
0 0.77283654 0.81250000 0.03305288 0.05348558
0 0.85576923 0.79326923 0.04206731 0.07451923
0 0.82932692 0.85336538 0.03485577 0.05709135
0 0.84855769 0.96514423 0.04326923 0.06971154
0 0.75841346 0.86538462 0.02524038 0.04266827
