0 0.31730769 0.15504808 0.01382212 0.01923077
0 0.28245192 0.13581731 0.03185096 0.03846154
0 0.25961538 0.19110577 0.01382212 0.04026442
0 0.37740385 0.28846154 0.02283654 0.03425481
0 0.29326923 0.34254808 0.02463942 0.04026442
0 0.23076923 0.25120192 0.01021635 0.03064904
0 0.22235577 0.42307692 0.01742788 0.03906250
0 0.16225962 0.46995192 0.02163462 0.03665865
0 0.17548077 0.41466346 0.01742788 0.03365385
0 0.18149038 0.38100962 0.01742788 0.03665865
0 0.21153846 0.39062500 0.01262019 0.02704327
0 0.25600962 0.42307692 0.02824519 0.03425481
0 0.32091346 0.41105769 0.02764423 0.03966346
0 0.31971154 0.26081731 0.02403846 0.04807692
0 0.30288462 0.51322115 0.01622596 0.02704327
0 0.32211538 0.46995192 0.01923077 0.03545673
0 0.31009615 0.60096154 0.02223558 0.05288462
0 0.40264423 0.31850962 0.01802885 0.03185096
0 0.20552885 0.62259615 0.02584135 0.03305288
0 0.37980769 0.58173077 0.02584135 0.03906250
0 0.21514423 0.28125000 0.02524038 0.03545673
0 0.25120192 0.07451923 0.02043269 0.02524038
0 0.38581731 0.32812500 0.01262019 0.01923077
0 0.14182692 0.41466346 0.01562500 0.02403846
0 0.23677885 0.08653846 0.01562500 0.02343750
0 0.20552885 0.74759615 0.03605769 0.03846154
0 0.22115385 0.84855769 0.03365385 0.03906250
0 0.36177885 0.82692308 0.03786058 0.07091346
0 0.35937500 0.88822115 0.02824519 0.05769231
