0 0.20312500 0.03485577 0.01802885 0.02283654
0 0.17548077 0.02163462 0.02764423 0.03485577
0 0.14182692 0.07451923 0.01923077 0.03425481
0 0.26201923 0.16346154 0.01562500 0.02884615
0 0.18149038 0.21153846 0.02764423 0.03665865
0 0.11538462 0.13581731 0.01502404 0.03365385
0 0.10817308 0.28966346 0.01622596 0.03064904
0 0.06730769 0.29206731 0.01802885 0.03125000
0 0.05048077 0.33653846 0.01562500 0.02944712
0 0.06971154 0.25721154 0.02223558 0.04026442
0 0.09375000 0.26923077 0.01141827 0.02463942
0 0.14423077 0.29807692 0.02884615 0.04206731
0 0.20192308 0.28725962 0.02223558 0.03545673
0 0.20673077 0.15745192 0.03125000 0.05168269
0 0.18509615 0.39302885 0.02043269 0.03545673
0 0.20432692 0.34975962 0.02163462 0.03966346
0 0.18750000 0.47355769 0.02223558 0.03125000
0 0.27283654 0.20192308 0.02403846 0.03365385
0 0.09254808 0.50240385 0.03004808 0.03125000
0 0.26923077 0.45432692 0.01983173 0.03966346
0 0.09855769 0.17548077 0.02764423 0.03846154
0 0.28485577 0.20913462 0.01562500 0.02103365
0 0.02043269 0.30528846 0.01382212 0.02043269
0 0.79687500 0.41826923 0.04086538 0.03365385
0 0.38822115 0.80048077 0.01382212 0.01923077
0 0.34855769 0.80168269 0.02283654 0.04206731
0 0.34615385 0.84735577 0.00961538 0.02884615
0 0.37019231 0.98557692 0.01923077 0.02884615
0 0.31370192 0.90384615 0.01562500 0.02524038
0 0.38461538 0.87139423 0.02223558 0.04326923
0 0.30168269 0.89062500 0.01502404 0.02884615
0 0.33653846 0.72235577 0.01802885 0.02163462
0 0.32211538 0.73677885 0.01923077 0.02283654
0 0.05288462 0.65985577 0.01382212 0.02163462
0 0.40504808 0.63100962 0.00721154 0.03125000
0 0.38341346 0.60336538 0.01682692 0.02403846
0 0.40625000 0.59254808 0.00480769 0.02644231
0 0.40024038 0.60096154 0.01502404 0.02403846
0 0.39423077 0.61538462 0.01141827 0.01983173
0 0.88701923 0.74759615 0.01502404 0.03906250
0 0.98798077 0.62019231 0.01382212 0.03846154
0 0.97235577 0.73677885 0.01682692 0.04026442
0 0.94230769 0.72235577 0.02223558 0.03966346
0 0.93149038 0.78966346 0.01382212 0.02884615
0 0.95192308 0.76802885 0.01802885 0.03125000
0 0.98557692 0.73076923 0.01502404 0.03425481
0 0.95793269 0.94951923 0.03305288 0.03665865
0 0.97596154 0.67548077 0.02223558 0.03064904
