0 0.53125000 0.00961538 0.01442308 0.01923077
0 0.49038462 0.06730769 0.01562500 0.02944712
0 0.51081731 0.02524038 0.02403846 0.04326923
0 0.54687500 0.01802885 0.01262019 0.02644231
0 0.58533654 0.03125000 0.02884615 0.03906250
0 0.53245192 0.23437500 0.03004808 0.03245192
0 0.06971154 0.49759615 0.01382212 0.02283654
0 0.08533654 0.48677885 0.02043269 0.02524038
0 0.09254808 0.45913462 0.01862981 0.03064904
0 0.10096154 0.53846154 0.01562500 0.02764423
0 0.11538462 0.53846154 0.01502404 0.02163462
0 0.12740385 0.53245192 0.01742788 0.02524038
0 0.11899038 0.55769231 0.01682692 0.03425481
0 0.46033654 0.04086538 0.01382212 0.02283654
0 0.90144231 0.08173077 0.02103365 0.03906250
0 0.87259615 0.21153846 0.02223558 0.03545673
0 0.89182692 0.32692308 0.03245192 0.03846154
0 0.27644231 0.83653846 0.01983173 0.02944712
0 0.83052885 0.63341346 0.03245192 0.03004808
