0 0.61418269 0.15985577 0.02043269 0.02644231
0 0.58413462 0.13701923 0.02764423 0.03605769
0 0.56009615 0.19831731 0.02043269 0.03725962
0 0.67908654 0.28485577 0.01201923 0.02644231
0 0.59735577 0.33894231 0.02524038 0.03846154
0 0.53846154 0.24519231 0.01081731 0.03125000
0 0.53004808 0.41826923 0.01201923 0.03125000
0 0.48197115 0.41586538 0.01923077 0.03245192
0 0.46875000 0.45312500 0.01562500 0.03245192
0 0.49278846 0.37740385 0.02163462 0.04086538
0 0.54326923 0.37860577 0.01081731 0.02524038
0 0.56009615 0.41586538 0.02524038 0.03125000
0 0.62139423 0.40745192 0.02403846 0.03725962
0 0.62259615 0.26562500 0.02764423 0.05168269
0 0.60576923 0.50360577 0.01682692 0.03125000
0 0.62379808 0.46514423 0.02043269 0.03846154
0 0.60817308 0.59254808 0.02043269 0.03125000
0 0.68870192 0.32812500 0.01442308 0.03004808
0 0.51201923 0.61778846 0.02764423 0.03125000
0 0.68028846 0.57331731 0.02043269 0.03485577
0 0.51923077 0.28725962 0.02524038 0.03725962
0 0.54807692 0.08052885 0.01923077 0.02403846
0 0.05889423 0.88581731 0.01442308 0.03125000
0 0.07091346 0.87139423 0.02043269 0.02644231
0 0.07451923 0.84014423 0.01562500 0.03125000
0 0.08774038 0.92187500 0.01442308 0.02644231
0 0.10697115 0.91586538 0.01923077 0.02644231
0 0.10336538 0.93750000 0.01923077 0.02524038
0 0.70432692 0.33052885 0.01201923 0.02043269
0 0.44110577 0.42668269 0.01442308 0.02403846
