0 0.32451923 0.00360577 0.02884615 0.00721154
0 0.76322115 0.00961538 0.03605769 0.01923077
0 0.64182692 0.01322115 0.03846154 0.02644231
0 0.64543269 0.04447115 0.03725962 0.06790865
0 0.65745192 0.28245192 0.04206731 0.04627404
0 0.78125000 0.28125000 0.03966346 0.04627404
0 0.78365385 0.31370192 0.03365385 0.01201923
0 0.83653846 0.25600962 0.03245192 0.06430288
0 0.81730769 0.30769231 0.03365385 0.02403846
0 0.74399038 0.26682692 0.02403846 0.04026442
0 0.14423077 0.80408654 0.04807692 0.03906250
