0 0.36538462 0.01201923 0.02884615 0.02403846
0 0.29086538 0.08774038 0.01382212 0.03185096
0 0.23076923 0.13461538 0.02163462 0.03605769
0 0.24759615 0.07812500 0.01802885 0.03545673
0 0.24519231 0.03966346 0.02043269 0.03966346
0 0.27524038 0.06129808 0.01322115 0.02704327
0 0.32572115 0.08774038 0.02884615 0.03425481
0 0.39182692 0.07692308 0.02584135 0.04026442
0 0.37019231 0.18269231 0.01983173 0.03305288
0 0.39302885 0.13822115 0.02283654 0.04146635
0 0.37860577 0.27283654 0.02163462 0.03185096
0 0.46274038 0.00360577 0.01682692 0.00721154
0 0.27524038 0.29807692 0.03305288 0.03425481
0 0.45312500 0.25120192 0.02524038 0.03725962
0 0.19711538 0.09975962 0.01442308 0.02584135
0 0.77764423 0.00480769 0.02644231 0.00961538
0 0.81009615 0.00600962 0.02403846 0.01201923
0 0.70913462 0.96153846 0.01502404 0.02163462
0 0.98557692 0.81129808 0.02884615 0.05048077
0 0.73076923 0.68990385 0.02103365 0.03545673
0 0.75480769 0.68509615 0.01983173 0.02944712
0 0.64182692 0.61057692 0.02223558 0.03425481
0 0.64302885 0.57451923 0.01802885 0.02463942
0 0.61418269 0.55649038 0.01862981 0.04086538
0 0.70673077 0.98557692 0.01442308 0.02884615
