0 0.68028846 0.10817308 0.01682692 0.02043269
0 0.65264423 0.09495192 0.02644231 0.03245192
0 0.61778846 0.15024038 0.01923077 0.03245192
0 0.73317308 0.24639423 0.01442308 0.03004808
0 0.65504808 0.28245192 0.02403846 0.03485577
0 0.58894231 0.21153846 0.01201923 0.03485577
0 0.58894231 0.33173077 0.01201923 0.03004808
0 0.54567308 0.32692308 0.01562500 0.03125000
0 0.53125000 0.40504808 0.01442308 0.03004808
0 0.54206731 0.36298077 0.02403846 0.04326923
0 0.58413462 0.35336538 0.01081731 0.02524038
0 0.62019231 0.36778846 0.02764423 0.03846154
0 0.67548077 0.35456731 0.02043269 0.03485577
0 0.68149038 0.23076923 0.02524038 0.04567308
0 0.65985577 0.46754808 0.01682692 0.03125000
0 0.67788462 0.41947115 0.01923077 0.03725962
0 0.66225962 0.53846154 0.02043269 0.03125000
0 0.74879808 0.27403846 0.02043269 0.03125000
0 0.56730769 0.56730769 0.02764423 0.03125000
0 0.74158654 0.52163462 0.02043269 0.03846154
0 0.57692308 0.24879808 0.02524038 0.03605769
0 0.60456731 0.03125000 0.01562500 0.02043269
0 0.11057692 0.82692308 0.01201923 0.02163462
0 0.12740385 0.81610577 0.01923077 0.02403846
0 0.13341346 0.78846154 0.01442308 0.02764423
0 0.13942308 0.86538462 0.01201923 0.03125000
0 0.15625000 0.86899038 0.01201923 0.02163462
0 0.16826923 0.86298077 0.01562500 0.02403846
0 0.15985577 0.88822115 0.01682692 0.03485577
0 0.75961538 0.28004808 0.01201923 0.02043269
0 0.49519231 0.37379808 0.01201923 0.02163462
