0 0.17067308 0.43990385 0.01622596 0.02103365
0 0.21033654 0.43149038 0.02043269 0.04326923
0 0.21995192 0.48437500 0.01262019 0.03064904
0 0.25360577 0.55408654 0.01442308 0.02644231
0 0.17307692 0.52403846 0.01983173 0.04326923
0 0.27043269 0.54927885 0.01562500 0.03125000
0 0.23437500 0.35336538 0.02223558 0.02764423
0 0.24519231 0.36418269 0.01923077 0.02403846
0 0.14903846 0.24639423 0.01742788 0.03125000
0 0.16947115 0.23076923 0.02223558 0.02644231
0 0.15865385 0.20432692 0.01562500 0.03004808
0 0.93629808 0.09495192 0.01682692 0.03185096
0 0.98677885 0.08293269 0.02283654 0.03665865
0 0.91105769 0.00480769 0.01442308 0.00961538
0 0.91947115 0.01682692 0.01322115 0.03305288
0 0.88221154 0.14302885 0.01622596 0.03125000
0 0.80769231 0.23798077 0.01862981 0.03365385
0 0.71754808 0.21153846 0.01742788 0.03305288
0 0.42067308 0.19711538 0.01983173 0.03846154
0 0.40504808 0.14543269 0.01201923 0.02644231
0 0.43509615 0.26923077 0.01622596 0.02343750
0 0.42788462 0.24639423 0.01322115 0.01923077
0 0.42067308 0.26562500 0.01201923 0.03064904
0 0.55288462 0.25480769 0.01682692 0.04266827
0 0.51322115 0.56009615 0.01682692 0.01923077
0 0.40144231 0.03966346 0.00480769 0.02163462
0 0.63341346 0.09014423 0.01141827 0.01622596
0 0.51802885 0.54447115 0.00841346 0.02043269
0 0.64302885 0.09254808 0.01201923 0.02043269
0 0.34615385 0.91947115 0.01682692 0.02824519
0 0.26201923 0.90745192 0.01141827 0.02403846
0 0.22235577 0.68509615 0.02644231 0.06189904
0 0.16586538 0.66706731 0.01562500 0.02644231
0 0.10216346 0.64062500 0.01622596 0.02644231
0 0.11298077 0.94831731 0.01562500 0.02223558
0 0.18389423 0.78365385 0.01322115 0.01983173
0 0.96875000 0.61658654 0.02043269 0.03064904
0 0.89663462 0.70312500 0.01622596 0.03125000
0 0.80649038 0.67788462 0.01862981 0.03064904
0 0.50000000 0.68990385 0.02463942 0.05829327
0 0.49399038 0.60937500 0.01442308 0.03545673
0 0.52524038 0.74639423 0.01562500 0.02644231
0 0.51201923 0.73076923 0.01081731 0.01983173
0 0.51923077 0.71514423 0.01562500 0.02103365
0 0.65144231 0.70913462 0.02283654 0.05228365
0 0.41586538 0.92908654 0.03365385 0.04086538
