0 0.48918269 0.29447115 0.01562500 0.02223558
0 0.44951923 0.27884615 0.03185096 0.04627404
0 0.43269231 0.33653846 0.01682692 0.03545673
0 0.40024038 0.40745192 0.01201923 0.02163462
0 0.49399038 0.39182692 0.02103365 0.04326923
0 0.37740385 0.41105769 0.02403846 0.01442308
0 0.42908654 0.19230769 0.02103365 0.02764423
0 0.41586538 0.21274038 0.01502404 0.02403846
0 0.12620192 0.13100962 0.01923077 0.03004808
0 0.50240385 0.10336538 0.01442308 0.02884615
0 0.49519231 0.03725962 0.02103365 0.02343750
