0 0.55889423 0.29326923 0.01201923 0.01923077
0 0.52283654 0.27884615 0.02524038 0.04086538
0 0.50721154 0.33173077 0.01081731 0.03125000
0 0.61778846 0.43389423 0.01923077 0.03485577
0 0.54206731 0.47596154 0.02524038 0.03846154
0 0.47836538 0.39903846 0.01081731 0.02644231
0 0.47475962 0.55769231 0.01923077 0.04086538
0 0.41225962 0.60096154 0.01923077 0.03605769
0 0.42187500 0.55288462 0.01562500 0.03125000
0 0.42908654 0.50600962 0.01562500 0.03485577
0 0.45793269 0.53004808 0.01442308 0.02644231
0 0.50360577 0.55889423 0.02403846 0.03485577
0 0.56971154 0.55048077 0.01562500 0.03125000
0 0.56250000 0.38100962 0.01923077 0.03846154
0 0.54567308 0.64903846 0.01562500 0.02644231
0 0.56850962 0.60697115 0.02043269 0.03605769
0 0.55649038 0.73076923 0.02043269 0.05168269
0 0.62860577 0.46995192 0.01562500 0.03125000
0 0.45913462 0.75600962 0.02403846 0.03125000
0 0.62379808 0.70673077 0.02163462 0.03605769
0 0.45913462 0.40985577 0.02043269 0.03125000
0 0.50480769 0.20192308 0.01923077 0.02403846
0 0.02403846 0.97355769 0.01923077 0.02644231
0 0.64543269 0.46995192 0.01201923 0.01923077
0 0.38341346 0.56850962 0.01201923 0.02043269
0 0.49278846 0.21995192 0.01442308 0.02163462
0 0.23076923 0.14663462 0.01562500 0.02644231
0 0.57331731 0.12139423 0.01442308 0.02644231
0 0.56370192 0.06129808 0.01923077 0.02043269
