0 0.26923077 0.46274038 0.01923077 0.02283654
0 0.27644231 0.47596154 0.02043269 0.02403846
0 0.18389423 0.35697115 0.01802885 0.03185096
0 0.20913462 0.32812500 0.01983173 0.02584135
0 0.18629808 0.31129808 0.01682692 0.03064904
0 0.89903846 0.12500000 0.03485577 0.06250000
0 0.99399038 0.10697115 0.01201923 0.06490385
0 0.89543269 0.32932692 0.03966346 0.07572115
0 0.89783654 0.39543269 0.02884615 0.06069712
0 0.70793269 0.06250000 0.02403846 0.04326923
0 0.07331731 0.52403846 0.03605769 0.04807692
0 0.18389423 0.51201923 0.03125000 0.02403846
0 0.23557692 0.62980769 0.03605769 0.05408654
0 0.21875000 0.75000000 0.04146635 0.04747596
0 0.06850962 0.72115385 0.03966346 0.07331731
0 0.06971154 0.78725962 0.02884615 0.06069712
