0 0.07091346 0.44230769 0.01622596 0.02944712
0 0.09975962 0.42427885 0.01983173 0.02524038
0 0.06971154 0.41105769 0.01682692 0.02824519
0 0.08173077 0.42067308 0.01502404 0.02463942
0 0.08774038 0.43028846 0.00781250 0.02824519
0 0.84254808 0.98076923 0.01442308 0.03786058
0 0.63701923 0.80769231 0.02283654 0.04086538
0 0.65024038 0.78846154 0.01923077 0.02944712
0 0.77884615 0.74639423 0.01502404 0.02223558
0 0.98918269 0.54567308 0.02163462 0.05769231
0 0.58774038 0.51802885 0.02163462 0.03605769
