0 0.25120192 0.37860577 0.01682692 0.03125000
0 0.27884615 0.36057692 0.01983173 0.02524038
0 0.24879808 0.34735577 0.01682692 0.02824519
0 0.26201923 0.35697115 0.01622596 0.02764423
0 0.26802885 0.36658654 0.00781250 0.02704327
0 0.63100962 0.38461538 0.02103365 0.04086538
0 0.89423077 0.39903846 0.01682692 0.03305288
0 0.91826923 0.41826923 0.01502404 0.02884615
0 0.67908654 0.30649038 0.01682692 0.04026442
0 0.95192308 0.31730769 0.03305288 0.03004808
0 0.99399038 0.29086538 0.01201923 0.02403846
0 0.96754808 0.28846154 0.01802885 0.02403846
0 0.65504808 0.23557692 0.02824519 0.04387019
0 0.97836538 0.12139423 0.01382212 0.03125000
0 0.94711538 0.13221154 0.02043269 0.03365385
0 0.96274038 0.01322115 0.01682692 0.02644231
0 0.88341346 0.01682692 0.02644231 0.03365385
0 0.81610577 0.01322115 0.02163462 0.02644231
0 0.46394231 0.87860577 0.02043269 0.03305288
0 0.44110577 0.87980769 0.01983173 0.02944712
0 0.56009615 0.81009615 0.01923077 0.03485577
0 0.55649038 0.75961538 0.01682692 0.02403846
0 0.58052885 0.74158654 0.02463942 0.03004808
0 0.24879808 0.56971154 0.02403846 0.03485577
