0 0.44110577 0.48557692 0.00781250 0.01562500
0 0.43990385 0.48437500 0.00600962 0.01442308
0 0.45793269 0.47355769 0.00781250 0.01382212
0 0.37139423 0.51562500 0.00901442 0.02163462
0 0.32692308 0.48076923 0.01382212 0.01502404
0 0.31490385 0.48798077 0.00901442 0.01923077
0 0.31610577 0.51562500 0.01502404 0.02163462
0 0.33052885 0.36538462 0.01262019 0.01983173
0 0.29567308 0.41466346 0.01382212 0.02584135
0 0.21394231 0.38822115 0.01141827 0.02163462
0 0.17067308 0.34254808 0.01562500 0.02283654
0 0.15625000 0.33774038 0.01502404 0.02043269
0 0.21995192 0.31730769 0.01262019 0.02403846
0 0.21634615 0.24759615 0.01382212 0.01983173
0 0.21634615 0.21514423 0.01742788 0.02524038
0 0.29687500 0.27043269 0.01382212 0.02403846
0 0.30048077 0.19230769 0.02403846 0.03425481
0 0.38221154 0.16826923 0.01021635 0.01442308
0 0.37980769 0.20793269 0.01081731 0.02103365
0 0.28125000 0.11658654 0.01382212 0.02103365
0 0.26322115 0.11057692 0.01382212 0.02463942
0 0.22235577 0.03125000 0.02343750 0.02884615
0 0.14783654 0.11418269 0.02043269 0.04627404
0 0.34014423 0.48798077 0.00901442 0.01442308
0 0.17548077 0.40745192 0.01502404 0.01923077
0 0.35817308 0.51923077 0.00661058 0.01923077
0 0.26442308 0.02283654 0.01622596 0.02704327
0 0.78125000 0.42427885 0.03786058 0.02223558
0 0.78966346 0.70432692 0.01682692 0.02884615
0 0.81370192 0.69711538 0.01682692 0.01442308
0 0.72235577 0.73076923 0.01382212 0.02403846
0 0.64903846 0.81610577 0.01682692 0.03064904
0 0.57211538 0.80168269 0.01382212 0.02644231
