0 0.52043269 0.27644231 0.01382212 0.02343750
0 0.51682692 0.19350962 0.02584135 0.03305288
0 0.43269231 0.16947115 0.01201923 0.01442308
0 0.43509615 0.21274038 0.01021635 0.02163462
0 0.53725962 0.11418269 0.01262019 0.02163462
0 0.55649038 0.10937500 0.01382212 0.02644231
0 0.55408654 0.02043269 0.01442308 0.03064904
0 0.38701923 0.73076923 0.00961538 0.01442308
0 0.37379808 0.72235577 0.01262019 0.01923077
0 0.52884615 0.79807692 0.01442308 0.01923077
0 0.52644231 0.74399038 0.01021635 0.01682692
0 0.52884615 0.80649038 0.01562500 0.02343750
0 0.50000000 0.61658654 0.01382212 0.02163462
0 0.53725962 0.68509615 0.01201923 0.02463942
0 0.53004808 0.54086538 0.01502404 0.02343750
0 0.52644231 0.45072115 0.02343750 0.03185096
0 0.45312500 0.42668269 0.01201923 0.01442308
0 0.44831731 0.46634615 0.01081731 0.02043269
0 0.55048077 0.38100962 0.01502404 0.02163462
0 0.55288462 0.40384615 0.01622596 0.02944712
0 0.50600962 0.79326923 0.00781250 0.01442308
0 0.36538462 0.75000000 0.01201923 0.02824519
0 0.44471154 0.76802885 0.00961538 0.01923077
0 0.44711538 0.78846154 0.00961538 0.01802885
0 0.46274038 0.79567308 0.00841346 0.01923077
0 0.46875000 0.44591346 0.00841346 0.01201923
