0 0.46033654 0.28245192 0.00961538 0.01622596
0 0.46153846 0.28245192 0.00661058 0.01442308
0 0.44471154 0.27163462 0.00901442 0.01081731
0 0.52524038 0.29687500 0.00781250 0.02103365
0 0.56730769 0.16346154 0.00480769 0.01923077
0 0.52043269 0.00961538 0.01201923 0.01923077
0 0.56250000 0.28966346 0.00901442 0.01442308
0 0.54326923 0.31850962 0.01141827 0.02644231
0 0.53365385 0.32091346 0.00480769 0.02103365
0 0.62259615 0.16826923 0.00901442 0.01502404
0 0.62019231 0.16706731 0.00600962 0.01442308
0 0.60937500 0.15384615 0.00781250 0.01442308
0 0.68750000 0.18389423 0.00901442 0.02163462
0 0.74519231 0.17427885 0.01442308 0.01622596
0 0.75480769 0.16947115 0.01021635 0.01923077
0 0.75240385 0.20552885 0.01201923 0.02163462
0 0.73197115 0.04927885 0.01201923 0.02103365
0 0.76923077 0.09855769 0.01141827 0.02403846
0 0.84975962 0.06971154 0.01141827 0.02403846
0 0.89302885 0.02644231 0.01682692 0.02403846
0 0.90504808 0.02403846 0.01201923 0.01923077
0 0.84254808 0.00480769 0.01201923 0.00961538
0 0.72956731 0.17908654 0.00781250 0.01442308
0 0.88581731 0.09254808 0.01442308 0.01682692
0 0.70913462 0.20312500 0.01141827 0.02644231
0 0.69591346 0.19951923 0.00480769 0.01983173
0 0.91346154 0.78365385 0.01923077 0.02884615
0 0.91586538 0.76442308 0.01021635 0.02403846
0 0.69591346 0.78725962 0.01442308 0.02884615
0 0.74158654 0.58293269 0.02043269 0.03786058
0 0.70673077 0.60216346 0.02463942 0.04747596
0 0.92307692 0.79447115 0.01502404 0.02644231
0 0.90985577 0.74278846 0.01682692 0.02524038
