0 0.51442308 0.58413462 0.01081731 0.01562500
0 0.51442308 0.58052885 0.00600962 0.01442308
0 0.50360577 0.57211538 0.00721154 0.01201923
0 0.58052885 0.59495192 0.00721154 0.02163462
0 0.63942308 0.59375000 0.01201923 0.01562500
0 0.64783654 0.58413462 0.00721154 0.01923077
0 0.64663462 0.62139423 0.01201923 0.02163462
0 0.62620192 0.46274038 0.01201923 0.02043269
0 0.66225962 0.51442308 0.01081731 0.02403846
0 0.74278846 0.48437500 0.01562500 0.02403846
0 0.78485577 0.44350962 0.01201923 0.02163462
0 0.79567308 0.44110577 0.01201923 0.01923077
0 0.73557692 0.41586538 0.01081731 0.02403846
0 0.73798077 0.35096154 0.01201923 0.02043269
0 0.73677885 0.32572115 0.01562500 0.02403846
0 0.65745192 0.37379808 0.01201923 0.02163462
0 0.65504808 0.29807692 0.02403846 0.03485577
0 0.57692308 0.27403846 0.01081731 0.01442308
0 0.57692308 0.31250000 0.00721154 0.02043269
0 0.67307692 0.22596154 0.01201923 0.02043269
0 0.69110577 0.22235577 0.01201923 0.02524038
0 0.73437500 0.12740385 0.02043269 0.02644231
0 0.80408654 0.21514423 0.01923077 0.04326923
0 0.62379808 0.59615385 0.00721154 0.01442308
0 0.78004808 0.51201923 0.01442308 0.01682692
0 0.58533654 0.61778846 0.00961538 0.02043269
0 0.69350962 0.12860577 0.01201923 0.02764423
0 0.60216346 0.61778846 0.01081731 0.02403846
