0 0.26201923 0.23798077 0.01322115 0.01562500
0 0.26562500 0.23557692 0.00600962 0.01502404
0 0.25240385 0.22355769 0.00961538 0.01502404
0 0.40384615 0.26802885 0.01382212 0.01682692
0 0.40985577 0.24038462 0.00781250 0.01983173
0 0.41105769 0.29086538 0.01622596 0.02283654
0 0.38581731 0.10937500 0.01262019 0.02163462
0 0.42307692 0.16706731 0.00961538 0.02644231
0 0.41947115 0.01802885 0.01682692 0.02644231
0 0.38701923 0.26201923 0.01021635 0.01502404
0 0.36057692 0.27764423 0.01262019 0.03064904
0 0.34375000 0.27644231 0.01081731 0.02283654
0 0.33052885 0.25841346 0.00781250 0.01622596
0 0.80408654 0.53846154 0.01802885 0.05288462
0 0.46274038 0.48798077 0.01923077 0.03425481
0 0.49278846 0.52163462 0.01682692 0.02884615
0 0.49639423 0.28966346 0.01923077 0.03665865
0 0.92908654 0.27163462 0.01382212 0.02884615
0 0.61177885 0.47596154 0.02343750 0.03906250
0 0.62259615 0.36298077 0.01622596 0.02463942
0 0.53485577 0.41586538 0.02043269 0.03786058
0 0.59375000 0.39302885 0.01502404 0.03846154
0 0.62139423 0.28245192 0.02043269 0.03725962
0 0.97235577 0.04326923 0.01923077 0.03786058
0 0.93509615 0.05528846 0.02103365 0.04867788
0 0.08052885 0.89302885 0.02163462 0.03665865
0 0.17187500 0.99399038 0.01682692 0.01201923
0 0.19711538 0.97235577 0.01682692 0.03846154
0 0.19831731 0.89903846 0.01682692 0.03365385
0 0.26322115 0.58293269 0.02163462 0.00721154
0 0.28245192 0.59134615 0.02163462 0.02403846
0 0.65384615 0.77403846 0.02043269 0.03365385
0 0.71153846 0.78125000 0.01923077 0.03725962
0 0.71634615 0.98317308 0.04807692 0.03365385
0 0.82572115 0.96514423 0.01682692 0.03665865
0 0.88701923 0.95072115 0.02223558 0.03185096
0 0.95072115 0.99158654 0.02644231 0.01682692
0 0.43509615 0.59975962 0.01442308 0.03605769
0 0.50600962 0.58413462 0.02163462 0.00961538
