0 0.26562500 0.20673077 0.01322115 0.01802885
0 0.26682692 0.20432692 0.00841346 0.01502404
0 0.27884615 0.19471154 0.01021635 0.01382212
0 0.19471154 0.21875000 0.01021635 0.02403846
0 0.13100962 0.21875000 0.01262019 0.01562500
0 0.12139423 0.20793269 0.00901442 0.02103365
0 0.12379808 0.24759615 0.01382212 0.02403846
0 0.14543269 0.07692308 0.01262019 0.02043269
0 0.10697115 0.13221154 0.01442308 0.02463942
0 0.01802885 0.09975962 0.01802885 0.02704327
0 0.02644231 0.02524038 0.01201923 0.02584135
0 0.14783654 0.22115385 0.00781250 0.01502404
0 0.18990385 0.24399038 0.01201923 0.02163462
0 0.17067308 0.24399038 0.01081731 0.02584135
0 0.11538462 0.75721154 0.03365385 0.02524038
