0 0.51081731 0.57932692 0.01081731 0.01562500
0 0.51442308 0.57692308 0.00480769 0.01442308
0 0.50240385 0.56610577 0.00961538 0.01442308
0 0.64182692 0.60576923 0.01201923 0.01562500
0 0.64783654 0.58173077 0.00721154 0.01923077
0 0.64903846 0.62740385 0.01442308 0.02043269
0 0.62500000 0.46033654 0.01201923 0.02043269
0 0.66225962 0.51442308 0.01081731 0.02403846
0 0.74519231 0.47836538 0.01562500 0.02403846
0 0.78245192 0.43870192 0.01201923 0.02163462
0 0.79326923 0.43870192 0.01201923 0.01923077
0 0.73557692 0.41826923 0.00961538 0.02403846
0 0.73798077 0.34975962 0.01201923 0.01923077
0 0.73557692 0.33173077 0.01562500 0.02403846
0 0.65745192 0.37620192 0.01081731 0.02163462
0 0.65384615 0.29927885 0.02163462 0.03125000
0 0.57932692 0.27403846 0.01081731 0.01442308
0 0.57692308 0.31129808 0.00721154 0.01923077
0 0.67427885 0.22716346 0.01201923 0.02043269
0 0.68629808 0.23677885 0.01201923 0.02644231
0 0.73437500 0.13100962 0.02043269 0.02644231
0 0.80408654 0.21274038 0.01923077 0.04326923
0 0.62620192 0.60096154 0.00721154 0.01442308
0 0.77764423 0.51562500 0.01442308 0.01682692
0 0.60216346 0.61538462 0.00721154 0.02764423
0 0.58653846 0.61418269 0.00961538 0.02043269
0 0.69350962 0.12860577 0.01201923 0.02764423
0 0.57451923 0.59735577 0.00721154 0.01442308
