0 0.03004808 0.21153846 0.02524038 0.03245192
0 0.10576923 0.18750000 0.01021635 0.01442308
0 0.10697115 0.22596154 0.00901442 0.01983173
0 0.00961538 0.13942308 0.01201923 0.01983173
0 0.11057692 0.70072115 0.01502404 0.03185096
0 0.06370192 0.73197115 0.01622596 0.04146635
0 0.06250000 0.92307692 0.03305288 0.05829327
0 0.56490385 0.97355769 0.00961538 0.05288462
0 0.32451923 0.55288462 0.02163462 0.03545673
0 0.31850962 0.52764423 0.02043269 0.02764423
0 0.26442308 0.53004808 0.01682692 0.03125000
0 0.51923077 0.53846154 0.01682692 0.02524038
0 0.13341346 0.47956731 0.01923077 0.02584135
0 0.07692308 0.95552885 0.01682692 0.03245192
0 0.44471154 0.48437500 0.02524038 0.04086538
0 0.42548077 0.42908654 0.01923077 0.03665865
0 0.56370192 0.59254808 0.01201923 0.03125000
0 0.43269231 0.27764423 0.02403846 0.01802885
0 0.30528846 0.28966346 0.01622596 0.03545673
0 0.30048077 0.26442308 0.01201923 0.02944712
0 0.48557692 0.24759615 0.01923077 0.01923077
0 0.45312500 0.46394231 0.01201923 0.02884615
0 0.73677885 0.63100962 0.06009615 0.04146635
