0 0.51923077 0.58173077 0.00721154 0.01682692
0 0.52163462 0.58052885 0.00480769 0.01442308
0 0.50360577 0.56971154 0.00721154 0.01442308
0 0.58413462 0.59855769 0.00721154 0.02043269
0 0.63461538 0.58413462 0.01201923 0.01562500
0 0.64663462 0.58774038 0.00721154 0.01923077
0 0.64543269 0.61658654 0.01201923 0.02043269
0 0.62860577 0.46514423 0.01201923 0.02043269
0 0.66346154 0.51322115 0.01081731 0.02403846
0 0.74399038 0.48557692 0.01081731 0.02403846
0 0.78605769 0.44110577 0.01201923 0.02163462
0 0.79927885 0.43870192 0.01201923 0.01923077
0 0.73798077 0.41586538 0.01081731 0.02403846
0 0.74038462 0.34975962 0.01201923 0.02043269
0 0.74038462 0.31971154 0.01562500 0.02403846
0 0.66105769 0.37139423 0.01201923 0.02403846
0 0.65985577 0.29567308 0.02403846 0.03485577
0 0.57932692 0.27163462 0.01081731 0.01442308
0 0.57932692 0.31129808 0.00961538 0.02043269
0 0.67668269 0.22235577 0.01201923 0.02043269
0 0.69471154 0.21875000 0.01442308 0.02524038
0 0.73557692 0.13581731 0.02043269 0.02644231
0 0.80649038 0.21634615 0.01923077 0.04326923
0 0.62139423 0.59134615 0.00721154 0.01442308
0 0.78004808 0.50721154 0.01562500 0.01923077
0 0.60336538 0.61778846 0.00721154 0.02644231
0 0.59254808 0.61899038 0.00480769 0.02043269
0 0.69471154 0.12620192 0.01201923 0.02764423
