0 0.51562500 0.56850962 0.00961538 0.01201923
0 0.50480769 0.56129808 0.01201923 0.01923077
0 0.65024038 0.62620192 0.01081731 0.01562500
0 0.64903846 0.58173077 0.00721154 0.01562500
0 0.65024038 0.63942308 0.01442308 0.02163462
0 0.62379808 0.45913462 0.01201923 0.02043269
0 0.65985577 0.52403846 0.01081731 0.02403846
0 0.74879808 0.47596154 0.01562500 0.02163462
0 0.76923077 0.44110577 0.01562500 0.02524038
0 0.79206731 0.44110577 0.01201923 0.01923077
0 0.73677885 0.43149038 0.00961538 0.02403846
0 0.73677885 0.35456731 0.01201923 0.02043269
0 0.72956731 0.34254808 0.01562500 0.02403846
0 0.65384615 0.38701923 0.01081731 0.02163462
0 0.65024038 0.30288462 0.02163462 0.03125000
0 0.57932692 0.28004808 0.01081731 0.01442308
0 0.57572115 0.31730769 0.00961538 0.02043269
0 0.67187500 0.23677885 0.01201923 0.02043269
0 0.67668269 0.25600962 0.01201923 0.02524038
0 0.72836538 0.13461538 0.02043269 0.02644231
0 0.80288462 0.21274038 0.02043269 0.04807692
0 0.62860577 0.62139423 0.00721154 0.01442308
0 0.77403846 0.52403846 0.01562500 0.01923077
0 0.69350962 0.13461538 0.01081731 0.02644231
0 0.57331731 0.60336538 0.00721154 0.01682692
0 0.57451923 0.62379808 0.01442308 0.02043269
0 0.58413462 0.60817308 0.00961538 0.02043269
0 0.59495192 0.30288462 0.01201923 0.01442308
