0 0.51562500 0.57692308 0.00600962 0.01201923
0 0.50360577 0.56610577 0.00961538 0.01442308
0 0.64423077 0.60817308 0.01201923 0.01562500
0 0.64903846 0.57932692 0.00721154 0.01682692
0 0.65024038 0.62980769 0.01442308 0.02163462
0 0.62620192 0.45913462 0.01201923 0.02043269
0 0.66225962 0.51442308 0.01081731 0.02403846
0 0.74639423 0.47596154 0.01562500 0.02403846
0 0.78004808 0.43750000 0.01442308 0.02403846
0 0.79447115 0.43870192 0.01201923 0.01923077
0 0.73798077 0.42067308 0.01081731 0.02403846
0 0.73798077 0.34855769 0.01201923 0.01923077
0 0.73317308 0.33293269 0.01562500 0.02163462
0 0.65745192 0.37620192 0.01081731 0.02163462
0 0.65384615 0.29927885 0.02403846 0.03125000
0 0.58052885 0.27403846 0.01081731 0.01442308
0 0.57812500 0.31250000 0.00721154 0.01923077
0 0.67548077 0.22836538 0.01201923 0.02043269
0 0.68269231 0.24278846 0.01201923 0.02644231
0 0.73317308 0.12860577 0.02043269 0.02644231
0 0.80528846 0.21033654 0.01923077 0.04687500
0 0.62860577 0.60576923 0.00721154 0.01442308
0 0.77644231 0.51562500 0.01562500 0.01923077
0 0.58653846 0.61538462 0.00961538 0.02043269
0 0.69350962 0.12860577 0.01201923 0.02764423
0 0.50480769 0.58173077 0.01201923 0.01562500
0 0.57331731 0.60096154 0.01081731 0.01562500
