0 0.35216346 0.40264423 0.00961538 0.01442308
0 0.33653846 0.39423077 0.01502404 0.01923077
0 0.48437500 0.45312500 0.01262019 0.01622596
0 0.48557692 0.41225962 0.00901442 0.01682692
0 0.48798077 0.46875000 0.01442308 0.02043269
0 0.46153846 0.28846154 0.01502404 0.02103365
0 0.49759615 0.34975962 0.01262019 0.02403846
0 0.58533654 0.30649038 0.01742788 0.02283654
0 0.60576923 0.26682692 0.00480769 0.02403846
0 0.57451923 0.25480769 0.01081731 0.02403846
0 0.57451923 0.18028846 0.01502404 0.01923077
0 0.56850962 0.16826923 0.01742788 0.02403846
0 0.49158654 0.21274038 0.01262019 0.02163462
0 0.48798077 0.12980769 0.02403846 0.03245192
0 0.41586538 0.10456731 0.01141827 0.01442308
0 0.41105769 0.14302885 0.00901442 0.01923077
0 0.51081731 0.06009615 0.01382212 0.01983173
0 0.51562500 0.07932692 0.01682692 0.02764423
0 0.46514423 0.44831731 0.00781250 0.01442308
0 0.60576923 0.34855769 0.00480769 0.01923077
0 0.42307692 0.45072115 0.00961538 0.02103365
0 0.41225962 0.45192308 0.01081731 0.01562500
0 0.40745192 0.43149038 0.00901442 0.01442308
0 0.43028846 0.12740385 0.00961538 0.01983173
0 0.80528846 0.82451923 0.01442308 0.02764423
0 0.79567308 0.81971154 0.01622596 0.02403846
0 0.94591346 0.83413462 0.01262019 0.01983173
0 0.92788462 0.90745192 0.01141827 0.02163462
0 0.91586538 0.71875000 0.01442308 0.01983173
0 0.94591346 0.79447115 0.01502404 0.02584135
0 0.94471154 0.65504808 0.01622596 0.02584135
0 0.95432692 0.91706731 0.01141827 0.02103365
0 0.79086538 0.84254808 0.00961538 0.03125000
0 0.86418269 0.59134615 0.01201923 0.00480769
0 0.87379808 0.87500000 0.01141827 0.01923077
0 0.87980769 0.89903846 0.01562500 0.02524038
0 0.94591346 0.91826923 0.01262019 0.01983173
0 0.80528846 0.86899038 0.01382212 0.02884615
