0 0.15144231 0.20072115 0.01382212 0.02163462
0 0.16105769 0.18870192 0.01802885 0.02223558
0 0.23918269 0.23557692 0.01262019 0.02343750
0 0.24278846 0.14663462 0.02524038 0.03425481
0 0.31610577 0.12259615 0.01201923 0.01442308
0 0.31971154 0.16225962 0.01081731 0.02223558
0 0.21875000 0.07692308 0.01502404 0.02043269
0 0.21514423 0.09975962 0.01262019 0.02704327
0 0.08293269 0.05048077 0.02283654 0.05168269
0 0.29927885 0.14423077 0.01081731 0.01802885
0 0.76682692 0.23197115 0.02403846 0.03605769
0 0.85937500 0.24519231 0.02163462 0.00961538
0 0.89302885 0.23437500 0.03125000 0.03125000
0 0.94831731 0.18509615 0.02403846 0.04507212
0 0.88822115 0.21033654 0.01923077 0.03125000
0 0.96514423 0.14543269 0.02343750 0.03605769
0 0.27163462 0.99278846 0.02884615 0.01442308
0 0.68629808 0.72716346 0.01502404 0.02704327
0 0.70192308 0.72235577 0.01802885 0.02163462
0 0.53365385 0.81129808 0.01201923 0.01442308
0 0.54567308 0.74278846 0.01442308 0.02043269
0 0.54086538 0.81730769 0.01562500 0.02463942
0 0.57451923 0.61658654 0.01442308 0.02163462
0 0.54326923 0.69831731 0.01201923 0.02403846
0 0.44591346 0.63701923 0.01201923 0.03365385
0 0.45793269 0.59975962 0.01201923 0.02403846
0 0.45913462 0.51802885 0.01382212 0.01923077
0 0.47235577 0.50360577 0.01682692 0.02223558
0 0.54687500 0.54927885 0.01262019 0.02223558
0 0.54807692 0.45913462 0.02103365 0.03786058
0 0.51802885 0.38701923 0.01442308 0.01923077
0 0.52403846 0.41586538 0.02163462 0.03545673
0 0.46634615 0.28846154 0.02163462 0.02944712
0 0.56370192 0.80168269 0.01322115 0.01923077
0 0.50240385 0.28365385 0.01382212 0.02944712
0 0.70793269 0.75120192 0.01502404 0.03064904
0 0.62379808 0.44110577 0.00961538 0.01923077
0 0.62740385 0.47235577 0.01442308 0.02283654
0 0.62019231 0.77403846 0.00901442 0.01562500
0 0.62019231 0.79206731 0.01081731 0.01442308
0 0.60697115 0.45673077 0.00781250 0.01562500
