0 0.43629808 0.55048077 0.01262019 0.01983173
0 0.40745192 0.62740385 0.01262019 0.02403846
0 0.30048077 0.53846154 0.01682692 0.02824519
0 0.30889423 0.56730769 0.01382212 0.02403846
0 0.27163462 0.53846154 0.01622596 0.03004808
0 0.31971154 0.54447115 0.01262019 0.02403846
0 0.32211538 0.45913462 0.01382212 0.02343750
0 0.33894231 0.42788462 0.01622596 0.02463942
0 0.41466346 0.49519231 0.01442308 0.02403846
0 0.41466346 0.39663462 0.01862981 0.03064904
0 0.38581731 0.33052885 0.01562500 0.02704327
0 0.40264423 0.37139423 0.01742788 0.03545673
0 0.33413462 0.24158654 0.01622596 0.02403846
0 0.25721154 0.29807692 0.01862981 0.04326923
0 0.29927885 0.63100962 0.01862981 0.02223558
0 0.36418269 0.23437500 0.01983173 0.03305288
0 0.46514423 0.39663462 0.00721154 0.01923077
0 0.46634615 0.39903846 0.00480769 0.01923077
0 0.74519231 0.40384615 0.03485577 0.02283654
0 0.94711538 0.86899038 0.02463942 0.03185096
0 0.96634615 0.89062500 0.01742788 0.02704327
0 0.98317308 0.98557692 0.02403846 0.02884615
0 0.48557692 0.76081731 0.03365385 0.06009615
0 0.53485577 0.92548077 0.04687500 0.05168269
0 0.99639423 0.85697115 0.00721154 0.05528846
