0 0.38942308 0.65625000 0.01442308 0.02644231
0 0.37620192 0.65745192 0.01562500 0.02163462
0 0.52644231 0.67067308 0.01201923 0.02043269
0 0.50600962 0.74639423 0.00961538 0.02163462
0 0.49639423 0.55649038 0.01442308 0.02043269
0 0.52764423 0.63221154 0.01201923 0.02524038
0 0.63221154 0.54326923 0.01923077 0.02524038
0 0.62019231 0.57211538 0.01201923 0.02403846
0 0.65625000 0.54326923 0.01682692 0.02524038
0 0.60937500 0.54687500 0.00961538 0.02403846
0 0.60937500 0.46153846 0.01201923 0.01923077
0 0.59254808 0.43990385 0.01562500 0.02403846
0 0.52403846 0.49639423 0.01442308 0.02403846
0 0.51923077 0.40625000 0.01442308 0.02644231
0 0.54687500 0.34014423 0.01442308 0.01923077
0 0.53485577 0.37740385 0.01682692 0.03004808
0 0.59495192 0.25120192 0.01442308 0.02403846
0 0.67067308 0.30889423 0.02403846 0.04687500
0 0.53245192 0.75721154 0.01081731 0.02043269
0 0.63581731 0.63100962 0.01562500 0.02043269
0 0.56610577 0.24759615 0.01682692 0.03004808
0 0.37620192 0.67788462 0.01201923 0.02163462
0 0.45192308 0.38942308 0.00961538 0.01562500
0 0.44711538 0.42668269 0.01081731 0.01923077
0 0.44831731 0.71394231 0.01081731 0.01923077
0 0.46033654 0.73317308 0.01442308 0.02403846
0 0.52524038 0.75600962 0.00961538 0.01923077
0 0.38822115 0.70913462 0.01682692 0.03125000
0 0.46514423 0.40865385 0.01201923 0.01923077
