0 0.30048077 0.43629808 0.01382212 0.02704327
0 0.29086538 0.43750000 0.01502404 0.02343750
0 0.40504808 0.33413462 0.01262019 0.01983173
0 0.42548077 0.26682692 0.00480769 0.02403846
0 0.42548077 0.18028846 0.00480769 0.02884615
0 0.28125000 0.45552885 0.01622596 0.02343750
0 0.37500000 0.18028846 0.01081731 0.01862981
0 0.35336538 0.20192308 0.01021635 0.01923077
0 0.36057692 0.48557692 0.00961538 0.00480769
0 0.29086538 0.47836538 0.01923077 0.01923077
0 0.36177885 0.16586538 0.01262019 0.01923077
0 0.02043269 0.80769231 0.01262019 0.02463942
0 0.05649038 0.60336538 0.01382212 0.04266827
0 0.10336538 0.58774038 0.01862981 0.03665865
0 0.16466346 0.56971154 0.01502404 0.03305288
0 0.26802885 0.55649038 0.01502404 0.02884615
0 0.27163462 0.53245192 0.01862981 0.03185096
0 0.28485577 0.77644231 0.01682692 0.03305288
0 0.30889423 0.75000000 0.02103365 0.04266827
0 0.29447115 0.84615385 0.01382212 0.02824519
0 0.27283654 0.85697115 0.01382212 0.02884615
0 0.28605769 0.82692308 0.01622596 0.02824519
0 0.16105769 0.84134615 0.01622596 0.03365385
0 0.41466346 0.87500000 0.02644231 0.04326923
0 0.31850962 0.67427885 0.00901442 0.01622596
0 0.09375000 0.69110577 0.01021635 0.01622596
0 0.31250000 0.65745192 0.01081731 0.01442308
0 0.59134615 0.99399038 0.01442308 0.01201923
0 0.92307692 0.88341346 0.02163462 0.03665865
0 0.86057692 0.85817308 0.02644231 0.04927885
0 0.61298077 0.72836538 0.01862981 0.03485577
0 0.63581731 0.72716346 0.01742788 0.02704327
0 0.52163462 0.64783654 0.02103365 0.03305288
0 0.52644231 0.62019231 0.02343750 0.02403846
0 0.50000000 0.60336538 0.02283654 0.04387019
