0 0.32932692 0.67548077 0.01442308 0.02644231
0 0.31850962 0.66826923 0.01562500 0.02403846
0 0.46995192 0.68629808 0.01562500 0.02403846
0 0.45192308 0.77524038 0.01081731 0.02163462
0 0.43750000 0.57211538 0.01562500 0.02403846
0 0.46634615 0.64903846 0.01201923 0.02524038
0 0.56610577 0.56490385 0.01562500 0.02764423
0 0.56129808 0.58774038 0.01201923 0.02403846
0 0.59495192 0.56129808 0.01201923 0.02764423
0 0.55288462 0.56971154 0.01081731 0.02403846
0 0.54567308 0.48798077 0.01442308 0.02163462
0 0.52644231 0.44471154 0.01562500 0.02524038
0 0.45673077 0.52163462 0.01442308 0.02403846
0 0.46033654 0.41947115 0.01682692 0.03125000
0 0.48918269 0.36658654 0.01442308 0.02644231
0 0.46995192 0.39903846 0.01682692 0.03485577
0 0.53485577 0.28004808 0.01562500 0.02403846
0 0.60937500 0.32692308 0.01682692 0.04086538
0 0.46754808 0.78485577 0.01081731 0.02043269
0 0.56610577 0.65264423 0.01923077 0.02163462
0 0.50600962 0.26322115 0.01682692 0.03125000
0 0.40264423 0.42668269 0.01081731 0.01923077
0 0.38701923 0.44350962 0.01081731 0.02043269
0 0.39062500 0.73918269 0.01201923 0.02043269
0 0.39423077 0.74639423 0.01442308 0.02403846
0 0.47716346 0.77524038 0.01081731 0.02043269
0 0.32692308 0.71754808 0.02043269 0.02764423
0 0.39182692 0.40264423 0.01442308 0.02043269
0 0.37860577 0.72235577 0.01081731 0.02043269
