0 0.33774038 0.67788462 0.01442308 0.02644231
0 0.32692308 0.66947115 0.01562500 0.02403846
0 0.47596154 0.68870192 0.01562500 0.02403846
0 0.46153846 0.77403846 0.01081731 0.02163462
0 0.44471154 0.57331731 0.01442308 0.02043269
0 0.47475962 0.64903846 0.01201923 0.02403846
0 0.57572115 0.56250000 0.01442308 0.02644231
0 0.56971154 0.59014423 0.01201923 0.02163462
0 0.60456731 0.56129808 0.01201923 0.02764423
0 0.56129808 0.56971154 0.00961538 0.02403846
0 0.55528846 0.48798077 0.01442308 0.02163462
0 0.53725962 0.44951923 0.01682692 0.02524038
0 0.46514423 0.52403846 0.01442308 0.02403846
0 0.46875000 0.42307692 0.01562500 0.03004808
0 0.49639423 0.36298077 0.01442308 0.02644231
0 0.48076923 0.39543269 0.01682692 0.03485577
0 0.54326923 0.27764423 0.01562500 0.02403846
0 0.61778846 0.32932692 0.01682692 0.04206731
0 0.47475962 0.78485577 0.01081731 0.02043269
0 0.57211538 0.65264423 0.01923077 0.02163462
0 0.51442308 0.26682692 0.01682692 0.03125000
0 0.41225962 0.42668269 0.01081731 0.01923077
0 0.39423077 0.44591346 0.01081731 0.02043269
0 0.39903846 0.74038462 0.01081731 0.02043269
0 0.40264423 0.74879808 0.01442308 0.02403846
0 0.48437500 0.77764423 0.00961538 0.01923077
0 0.33413462 0.71754808 0.02043269 0.02764423
0 0.40024038 0.40264423 0.01442308 0.02043269
0 0.38822115 0.72475962 0.01081731 0.02043269
