0 0.49639423 0.32572115 0.01682692 0.02764423
0 0.50480769 0.31730769 0.00961538 0.02403846
0 0.35456731 0.33533654 0.01742788 0.02403846
0 0.37259615 0.42668269 0.01021635 0.02163462
0 0.38701923 0.21995192 0.01742788 0.02524038
0 0.35817308 0.29807692 0.01502404 0.02463942
0 0.25600962 0.21274038 0.01622596 0.02884615
0 0.26081731 0.23557692 0.01382212 0.02403846
0 0.22716346 0.20913462 0.01382212 0.02884615
0 0.26923077 0.21754808 0.01141827 0.02403846
0 0.27644231 0.13461538 0.01682692 0.02403846
0 0.29687500 0.09134615 0.01622596 0.02463942
0 0.36778846 0.16947115 0.01562500 0.02403846
0 0.36418269 0.06490385 0.01862981 0.03004808
0 0.33413462 0.01201923 0.01442308 0.02403846
0 0.35456731 0.04447115 0.01742788 0.03545673
0 0.35697115 0.43629808 0.01262019 0.02103365
0 0.25721154 0.30168269 0.01923077 0.02163462
0 0.42187500 0.07211538 0.01262019 0.01923077
0 0.43870192 0.08894231 0.01262019 0.01983173
0 0.43509615 0.38942308 0.01382212 0.01983173
0 0.43028846 0.39783654 0.01562500 0.02403846
0 0.34615385 0.42668269 0.01141827 0.02103365
0 0.49879808 0.36658654 0.02163462 0.03125000
0 0.43269231 0.04807692 0.01562500 0.01983173
0 0.44711538 0.37259615 0.01141827 0.01983173
0 0.64543269 0.24759615 0.02343750 0.03125000
0 0.60817308 0.29206731 0.01983173 0.02644231
0 0.89783654 0.28846154 0.01682692 0.03485577
0 0.87620192 0.26442308 0.01382212 0.02403846
0 0.71153846 0.09855769 0.01983173 0.04326923
0 0.93990385 0.16466346 0.01382212 0.03125000
0 0.96514423 0.17908654 0.01382212 0.02884615
0 0.73437500 0.02403846 0.01622596 0.03906250
0 0.35336538 0.48197115 0.01923077 0.02644231
0 0.94230769 0.89062500 0.06850962 0.04387019
