0 0.33293269 0.67668269 0.01442308 0.02644231
0 0.32211538 0.66947115 0.01562500 0.02524038
0 0.47235577 0.68629808 0.01562500 0.02403846
0 0.45673077 0.77403846 0.01081731 0.02163462
0 0.44110577 0.57331731 0.01442308 0.02043269
0 0.46995192 0.64783654 0.01201923 0.02403846
0 0.56971154 0.56370192 0.01562500 0.02764423
0 0.56490385 0.58774038 0.01201923 0.02403846
0 0.59975962 0.56129808 0.01201923 0.02764423
0 0.55649038 0.56850962 0.01081731 0.02403846
0 0.54927885 0.48798077 0.01442308 0.02163462
0 0.53125000 0.44711538 0.01682692 0.02524038
0 0.46033654 0.52163462 0.01442308 0.02403846
0 0.46394231 0.41947115 0.01682692 0.03125000
0 0.49158654 0.36538462 0.01442308 0.02644231
0 0.47596154 0.39663462 0.01682692 0.03485577
0 0.53846154 0.27884615 0.01562500 0.02403846
0 0.61298077 0.32932692 0.01682692 0.04206731
0 0.47115385 0.78485577 0.01081731 0.02043269
0 0.56850962 0.65264423 0.01923077 0.02163462
0 0.50961538 0.26562500 0.01682692 0.03125000
0 0.40745192 0.42668269 0.01081731 0.01923077
0 0.38942308 0.44471154 0.01081731 0.02043269
0 0.39423077 0.73918269 0.01201923 0.02043269
0 0.39903846 0.74879808 0.01442308 0.02403846
0 0.47956731 0.77644231 0.01081731 0.02043269
0 0.32932692 0.71875000 0.02043269 0.03004808
0 0.39663462 0.40264423 0.01442308 0.02043269
0 0.38221154 0.72355769 0.01081731 0.02043269
