0 0.39663462 0.10216346 0.01802885 0.02403846
0 0.41346154 0.19110577 0.01442308 0.02343750
0 0.39783654 0.05889423 0.01382212 0.02403846
0 0.29687500 0.00360577 0.01201923 0.00721154
0 0.39783654 0.20192308 0.01322115 0.02043269
0 0.29687500 0.06370192 0.02043269 0.02343750
0 0.47836538 0.15625000 0.01201923 0.02283654
0 0.47355769 0.16466346 0.01562500 0.02403846
0 0.38822115 0.19471154 0.00961538 0.01923077
0 0.48918269 0.13942308 0.01201923 0.02043269
0 0.74759615 0.13341346 0.02884615 0.07331731
0 0.72956731 0.10817308 0.02163462 0.03485577
0 0.47355769 0.46153846 0.01862981 0.01562500
0 0.45192308 0.37259615 0.02524038 0.02884615
0 0.47716346 0.49519231 0.00961538 0.01923077
0 0.47235577 0.48197115 0.00961538 0.01923077
0 0.45913462 0.44951923 0.02163462 0.04387019
0 0.38100962 0.67548077 0.03064904 0.03786058
0 0.35937500 0.50480769 0.01983173 0.03064904
0 0.31370192 0.51322115 0.01262019 0.02644231
0 0.25841346 0.41826923 0.01923077 0.01862981
0 0.17788462 0.64182692 0.01923077 0.03004808
0 0.12500000 0.48677885 0.00961538 0.02283654
0 0.07692308 0.34855769 0.01322115 0.02403846
0 0.03004808 0.35576923 0.00961538 0.02764423
0 0.05889423 0.37860577 0.00841346 0.01442308
0 0.88341346 0.58293269 0.03605769 0.03545673
