0 0.07331731 0.26802885 0.01802885 0.03125000
0 0.06730769 0.29567308 0.01682692 0.02884615
0 0.10576923 0.26562500 0.01562500 0.03125000
0 0.05889423 0.27283654 0.01322115 0.02644231
0 0.05048077 0.18269231 0.01502404 0.02403846
0 0.03004808 0.13822115 0.02043269 0.02824519
0 0.12019231 0.01562500 0.02403846 0.03125000
0 0.07091346 0.36658654 0.02103365 0.02403846
0 0.62259615 0.44471154 0.02764423 0.04447115
0 0.68870192 0.29807692 0.01682692 0.03425481
0 0.90625000 0.12379808 0.02343750 0.04807692
0 0.89062500 0.08293269 0.02043269 0.03125000
0 0.75961538 0.04687500 0.01682692 0.03245192
0 0.28365385 0.99399038 0.01923077 0.01201923
0 0.24158654 0.88701923 0.02884615 0.04867788
0 0.30528846 0.74038462 0.01622596 0.03846154
0 0.00961538 0.89182692 0.01923077 0.03846154
0 0.98317308 0.69471154 0.01442308 0.01983173
0 0.94230769 0.68389423 0.02764423 0.04627404
0 0.92668269 0.73076923 0.01382212 0.03004808
0 0.96394231 0.90024038 0.02644231 0.04567308
0 0.89302885 0.81490385 0.01442308 0.02824519
0 0.89182692 0.98557692 0.02884615 0.02884615
0 0.83533654 0.98317308 0.01682692 0.03365385
0 0.84014423 0.93509615 0.02043269 0.03305288
0 0.87379808 0.95552885 0.02463942 0.03725962
0 0.91947115 0.98437500 0.02644231 0.03125000
0 0.99278846 0.97716346 0.01442308 0.03125000
0 0.98197115 0.79086538 0.02463942 0.04447115
0 0.87980769 0.80889423 0.01622596 0.03545673
0 0.92307692 0.59495192 0.02343750 0.02644231
0 0.79206731 0.99399038 0.01682692 0.01201923
0 0.90504808 0.62259615 0.01682692 0.02403846
