0 0.41105769 0.33894231 0.01201923 0.02343750
0 0.42908654 0.31250000 0.01201923 0.02524038
0 0.47115385 0.33774038 0.01562500 0.03064904
0 0.51322115 0.27524038 0.01442308 0.02103365
0 0.56610577 0.28125000 0.00721154 0.03365385
0 0.56490385 0.05288462 0.00961538 0.02403846
0 0.45192308 0.25240385 0.01322115 0.02764423
0 0.45312500 0.21875000 0.01442308 0.02824519
0 0.49399038 0.09375000 0.01442308 0.03365385
0 0.53605769 0.11658654 0.01322115 0.02644231
0 0.32932692 0.31971154 0.01021635 0.01983173
0 0.32572115 0.26682692 0.02343750 0.04326923
0 0.35576923 0.27163462 0.01021635 0.02343750
0 0.37379808 0.25120192 0.01862981 0.03665865
0 0.39663462 0.21033654 0.01322115 0.02704327
0 0.41466346 0.23437500 0.01862981 0.02824519
0 0.15144231 0.43509615 0.02764423 0.02764423
0 0.22596154 0.22475962 0.02103365 0.03245192
0 0.23197115 0.21274038 0.01442308 0.02223558
0 0.23798077 0.20312500 0.01682692 0.02764423
0 0.69591346 0.04927885 0.02103365 0.03846154
0 0.70913462 0.00841346 0.01923077 0.01682692
0 0.67908654 0.12379808 0.01923077 0.02223558
0 0.68990385 0.10576923 0.01322115 0.01983173
0 0.69350962 0.12259615 0.01322115 0.02944712
0 0.60216346 0.41706731 0.01442308 0.02644231
0 0.79687500 0.31490385 0.03425481 0.04086538
0 0.82331731 0.14423077 0.02704327 0.04387019
0 0.86899038 0.14543269 0.02103365 0.04146635
0 0.91466346 0.04447115 0.03125000 0.05228365
0 0.59375000 0.40625000 0.01141827 0.01983173
0 0.99399038 0.28846154 0.01201923 0.03365385
0 0.26442308 0.61177885 0.03004808 0.03305288
0 0.94951923 0.92668269 0.01442308 0.02103365
0 0.93870192 0.90745192 0.02163462 0.02824519
0 0.85817308 0.96274038 0.01502404 0.02704327
0 0.85697115 0.86057692 0.01983173 0.04026442
0 0.77524038 0.88100962 0.01201923 0.02403846
0 0.88461538 0.78966346 0.01502404 0.02103365
0 0.87980769 0.82211538 0.02103365 0.03786058
0 0.94711538 0.68389423 0.02704327 0.03365385
0 0.90985577 0.68028846 0.01862981 0.03365385
0 0.77884615 0.84375000 0.01141827 0.01923077
0 0.79447115 0.86538462 0.01141827 0.02343750
