0 0.38221154 0.64663462 0.00721154 0.01682692
0 0.38701923 0.61538462 0.00961538 0.02403846
0 0.66826923 0.19471154 0.01081731 0.01923077
0 0.66466346 0.02644231 0.01081731 0.02163462
0 0.64302885 0.98076923 0.01682692 0.02764423
0 0.26923077 0.95192308 0.00961538 0.02163462
0 0.26923077 0.93028846 0.00600962 0.01923077
0 0.40745192 0.69350962 0.02403846 0.02043269
0 0.43389423 0.63701923 0.01442308 0.03846154
0 0.43028846 0.52403846 0.03004808 0.04326923
0 0.46514423 0.50120192 0.01442308 0.03485577
0 0.46995192 0.43990385 0.00961538 0.02163462
0 0.50120192 0.39663462 0.02524038 0.03846154
0 0.40625000 0.41826923 0.02764423 0.05168269
0 0.36177885 0.49399038 0.01442308 0.03125000
0 0.47836538 0.58052885 0.02403846 0.03605769
0 0.51923077 0.48557692 0.02403846 0.03485577
0 0.49038462 0.50600962 0.01201923 0.02043269
0 0.51322115 0.58533654 0.01682692 0.02403846
0 0.53004808 0.55048077 0.01923077 0.02764423
0 0.55168269 0.58774038 0.01923077 0.03004808
0 0.65745192 0.59735577 0.01081731 0.02163462
0 0.66346154 0.60817308 0.01201923 0.02524038
0 0.66225962 0.65865385 0.01201923 0.02043269
0 0.77884615 0.52043269 0.01081731 0.02403846
0 0.78605769 0.67187500 0.01442308 0.01923077
0 0.80528846 0.71634615 0.01081731 0.02524038
0 0.81370192 0.70312500 0.01442308 0.02524038
0 0.82692308 0.62500000 0.01442308 0.02163462
0 0.82932692 0.59254808 0.01442308 0.02163462
0 0.85336538 0.59014423 0.01562500 0.02043269
0 0.85576923 0.62500000 0.01081731 0.02524038
0 0.67788462 0.16947115 0.01201923 0.02163462
0 0.25600962 0.93389423 0.00961538 0.03125000
