0 0.37860577 0.56370192 0.01201923 0.02644231
0 0.39663462 0.54567308 0.01442308 0.02764423
0 0.42307692 0.50721154 0.01081731 0.02043269
0 0.45673077 0.54447115 0.00961538 0.02043269
0 0.47475962 0.58173077 0.01201923 0.02043269
0 0.45673077 0.59495192 0.01081731 0.02043269
0 0.43870192 0.62500000 0.01562500 0.03004808
0 0.44711538 0.61778846 0.00961538 0.01923077
0 0.48317308 0.64423077 0.01442308 0.02403846
0 0.55889423 0.54086538 0.02403846 0.04807692
0 0.81250000 0.55408654 0.01562500 0.01923077
0 0.67548077 0.51322115 0.01562500 0.02644231
0 0.37860577 0.44471154 0.00961538 0.01923077
0 0.34975962 0.35096154 0.01562500 0.02403846
0 0.36538462 0.26802885 0.00721154 0.01923077
0 0.40625000 0.18629808 0.01442308 0.02043269
0 0.39663462 0.15264423 0.00721154 0.02043269
0 0.40504808 0.12860577 0.01081731 0.02163462
0 0.45432692 0.11418269 0.01081731 0.02043269
0 0.45673077 0.15504808 0.01562500 0.03004808
0 0.42788462 0.20432692 0.00961538 0.01923077
0 0.41346154 0.25721154 0.01081731 0.02644231
0 0.44110577 0.27524038 0.01201923 0.02524038
0 0.45072115 0.31850962 0.01201923 0.03125000
0 0.44350962 0.36899038 0.01201923 0.01923077
0 0.42067308 0.38822115 0.01201923 0.02403846
0 0.41826923 0.40264423 0.00721154 0.01923077
0 0.26442308 0.39423077 0.01442308 0.01562500
0 0.23918269 0.42788462 0.01081731 0.01682692
0 0.25240385 0.37500000 0.01201923 0.01923077
0 0.28846154 0.40985577 0.02043269 0.02524038
0 0.68870192 0.53004808 0.00961538 0.01923077
0 0.69711538 0.54086538 0.00721154 0.02403846
0 0.70552885 0.54086538 0.00721154 0.02043269
0 0.88701923 0.65504808 0.01682692 0.01562500
0 0.89543269 0.67788462 0.01201923 0.01201923
0 0.64783654 0.90504808 0.00721154 0.03245192
0 0.66586538 0.90745192 0.00721154 0.02524038
