0 0.24158654 0.35456731 0.01382212 0.02704327
0 0.26081731 0.33533654 0.01682692 0.03064904
0 0.28846154 0.29567308 0.01081731 0.02043269
0 0.32572115 0.33413462 0.00961538 0.02043269
0 0.34375000 0.37259615 0.01382212 0.02043269
0 0.32572115 0.38822115 0.01322115 0.02163462
0 0.30528846 0.41947115 0.01802885 0.03245192
0 0.31490385 0.41105769 0.01081731 0.01923077
0 0.35216346 0.43870192 0.01562500 0.02584135
0 0.43269231 0.33052885 0.02824519 0.05228365
0 0.24278846 0.22836538 0.00961538 0.01923077
0 0.21153846 0.12980769 0.01923077 0.02584135
0 0.22836538 0.04206731 0.00901442 0.01923077
0 0.27884615 0.03125000 0.01322115 0.02824519
0 0.30889423 0.05048077 0.01382212 0.02764423
0 0.31850962 0.09495192 0.01622596 0.03185096
0 0.31009615 0.14903846 0.01502404 0.01923077
0 0.28605769 0.16947115 0.01502404 0.02584135
0 0.28485577 0.18509615 0.00781250 0.01923077
0 0.12139423 0.17548077 0.01442308 0.01802885
0 0.09495192 0.21153846 0.01201923 0.01862981
0 0.10937500 0.15504808 0.01382212 0.01923077
0 0.14783654 0.19110577 0.02283654 0.02644231
0 0.16826923 0.99759615 0.01442308 0.00480769
0 0.29687500 0.90144231 0.01382212 0.02343750
0 0.33293269 0.97596154 0.01322115 0.02463942
0 0.42908654 0.92187500 0.01802885 0.02343750
0 0.44831731 0.88341346 0.02704327 0.03665865
0 0.47355769 0.88701923 0.01682692 0.02463942
0 0.41826923 0.88100962 0.01201923 0.02584135
0 0.41466346 0.79807692 0.01382212 0.02043269
0 0.40504808 0.78365385 0.01802885 0.02463942
0 0.32692308 0.83052885 0.01502404 0.02223558
0 0.32331731 0.74158654 0.02824519 0.03725962
0 0.24639423 0.75360577 0.01081731 0.02223558
0 0.34735577 0.66706731 0.01562500 0.02043269
0 0.34735577 0.69591346 0.02163462 0.03665865
0 0.41346154 0.57451923 0.02403846 0.00961538
0 0.48317308 0.64423077 0.02524038 0.05468750
0 0.45072115 0.97475962 0.01682692 0.01923077
0 0.37019231 0.57572115 0.01442308 0.01201923
0 0.26562500 0.73918269 0.00961538 0.01923077
0 0.25120192 0.71995192 0.01322115 0.01742788
0 0.92307692 0.65264423 0.02043269 0.03185096
0 0.93870192 0.69591346 0.01923077 0.03545673
