0 0.17788462 0.08052885 0.04266827 0.05889423
0 0.26682692 0.24879808 0.04627404 0.05108173
0 0.22596154 0.50961538 0.02463942 0.03786058
0 0.02764423 0.18149038 0.02043269 0.03185096
0 0.07572115 0.06730769 0.01802885 0.03786058
0 0.01081731 0.06730769 0.02163462 0.03004808
0 0.83293269 0.87500000 0.02163462 0.03786058
0 0.95192308 0.80769231 0.02283654 0.03786058
0 0.60096154 0.68389423 0.03064904 0.05228365
0 0.66826923 0.64302885 0.02704327 0.06069712
0 0.93028846 0.54326923 0.02403846 0.00961538
