0 0.31971154 0.27524038 0.02163462 0.03665865
0 0.37860577 0.29567308 0.02163462 0.03966346
0 0.38581731 0.50841346 0.04687500 0.06971154
0 0.34134615 0.67187500 0.03846154 0.03605769
0 0.49278846 0.46394231 0.02163462 0.03966346
0 0.09014423 0.09975962 0.02343750 0.03966346
0 0.09134615 0.07091346 0.02223558 0.03185096
0 0.16225962 0.06730769 0.02343750 0.03605769
0 0.30048077 0.01923077 0.02223558 0.02944712
0 0.36298077 0.53605769 0.01502404 0.03425481
0 0.98798077 0.16706731 0.02403846 0.03605769
0 0.55649038 0.26923077 0.04867788 0.04146635
0 0.43149038 0.71995192 0.02584135 0.03305288
0 0.47956731 0.78605769 0.01923077 0.03846154
0 0.82932692 0.93870192 0.01802885 0.03605769
0 0.79567308 0.95192308 0.01923077 0.05168269
0 0.54326923 0.82812500 0.02223558 0.04146635
0 0.80408654 0.88341346 0.01923077 0.03245192
0 0.55168269 0.88100962 0.02163462 0.03305288
0 0.53846154 0.86418269 0.01502404 0.03125000
0 0.77043269 0.72716346 0.01802885 0.04146635
