0 0.10576923 0.77163462 0.02043269 0.03846154
0 0.08173077 0.78605769 0.01682692 0.02764423
0 0.07211538 0.89062500 0.02043269 0.03725962
0 0.50000000 0.45432692 0.01682692 0.03245192
0 0.55288462 0.47596154 0.01682692 0.03245192
0 0.55288462 0.66826923 0.03485577 0.05649038
0 0.52163462 0.82211538 0.03125000 0.04086538
0 0.70673077 0.73317308 0.01562500 0.02403846
0 0.65144231 0.63701923 0.01562500 0.03245192
0 0.70552885 0.61177885 0.01682692 0.02644231
0 0.76923077 0.68149038 0.02163462 0.04326923
0 0.93028846 0.75360577 0.02163462 0.02644231
0 0.94591346 0.79206731 0.02403846 0.04086538
0 0.92788462 0.50600962 0.01442308 0.03125000
0 0.93990385 0.51201923 0.01682692 0.03846154
0 0.05048077 0.72596154 0.01562500 0.04807692
0 0.02403846 0.75360577 0.02043269 0.03485577
0 0.29326923 0.30528846 0.01923077 0.03485577
0 0.29567308 0.27524038 0.01923077 0.02524038
0 0.35456731 0.27764423 0.01923077 0.03245192
0 0.09375000 0.26923077 0.01682692 0.02644231
0 0.48317308 0.22596154 0.01923077 0.02644231
0 0.91466346 0.25360577 0.02524038 0.03245192
0 0.53966346 0.69591346 0.01442308 0.03125000
0 0.17548077 0.23798077 0.02163462 0.04086538
0 0.92548077 0.21754808 0.01923077 0.03004808
0 0.19110577 0.17187500 0.01682692 0.03846154
0 0.05528846 0.33413462 0.01682692 0.03125000
0 0.18149038 0.02524038 0.02524038 0.01201923
0 0.30889423 0.03846154 0.01562500 0.03725962
0 0.31610577 0.02163462 0.01201923 0.03125000
0 0.16706731 0.21153846 0.01201923 0.02043269
