0 0.11899038 0.08894231 0.02103365 0.03545673
0 0.06490385 0.11298077 0.01862981 0.03425481
0 0.06370192 0.31370192 0.03846154 0.06069712
0 0.07812500 0.34254808 0.01682692 0.03185096
0 0.69230769 0.39302885 0.01502404 0.03064904
0 0.66346154 0.40625000 0.01923077 0.03305288
0 0.67307692 0.21394231 0.02043269 0.03846154
0 0.55889423 0.34975962 0.01923077 0.03665865
0 0.54927885 0.27644231 0.02163462 0.03846154
0 0.63701923 0.25240385 0.02103365 0.03725962
0 0.53846154 0.25721154 0.02043269 0.03425481
0 0.53004808 0.16225962 0.01622596 0.04146635
0 0.84735577 0.98437500 0.01682692 0.03125000
0 0.96153846 0.85817308 0.01983173 0.03725962
0 0.99399038 0.74399038 0.01201923 0.04086538
0 0.62019231 0.75120192 0.02824519 0.03185096
0 0.94230769 0.61418269 0.01682692 0.03665865
