0 0.30528846 0.33293269 0.02163462 0.03725962
0 0.24879808 0.35697115 0.02043269 0.03605769
0 0.08173077 0.49399038 0.01923077 0.01201923
0 0.32451923 0.08533654 0.02223558 0.03004808
0 0.40985577 0.65745192 0.01862981 0.03485577
0 0.43149038 0.64182692 0.01682692 0.03365385
0 0.37259615 0.57932692 0.01502404 0.02463942
0 0.36538462 0.56730769 0.01442308 0.02584135
0 0.33173077 0.54086538 0.01622596 0.03365385
0 0.33173077 0.68629808 0.01322115 0.02584135
0 0.25240385 0.77524038 0.01382212 0.02704327
0 0.16947115 0.76322115 0.00961538 0.02403846
0 0.13100962 0.54687500 0.02644231 0.05949519
0 0.07692308 0.52884615 0.01682692 0.02463942
0 0.01201923 0.50841346 0.01923077 0.01682692
0 0.02403846 0.80408654 0.01502404 0.02283654
0 0.39062500 0.50240385 0.01201923 0.00480769
0 0.09375000 0.64302885 0.01201923 0.02103365
0 0.54567308 0.64903846 0.03846154 0.05769231
0 0.61418269 0.81610577 0.04266827 0.04747596
0 0.44230769 0.62740385 0.00480769 0.03846154
