0 0.00841346 0.42067308 0.01682692 0.01442308
0 0.23798077 0.27283654 0.02223558 0.03786058
0 0.23076923 0.24519231 0.02103365 0.02884615
0 0.17427885 0.24879808 0.01862981 0.03365385
0 0.03245192 0.19471154 0.02343750 0.02884615
0 0.34375000 0.40865385 0.01983173 0.03365385
0 0.75240385 0.12740385 0.01862981 0.03365385
0 0.81490385 0.08293269 0.01562500 0.03365385
0 0.56009615 0.04447115 0.01802885 0.03004808
0 0.53365385 0.03485577 0.01322115 0.04086538
0 0.79326923 0.15024038 0.02103365 0.03605769
0 0.00721154 0.93750000 0.01081731 0.01502404
0 0.59975962 0.84375000 0.02103365 0.03846154
0 0.54206731 0.86899038 0.02103365 0.03725962
0 0.82331731 0.68269231 0.02343750 0.03906250
0 0.81971154 0.65024038 0.02103365 0.02764423
0 0.75600962 0.65384615 0.02223558 0.03485577
0 0.61778846 0.59735577 0.02223558 0.03004808
0 0.94951923 0.61057692 0.02764423 0.04507212
0 0.93389423 0.53966346 0.01983173 0.04146635
0 0.95913462 0.58293269 0.01502404 0.02283654
