0 0.11778846 0.39182692 0.01983173 0.03425481
0 0.06730769 0.42548077 0.01862981 0.04326923
0 0.06370192 0.62740385 0.03004808 0.05348558
0 0.33413462 0.24158654 0.01923077 0.03545673
0 0.33293269 0.21634615 0.02163462 0.02944712
0 0.27644231 0.22235577 0.02103365 0.03305288
0 0.13822115 0.16947115 0.02163462 0.02824519
0 0.07932692 0.65865385 0.01442308 0.03305288
0 0.45673077 0.17067308 0.02043269 0.03786058
0 0.43389423 0.11538462 0.01862981 0.03545673
0 0.46514423 0.14903846 0.01262019 0.02884615
0 0.91947115 0.23677885 0.02343750 0.03365385
0 0.40024038 0.94711538 0.00781250 0.01502404
0 0.40384615 0.94711538 0.00600962 0.01442308
0 0.41466346 0.93269231 0.00781250 0.01442308
0 0.33413462 0.96394231 0.01021635 0.02343750
0 0.27524038 0.95432692 0.01262019 0.01502404
0 0.26682692 0.94951923 0.00901442 0.01923077
0 0.26802885 0.98557692 0.01262019 0.02343750
0 0.28846154 0.82572115 0.01502404 0.02103365
0 0.25120192 0.87620192 0.01262019 0.02403846
0 0.16947115 0.84615385 0.01141827 0.02403846
0 0.12379808 0.80168269 0.01442308 0.02223558
0 0.11177885 0.79927885 0.01382212 0.01923077
0 0.17548077 0.77403846 0.01262019 0.02403846
0 0.17187500 0.70673077 0.01262019 0.01983173
0 0.17187500 0.68389423 0.01682692 0.01201923
0 0.25480769 0.73076923 0.01382212 0.02343750
0 0.29206731 0.95913462 0.00781250 0.01442308
0 0.13221154 0.86899038 0.01442308 0.01742788
0 0.31250000 0.98317308 0.01141827 0.02824519
0 0.32692308 0.97956731 0.00480769 0.02103365
