0 0.11778846 0.97596154 0.01923077 0.04687500
0 0.50841346 0.65384615 0.01682692 0.03485577
0 0.55769231 0.68629808 0.01562500 0.04206731
0 0.56129808 0.88341346 0.02764423 0.05288462
0 0.71995192 0.93028846 0.01923077 0.03245192
0 0.65745192 0.83894231 0.01201923 0.03125000
0 0.70312500 0.81490385 0.02403846 0.03605769
0 0.77283654 0.89423077 0.02163462 0.04567308
0 0.93750000 0.95913462 0.02403846 0.03245192
0 0.93389423 0.71514423 0.01682692 0.03485577
0 0.94350962 0.71634615 0.01682692 0.03605769
0 0.05528846 0.93028846 0.01562500 0.05168269
0 0.03125000 0.97235577 0.02043269 0.03485577
0 0.29807692 0.50841346 0.01923077 0.03485577
0 0.30048077 0.48317308 0.01923077 0.02644231
0 0.35456731 0.48918269 0.01682692 0.03125000
0 0.10576923 0.49278846 0.01923077 0.02764423
0 0.48798077 0.43870192 0.01923077 0.02644231
0 0.91346154 0.45432692 0.02043269 0.03245192
0 0.54567308 0.91346154 0.01442308 0.03125000
0 0.17908654 0.43870192 0.01923077 0.03605769
0 0.92187500 0.43149038 0.02043269 0.03846154
0 0.20072115 0.38581731 0.01562500 0.03485577
0 0.05889423 0.54687500 0.01682692 0.03485577
0 0.19350962 0.23918269 0.02163462 0.01562500
0 0.32091346 0.22475962 0.01562500 0.03485577
0 0.31610577 0.25120192 0.01442308 0.03004808
0 0.13701923 0.19951923 0.01923077 0.03846154
0 0.09975962 0.15504808 0.01923077 0.02764423
0 0.74038462 0.20673077 0.01562500 0.03125000
0 0.74879808 0.18870192 0.02043269 0.03245192
0 0.77764423 0.19471154 0.01562500 0.03605769
0 0.17067308 0.41826923 0.01201923 0.02764423
0 0.39543269 0.03245192 0.01562500 0.03846154
0 0.51682692 0.04086538 0.01682692 0.03846154
0 0.02524038 0.65504808 0.02403846 0.03004808
