0 0.18750000 0.61418269 0.01923077 0.00721154
0 0.39543269 0.56730769 0.02103365 0.02884615
0 0.04927885 0.57331731 0.02163462 0.03725962
0 0.08533654 0.51442308 0.01802885 0.03846154
0 0.06610577 0.34855769 0.02764423 0.02043269
0 0.21033654 0.33653846 0.02043269 0.03966346
0 0.20793269 0.37139423 0.01862981 0.03305288
0 0.00841346 0.30889423 0.01682692 0.04086538
0 0.03966346 0.55288462 0.01862981 0.03245192
0 0.29206731 0.12379808 0.02163462 0.04507212
0 0.42427885 0.13341346 0.02043269 0.04326923
0 0.00240385 0.06370192 0.00480769 0.05048077
0 0.38221154 0.00841346 0.02403846 0.01682692
0 0.75600962 0.21033654 0.02103365 0.03545673
0 0.70673077 0.16105769 0.01802885 0.03425481
0 0.96394231 0.12620192 0.02043269 0.03125000
0 0.98557692 0.13100962 0.01442308 0.04146635
0 0.92187500 0.02524038 0.01862981 0.03545673
0 0.89783654 0.03605769 0.02043269 0.03605769
0 0.71754808 0.24158654 0.02163462 0.03665865
0 0.65985577 0.99519231 0.01682692 0.00961538
0 0.79326923 0.89062500 0.01442308 0.02223558
0 0.83293269 0.96153846 0.01201923 0.02764423
0 0.93149038 0.90985577 0.01802885 0.02403846
0 0.95312500 0.87019231 0.01682692 0.02824519
0 0.97956731 0.87019231 0.01442308 0.01983173
0 0.91826923 0.85937500 0.01141827 0.02644231
0 0.91826923 0.77403846 0.01682692 0.02463942
0 0.90985577 0.76081731 0.01802885 0.02764423
0 0.82692308 0.81009615 0.01201923 0.02403846
0 0.82331731 0.71754808 0.02644231 0.03665865
0 0.74399038 0.69110577 0.01201923 0.01622596
0 0.74038462 0.73317308 0.01262019 0.02343750
0 0.84615385 0.64423077 0.01562500 0.02343750
0 0.85096154 0.66466346 0.01562500 0.02704327
0 0.98798077 0.63100962 0.02403846 0.02644231
0 0.95913462 0.96274038 0.01682692 0.02103365
0 0.76081731 0.71634615 0.01442308 0.01562500
