0 0.52403846 0.86778846 0.01923077 0.03605769
0 0.56730769 0.90504808 0.01562500 0.04206731
0 0.93870192 0.93028846 0.01201923 0.02644231
0 0.94711538 0.93629808 0.01682692 0.03125000
0 0.30288462 0.73557692 0.02043269 0.03605769
0 0.30889423 0.70793269 0.01682692 0.02403846
0 0.35817308 0.72355769 0.01682692 0.03125000
0 0.12259615 0.72355769 0.01682692 0.02764423
0 0.49519231 0.65625000 0.01923077 0.02644231
0 0.91586538 0.67548077 0.01923077 0.03125000
0 0.18149038 0.66225962 0.01682692 0.03245192
0 0.92307692 0.64903846 0.01923077 0.03605769
0 0.21514423 0.60817308 0.01562500 0.03485577
0 0.06610577 0.78245192 0.01682692 0.03485577
0 0.19711538 0.45913462 0.02403846 0.01682692
0 0.32812500 0.44711538 0.01562500 0.03485577
0 0.32451923 0.47836538 0.01442308 0.03004808
0 0.14423077 0.42427885 0.01682692 0.03725962
0 0.10697115 0.38461538 0.01923077 0.03004808
0 0.74879808 0.42908654 0.01562500 0.03125000
0 0.75600962 0.40625000 0.02043269 0.03485577
0 0.77524038 0.41586538 0.01562500 0.03485577
0 0.17307692 0.64302885 0.01442308 0.02764423
0 0.40144231 0.25600962 0.01682692 0.04086538
0 0.52163462 0.26442308 0.01682692 0.03846154
0 0.13461538 0.20192308 0.01442308 0.04567308
0 0.48437500 0.14423077 0.02163462 0.03125000
0 0.86658654 0.09134615 0.02043269 0.03846154
0 0.03245192 0.87860577 0.02163462 0.03725962
