0 0.43509615 0.39903846 0.01502404 0.03425481
0 0.43870192 0.43028846 0.01562500 0.02884615
0 0.00721154 0.35096154 0.01442308 0.03365385
0 0.01682692 0.36177885 0.02223558 0.03305288
0 0.36538462 0.20312500 0.01502404 0.04026442
0 0.24519231 0.20793269 0.01682692 0.04026442
0 0.28004808 0.09014423 0.01562500 0.03185096
0 0.23677885 0.57692308 0.03605769 0.01442308
0 0.99158654 0.65745192 0.01682692 0.02644231
0 0.99519231 0.73918269 0.00961538 0.04567308
0 0.92908654 0.95552885 0.02524038 0.03245192
0 0.90745192 0.78605769 0.01923077 0.04086538
0 0.97355769 0.57211538 0.00961538 0.00480769
0 0.86538462 0.80408654 0.01201923 0.02644231
0 0.81009615 0.71033654 0.01682692 0.01682692
0 0.73317308 0.91947115 0.00961538 0.03125000
0 0.68269231 0.77884615 0.00961538 0.02403846
0 0.63341346 0.64302885 0.01201923 0.02403846
0 0.58894231 0.64663462 0.00961538 0.02163462
0 0.56610577 0.59975962 0.01081731 0.01562500
0 0.52764423 0.68028846 0.01562500 0.02644231
0 0.61899038 0.66947115 0.00961538 0.01923077
