0 0.08173077 0.55528846 0.01923077 0.02884615
0 0.13100962 0.56490385 0.02163462 0.00961538
0 0.27764423 0.51201923 0.02043269 0.02463942
0 0.10456731 0.30048077 0.01983173 0.03846154
0 0.10336538 0.33052885 0.01682692 0.02884615
0 0.18028846 0.09254808 0.01622596 0.04086538
0 0.30048077 0.10697115 0.01862981 0.04086538
0 0.14062500 0.61658654 0.01382212 0.02584135
0 0.21754808 0.60096154 0.01262019 0.02403846
0 0.36057692 0.63822115 0.01442308 0.02223558
0 0.40384615 0.91826923 0.01442308 0.02403846
0 0.58774038 0.98557692 0.06009615 0.02884615
