0 0.31250000 0.97235577 0.02043269 0.03605769
0 0.31370192 0.94110577 0.01682692 0.03245192
0 0.36298077 0.96153846 0.01682692 0.03125000
0 0.14302885 0.96875000 0.01562500 0.03245192
0 0.50240385 0.89543269 0.01923077 0.02524038
0 0.91466346 0.90504808 0.01682692 0.03004808
0 0.18870192 0.90024038 0.02163462 0.03004808
0 0.92307692 0.87860577 0.01923077 0.04086538
0 0.22596154 0.84254808 0.01682692 0.03725962
0 0.20673077 0.69110577 0.02403846 0.02403846
0 0.33533654 0.69110577 0.01562500 0.03485577
0 0.33413462 0.71995192 0.01442308 0.02764423
0 0.15504808 0.66826923 0.01682692 0.03725962
0 0.11658654 0.62379808 0.01923077 0.02764423
0 0.76201923 0.64423077 0.01562500 0.03125000
0 0.75360577 0.65865385 0.01682692 0.03485577
0 0.77764423 0.64783654 0.01562500 0.03125000
0 0.18269231 0.87139423 0.01442308 0.03004808
0 0.40865385 0.48918269 0.01562500 0.03846154
0 0.52524038 0.50360577 0.01682692 0.03846154
0 0.14423077 0.44471154 0.01442308 0.04326923
0 0.49278846 0.37379808 0.02403846 0.04687500
0 0.87259615 0.32692308 0.03004808 0.05528846
0 0.60336538 0.19350962 0.02043269 0.03245192
0 0.90144231 0.03605769 0.02403846 0.06610577
0 0.63341346 0.07932692 0.01923077 0.03125000
