0 0.22475962 0.95432692 0.02403846 0.02403846
0 0.34735577 0.95673077 0.01442308 0.03125000
0 0.34735577 0.98076923 0.01562500 0.03125000
0 0.16225962 0.93629808 0.01923077 0.03125000
0 0.12860577 0.89182692 0.01923077 0.02764423
0 0.78245192 0.89783654 0.01442308 0.03125000
0 0.75721154 0.90745192 0.01682692 0.03605769
0 0.77043269 0.89663462 0.01562500 0.03245192
0 0.41586538 0.75120192 0.01562500 0.03846154
0 0.52644231 0.76923077 0.01562500 0.03725962
0 0.15625000 0.71274038 0.01442308 0.04807692
0 0.49399038 0.62019231 0.02043269 0.05288462
0 0.87620192 0.56370192 0.03485577 0.06370192
0 0.60576923 0.45312500 0.02163462 0.03485577
0 0.90985577 0.29447115 0.02403846 0.06850962
0 0.64182692 0.34375000 0.01923077 0.03125000
0 0.96754808 0.14663462 0.02644231 0.03725962
0 0.68269231 0.06610577 0.02043269 0.03004808
0 0.72596154 0.12620192 0.01562500 0.03485577
0 0.22475962 0.04927885 0.01081731 0.03846154
0 0.25721154 0.03125000 0.01923077 0.03485577
