0 0.17427885 0.48197115 0.02163462 0.01201923
0 0.30528846 0.35937500 0.01923077 0.03605769
0 0.33293269 0.24639423 0.02043269 0.03185096
0 0.41225962 0.01682692 0.01682692 0.03365385
0 0.99399038 0.17067308 0.01201923 0.01923077
0 0.26081731 0.56490385 0.01322115 0.01562500
0 0.25721154 0.60456731 0.00961538 0.01923077
0 0.26201923 0.59014423 0.00961538 0.01923077
0 0.27524038 0.55408654 0.01742788 0.04807692
0 0.13701923 0.55528846 0.01802885 0.04266827
0 0.18389423 0.87259615 0.01442308 0.02283654
0 0.35096154 0.77884615 0.02403846 0.03245192
0 0.37259615 0.60216346 0.01923077 0.04206731
0 0.41706731 0.62139423 0.01322115 0.02764423
0 0.47475962 0.52283654 0.01802885 0.01802885
0 0.17307692 0.86057692 0.01201923 0.02163462
0 0.75000000 0.94951923 0.01382212 0.02343750
0 0.73677885 0.91947115 0.01802885 0.02644231
0 0.66105769 0.97716346 0.01442308 0.02403846
0 0.66105769 0.88822115 0.01802885 0.03064904
0 0.68750000 0.81971154 0.01502404 0.02764423
0 0.67788462 0.85096154 0.02043269 0.03425481
0 0.74399038 0.72836538 0.01802885 0.02403846
0 0.81850962 0.78725962 0.01742788 0.04507212
0 0.71033654 0.72115385 0.01802885 0.03245192
0 0.60336538 0.88701923 0.00961538 0.01802885
0 0.58173077 0.90985577 0.01201923 0.01923077
0 0.58894231 0.87259615 0.01322115 0.01923077
