0 0.08413462 0.20793269 0.01622596 0.02644231
0 0.10697115 0.19591346 0.01262019 0.04026442
0 0.04687500 0.10096154 0.01562500 0.03004808
0 0.02524038 0.10937500 0.01682692 0.03064904
0 0.26201923 0.03004808 0.01802885 0.03545673
0 0.00841346 0.02764423 0.01682692 0.03125000
0 0.53004808 0.99038462 0.01682692 0.01923077
0 0.55889423 0.97956731 0.01442308 0.02584135
0 0.74278846 0.86177885 0.02163462 0.04206731
0 0.49519231 0.87980769 0.01021635 0.03365385
0 0.47235577 0.89302885 0.01562500 0.03064904
0 0.70552885 0.77043269 0.01622596 0.03846154
0 0.43750000 0.81370192 0.03245192 0.03365385
0 0.36298077 0.79086538 0.01502404 0.02463942
0 0.39302885 0.77644231 0.01442308 0.02283654
0 0.42067308 0.77163462 0.01742788 0.02524038
0 0.72596154 0.70913462 0.03004808 0.04326923
0 0.40985577 0.60576923 0.01262019 0.03004808
0 0.44230769 0.61418269 0.01442308 0.02884615
