0 0.20312500 0.26682692 0.02223558 0.03305288
0 0.16947115 0.31730769 0.02043269 0.04326923
0 0.66706731 0.30408654 0.01923077 0.03545673
0 0.47475962 0.21274038 0.01923077 0.02824519
0 0.44471154 0.20312500 0.01322115 0.04026442
0 0.22235577 0.07932692 0.02403846 0.04387019
0 0.51201923 0.08894231 0.01622596 0.03425481
0 0.53725962 0.10216346 0.01862981 0.03305288
0 0.28004808 0.00961538 0.01682692 0.01923077
0 0.56610577 0.01442308 0.03605769 0.02884615
0 0.93269231 0.42908654 0.01622596 0.03064904
0 0.84495192 0.40745192 0.02043269 0.03665865
0 0.79807692 0.17908654 0.01442308 0.04026442
0 0.74879808 0.16466346 0.01682692 0.03064904
0 0.68870192 0.15865385 0.01442308 0.03305288
0 0.68509615 0.43389423 0.01442308 0.03125000
0 0.75721154 0.28245192 0.00841346 0.01562500
0 0.76802885 0.28605769 0.00841346 0.02043269
0 0.99519231 0.45432692 0.00961538 0.00961538
0 0.96754808 0.58894231 0.01682692 0.02944712
0 0.88581731 0.67187500 0.01742788 0.03185096
0 0.80288462 0.65865385 0.01682692 0.03064904
0 0.71634615 0.54206731 0.00841346 0.01442308
0 0.72475962 0.53365385 0.00480769 0.02043269
