0 0.27043269 0.49278846 0.01682692 0.01442308
0 0.08774038 0.41346154 0.01442308 0.02463942
0 0.06129808 0.39903846 0.01201923 0.03846154
0 0.12500000 0.29086538 0.01923077 0.03425481
0 0.14783654 0.30649038 0.01442308 0.03125000
0 0.18028846 0.21995192 0.03545673 0.03485577
0 0.26682692 0.19711538 0.01502404 0.02524038
0 0.23197115 0.18269231 0.01802885 0.02463942
0 0.20192308 0.17908654 0.01923077 0.02584135
0 0.20913462 0.01322115 0.01442308 0.02644231
0 0.17788462 0.02163462 0.01923077 0.03004808
0 0.34375000 0.45913462 0.01983173 0.02944712
0 0.94711538 0.27163462 0.01802885 0.03365385
0 0.62500000 0.79927885 0.02043269 0.03125000
0 0.59615385 0.85817308 0.01862981 0.04266827
0 0.87980769 0.71514423 0.01862981 0.03064904
0 0.85817308 0.71514423 0.01622596 0.04146635
0 0.63341346 0.61778846 0.01923077 0.03786058
0 0.91706731 0.61298077 0.01682692 0.03425481
0 0.94230769 0.62259615 0.01682692 0.03245192
0 0.69110577 0.53966346 0.01802885 0.03846154
0 0.96514423 0.52884615 0.03665865 0.03125000
