0 0.07211538 0.54567308 0.02043269 0.02884615
0 0.04086538 0.59855769 0.02043269 0.04387019
0 0.32331731 0.51682692 0.01562500 0.02403846
0 0.29687500 0.50240385 0.01562500 0.02824519
0 0.10697115 0.38461538 0.02403846 0.04387019
0 0.35817308 0.40264423 0.01742788 0.03365385
0 0.38221154 0.40865385 0.01502404 0.02884615
0 0.14663462 0.30408654 0.01862981 0.03846154
0 0.40625000 0.32331731 0.02403846 0.03125000
0 0.12500000 0.23317308 0.03245192 0.04627404
0 0.40865385 0.13581731 0.01742788 0.03064904
0 0.41586538 0.01682692 0.00480769 0.03365385
0 0.01201923 0.00360577 0.01923077 0.00721154
0 0.35216346 0.02403846 0.02103365 0.03365385
0 0.28245192 0.02163462 0.02163462 0.02944712
0 0.74158654 0.06009615 0.01862981 0.03365385
0 0.68509615 0.06129808 0.01622596 0.03185096
0 0.67307692 0.25480769 0.04447115 0.06129808
0 0.72475962 0.41947115 0.04807692 0.05168269
0 0.71754808 0.66586538 0.02704327 0.04026442
0 0.51923077 0.30649038 0.02103365 0.03185096
0 0.56850962 0.23076923 0.01983173 0.03545673
0 0.51322115 0.22596154 0.02043269 0.03004808
0 0.45913462 0.27524038 0.02463942 0.04447115
0 0.76802885 0.79086538 0.01442308 0.01983173
0 0.76201923 0.77283654 0.01141827 0.01742788
0 0.75480769 0.78966346 0.01502404 0.02043269
0 0.88461538 0.77403846 0.01622596 0.04326923
0 0.66466346 0.96875000 0.02824519 0.02524038
0 0.64182692 0.81129808 0.02463942 0.04146635
0 0.59495192 0.81850962 0.01322115 0.02884615
0 0.47475962 0.93870192 0.02043269 0.03485577
0 0.42307692 0.79927885 0.00961538 0.02644231
