0 0.95913462 0.83413462 0.02403846 0.05889423
0 0.68149038 0.95432692 0.01923077 0.03725962
0 0.99158654 0.69110577 0.01682692 0.03485577
0 0.71754808 0.65745192 0.01923077 0.02764423
0 0.74879808 0.70913462 0.01923077 0.04326923
0 0.30168269 0.70673077 0.01562500 0.03004808
0 0.47235577 0.62860577 0.01442308 0.02403846
0 0.49759615 0.61538462 0.01442308 0.02644231
0 0.68389423 0.50000000 0.01923077 0.04086538
0 0.43870192 0.51682692 0.01562500 0.03245192
0 0.41466346 0.52403846 0.01201923 0.02764423
0 0.64543269 0.42067308 0.01562500 0.03725962
0 0.38581731 0.44110577 0.03004808 0.03125000
0 0.26442308 0.72836538 0.01682692 0.03125000
0 0.31009615 0.42548077 0.01201923 0.02644231
0 0.33653846 0.41346154 0.01562500 0.02163462
0 0.36899038 0.40745192 0.01562500 0.02403846
0 0.66586538 0.35216346 0.02764423 0.04326923
0 0.35697115 0.24278846 0.01201923 0.03125000
0 0.38942308 0.25600962 0.01562500 0.03004808
0 0.96634615 0.14903846 0.02163462 0.04687500
0 0.99519231 0.14423077 0.00961538 0.04206731
0 0.37379808 0.14182692 0.01562500 0.03125000
0 0.99038462 0.08774038 0.01923077 0.04326923
0 0.77524038 0.11418269 0.01923077 0.03485577
0 0.44471154 0.14663462 0.02043269 0.03245192
0 0.51201923 0.14423077 0.01923077 0.02644231
0 0.22836538 0.67307692 0.01682692 0.02764423
0 0.40504808 0.09254808 0.01562500 0.03605769
0 0.55288462 0.08052885 0.01923077 0.04086538
0 0.53725962 0.05528846 0.01682692 0.03125000
