0 0.02764423 0.41225962 0.02283654 0.04447115
0 0.28605769 0.43028846 0.01562500 0.03425481
0 0.31129808 0.43629808 0.01262019 0.03064904
0 0.06730769 0.32812500 0.02163462 0.04146635
0 0.34134615 0.34975962 0.03125000 0.03305288
0 0.42187500 0.33293269 0.01262019 0.02704327
0 0.39302885 0.31971154 0.01682692 0.02343750
0 0.35937500 0.31370192 0.01682692 0.02584135
0 0.04567308 0.25600962 0.02944712 0.04567308
0 0.37259615 0.14062500 0.01502404 0.03185096
0 0.33774038 0.15384615 0.01802885 0.03125000
0 0.35456731 0.03245192 0.01802885 0.03185096
0 0.28004808 0.03846154 0.02403846 0.03545673
0 0.20913462 0.03605769 0.01923077 0.02824519
0 0.59375000 0.92427885 0.02403846 0.03725962
0 0.96514423 0.53125000 0.01742788 0.03425481
0 0.99639423 0.54567308 0.00721154 0.03365385
