0 0.28245192 0.45192308 0.01862981 0.03305288
0 0.09495192 0.35937500 0.01802885 0.03966346
0 0.07091346 0.33052885 0.01262019 0.02584135
0 0.14062500 0.23317308 0.01201923 0.03305288
0 0.16466346 0.24519231 0.01502404 0.02944712
0 0.20913462 0.16466346 0.01923077 0.02163462
0 0.31850962 0.47355769 0.02163462 0.00961538
0 0.28125000 0.15985577 0.01442308 0.03064904
0 0.25120192 0.13221154 0.01442308 0.02463942
0 0.22235577 0.12620192 0.01862981 0.02764423
0 0.55649038 0.00841346 0.01682692 0.01682692
0 0.62740385 0.28245192 0.01562500 0.02584135
0 0.43509615 0.19110577 0.03185096 0.04807692
0 0.41225962 0.02283654 0.02223558 0.04086538
0 0.63461538 0.26923077 0.00961538 0.02163462
0 0.35096154 0.57572115 0.00961538 0.01923077
0 0.34975962 0.60817308 0.01682692 0.02403846
0 0.33173077 0.88341346 0.01322115 0.01682692
0 0.31730769 0.79567308 0.01442308 0.02463942
0 0.33413462 0.92668269 0.00961538 0.01923077
0 0.33173077 0.90865385 0.00901442 0.01923077
0 0.31610577 0.87980769 0.01382212 0.02463942
0 0.21995192 0.92668269 0.02043269 0.02764423
0 0.28725962 0.68509615 0.00901442 0.02283654
0 0.17788462 0.93509615 0.01983173 0.02403846
0 0.11658654 0.84855769 0.02163462 0.01923077
0 0.30288462 0.67668269 0.00961538 0.02223558
0 0.38341346 0.48197115 0.01201923 0.00721154
0 0.36298077 0.73677885 0.00961538 0.01802885
0 0.82812500 0.66225962 0.01442308 0.02584135
0 0.80889423 0.67427885 0.01442308 0.02163462
0 0.76802885 0.60817308 0.01382212 0.02764423
0 0.76322115 0.58653846 0.01442308 0.02463942
0 0.73076923 0.56850962 0.01081731 0.02704327
0 0.73076923 0.70793269 0.01081731 0.02584135
0 0.65264423 0.79807692 0.00961538 0.02343750
0 0.57331731 0.77884615 0.01442308 0.02463942
0 0.53365385 0.56850962 0.01923077 0.04987981
0 0.48317308 0.55288462 0.01562500 0.02524038
0 0.41826923 0.52403846 0.01382212 0.02343750
0 0.41105769 0.82331731 0.01442308 0.02223558
0 0.78725962 0.51802885 0.01322115 0.01923077
