0 0.30288462 0.37620192 0.01742788 0.03665865
0 0.33774038 0.38221154 0.01802885 0.03305288
0 0.31490385 0.23197115 0.01622596 0.02884615
0 0.40985577 0.25480769 0.02223558 0.04807692
0 0.46634615 0.23918269 0.01983173 0.02704327
0 0.35096154 0.19831731 0.01802885 0.04026442
0 0.48798077 0.19471154 0.02463942 0.04867788
0 0.49399038 0.13701923 0.01622596 0.03786058
0 0.14182692 0.92548077 0.04146635 0.04627404
0 0.97355769 0.99038462 0.01923077 0.01923077
0 0.61057692 0.97475962 0.02403846 0.04086538
0 0.99519231 0.70793269 0.00961538 0.03605769
0 0.90144231 0.61658654 0.02163462 0.03665865
0 0.90625000 0.59134615 0.02403846 0.02463942
0 0.88100962 0.57091346 0.02343750 0.03665865
