0 0.12259615 0.68990385 0.01923077 0.03846154
0 0.10456731 0.65384615 0.01682692 0.04266827
0 0.17788462 0.53725962 0.01382212 0.03605769
0 0.19711538 0.55168269 0.01802885 0.03305288
0 0.24879808 0.46754808 0.01682692 0.02403846
0 0.31370192 0.47836538 0.01562500 0.02884615
0 0.29326923 0.46995192 0.02043269 0.02824519
0 0.26201923 0.43870192 0.02524038 0.03245192
0 0.28365385 0.27043269 0.01502404 0.03125000
0 0.25000000 0.27644231 0.02043269 0.03425481
0 0.27043269 0.10216346 0.02043269 0.03665865
0 0.15985577 0.18870192 0.01923077 0.03725962
0 0.13581731 0.14663462 0.00961538 0.02524038
0 0.23317308 0.11298077 0.02163462 0.03605769
0 0.12620192 0.12860577 0.02403846 0.04086538
0 0.11658654 0.03245192 0.01382212 0.04086538
0 0.34975962 0.98677885 0.01682692 0.02644231
