0 0.30649038 0.23076923 0.01622596 0.03365385
0 0.27283654 0.23557692 0.01802885 0.03365385
0 0.28966346 0.05168269 0.02043269 0.03485577
0 0.17548077 0.16346154 0.01682692 0.03786058
0 0.15625000 0.10336538 0.01081731 0.02764423
0 0.25240385 0.06850962 0.01983173 0.03665865
0 0.14423077 0.08774038 0.02944712 0.04627404
0 0.32331731 0.57932692 0.01862981 0.02584135
0 0.30408654 0.59134615 0.01742788 0.02403846
0 0.26201923 0.52403846 0.01622596 0.02644231
0 0.25721154 0.50120192 0.01201923 0.02584135
0 0.22355769 0.48437500 0.01081731 0.02884615
0 0.22355769 0.62620192 0.01322115 0.02584135
0 0.14423077 0.71754808 0.01081731 0.02403846
0 0.06250000 0.69951923 0.01442308 0.02463942
0 0.02163462 0.48437500 0.02343750 0.05168269
0 0.28125000 0.43269231 0.01081731 0.01983173
