0 0.74639423 0.92788462 0.02043269 0.03245192
0 0.78846154 0.96153846 0.02403846 0.03125000
0 0.51802885 0.96875000 0.01562500 0.04086538
0 0.65024038 0.78605769 0.02043269 0.04687500
0 0.43028846 0.85576923 0.01081731 0.03485577
0 0.44591346 0.84254808 0.01442308 0.03125000
0 0.64903846 0.68750000 0.01682692 0.03846154
0 0.37620192 0.78605769 0.01682692 0.02403846
0 0.32451923 0.78846154 0.01442308 0.02764423
0 0.34735577 0.77644231 0.01562500 0.02644231
0 0.37019231 0.74759615 0.02043269 0.03004808
0 0.66586538 0.61418269 0.01923077 0.04086538
0 0.34975962 0.58413462 0.01201923 0.03125000
0 0.38221154 0.59014423 0.01562500 0.03125000
0 0.97235577 0.36298077 0.02764423 0.03605769
0 0.98317308 0.30408654 0.01682692 0.03605769
0 0.36658654 0.41586538 0.01562500 0.03485577
0 0.76923077 0.36177885 0.02163462 0.03846154
0 0.47235577 0.52644231 0.01562500 0.03605769
0 0.48798077 0.46394231 0.01682692 0.03245192
0 0.40144231 0.43629808 0.01923077 0.03485577
0 0.50360577 0.44471154 0.02403846 0.04326923
0 0.50721154 0.36057692 0.01201923 0.04086538
0 0.82211538 0.16586538 0.01682692 0.03846154
0 0.78725962 0.17788462 0.02043269 0.04086538
0 0.53966346 0.11899038 0.01562500 0.04567308
0 0.80048077 0.11538462 0.02403846 0.02403846
0 0.57331731 0.11538462 0.02043269 0.03485577
0 0.24278846 0.12620192 0.01562500 0.03004808
0 0.55168269 0.01923077 0.02403846 0.03846154
0 0.98918269 0.61418269 0.02163462 0.04567308
0 0.98798077 0.33774038 0.01442308 0.02403846
0 0.99038462 0.36658654 0.01923077 0.03846154
0 0.72956731 0.00721154 0.01682692 0.01442308
