0 0.35096154 0.46394231 0.01923077 0.02884615
0 0.03004808 0.43870192 0.01262019 0.02884615
0 0.05889423 0.45192308 0.01622596 0.03245192
0 0.04927885 0.26562500 0.01862981 0.03665865
0 0.46033654 0.21274038 0.02403846 0.04146635
0 0.15985577 0.39663462 0.01983173 0.03846154
0 0.16826923 0.32572115 0.01923077 0.03545673
0 0.08413462 0.30288462 0.01862981 0.03425481
0 0.18028846 0.30769231 0.01742788 0.03245192
0 0.18750000 0.21634615 0.01382212 0.04206731
0 0.51081731 0.01322115 0.01682692 0.02644231
0 0.47596154 0.02524038 0.01983173 0.04567308
0 0.72235577 0.40504808 0.01742788 0.03125000
0 0.74519231 0.43870192 0.01502404 0.02884615
0 0.75600962 0.21033654 0.01983173 0.03725962
0 0.86298077 0.41346154 0.01983173 0.03365385
0 0.83894231 0.31490385 0.01562500 0.02403846
0 0.79326923 0.34495192 0.01862981 0.04326923
0 0.86418269 0.29687500 0.01622596 0.03605769
0 0.86418269 0.22475962 0.01742788 0.03365385
0 0.05408654 0.78605769 0.01742788 0.02524038
0 0.13581731 0.75721154 0.01262019 0.02463942
0 0.17548077 0.54326923 0.01201923 0.03906250
0 0.21754808 0.53846154 0.01742788 0.02884615
0 0.27163462 0.55288462 0.02043269 0.02944712
0 0.38100962 0.48557692 0.01201923 0.01442308
0 0.38341346 0.51802885 0.01442308 0.02103365
0 0.39903846 0.78004808 0.01021635 0.01622596
0 0.41706731 0.68990385 0.01562500 0.02403846
0 0.40024038 0.82331731 0.01081731 0.01923077
0 0.40024038 0.80288462 0.01081731 0.01923077
0 0.41826923 0.77524038 0.01682692 0.03125000
0 0.28004808 0.76682692 0.01442308 0.04206731
0 0.48317308 0.98677885 0.02403846 0.02644231
0 0.51081731 0.82331731 0.01742788 0.04026442
0 0.44110577 0.59254808 0.00781250 0.02103365
0 0.55168269 0.83293269 0.01262019 0.02644231
0 0.20673077 0.65024038 0.01081731 0.01442308
0 0.60697115 0.74399038 0.01923077 0.01923077
0 0.42908654 0.58413462 0.00661058 0.02283654
0 0.19951923 0.65504808 0.01442308 0.02524038
0 0.37019231 0.63701923 0.01081731 0.01923077
0 0.82331731 0.98557692 0.01682692 0.02884615
