0 0.39062500 0.31971154 0.02584135 0.04026442
0 0.09615385 0.43389423 0.01923077 0.03545673
0 0.01081731 0.41105769 0.01983173 0.03425481
0 0.10697115 0.41706731 0.01742788 0.03185096
0 0.11538462 0.32331731 0.01742788 0.04146635
0 0.44350962 0.11298077 0.01742788 0.03906250
0 0.40745192 0.12980769 0.02223558 0.04747596
0 0.15144231 0.07211538 0.02103365 0.03485577
0 0.42187500 0.06730769 0.02524038 0.02584135
0 0.18509615 0.06370192 0.02343750 0.03665865
0 0.67548077 0.07211538 0.00600962 0.01382212
0 0.66466346 0.06370192 0.01081731 0.01442308
0 0.81009615 0.11418269 0.01382212 0.01622596
0 0.81370192 0.07932692 0.00901442 0.01502404
0 0.81490385 0.12980769 0.01442308 0.02343750
0 0.82692308 0.01322115 0.01021635 0.02403846
0 0.79206731 0.10937500 0.00901442 0.01442308
0 0.94471154 0.01322115 0.01622596 0.01923077
0 0.75000000 0.11658654 0.00961538 0.02103365
0 0.73798077 0.09615385 0.00961538 0.01382212
0 0.00721154 0.58413462 0.01442308 0.02884615
0 0.29206731 0.59855769 0.01983173 0.03906250
0 0.29567308 0.52644231 0.01382212 0.03305288
0 0.27043269 0.64903846 0.01382212 0.02403846
0 0.27884615 0.63581731 0.01021635 0.01923077
0 0.27524038 0.62379808 0.01502404 0.02103365
0 0.15384615 0.61658654 0.01983173 0.04807692
0 0.19230769 0.89903846 0.01141827 0.01983173
0 0.36778846 0.81971154 0.02463942 0.03365385
0 0.39182692 0.65745192 0.02103365 0.03365385
0 0.43990385 0.66466346 0.01502404 0.02584135
0 0.48197115 0.57331731 0.01201923 0.02644231
0 0.20072115 0.91586538 0.01442308 0.02043269
