0 0.34855769 0.30168269 0.02463942 0.04507212
0 0.02764423 0.42788462 0.02223558 0.03786058
0 0.03966346 0.41225962 0.01622596 0.03185096
0 0.05048077 0.31370192 0.01322115 0.03185096
0 0.39903846 0.08894231 0.02043269 0.03966346
0 0.35937500 0.10216346 0.02463942 0.05108173
0 0.09375000 0.03605769 0.02283654 0.03846154
0 0.37740385 0.03485577 0.02944712 0.02824519
0 0.12379808 0.02524038 0.02584135 0.03786058
0 0.57932692 0.43509615 0.06250000 0.02884615
0 0.79807692 0.94110577 0.02343750 0.05108173
0 0.57211538 0.99519231 0.01923077 0.00961538
0 0.79687500 0.83293269 0.02163462 0.04206731
0 0.81490385 0.75120192 0.01983173 0.04507212
0 0.93269231 0.47355769 0.02524038 0.04326923
0 0.60817308 0.67307692 0.02043269 0.03906250
0 0.61778846 0.59495192 0.02103365 0.03665865
0 0.62980769 0.57692308 0.01562500 0.03425481
0 0.63822115 0.47716346 0.01262019 0.04507212
