0 0.70913462 0.97475962 0.02403846 0.03605769
0 0.59735577 0.83413462 0.01562500 0.03245192
0 0.38942308 0.90144231 0.01201923 0.03485577
0 0.40264423 0.89663462 0.01442308 0.03125000
0 0.61057692 0.73076923 0.01562500 0.03605769
0 0.33173077 0.84014423 0.02163462 0.03245192
0 0.28245192 0.82331731 0.01562500 0.03125000
0 0.30408654 0.82572115 0.01562500 0.02644231
0 0.33293269 0.79086538 0.02163462 0.03125000
0 0.62620192 0.65745192 0.01923077 0.04086538
0 0.31370192 0.62500000 0.01201923 0.03004808
0 0.33894231 0.63701923 0.01562500 0.03125000
0 0.94711538 0.40504808 0.02043269 0.03605769
0 0.95552885 0.38341346 0.01682692 0.03846154
0 0.33052885 0.45432692 0.01562500 0.03485577
0 0.73677885 0.40024038 0.02043269 0.04086538
0 0.43629808 0.58173077 0.01562500 0.03725962
0 0.44471154 0.51442308 0.01923077 0.03485577
0 0.36538462 0.49879808 0.01682692 0.03485577
0 0.45552885 0.50120192 0.01442308 0.03004808
0 0.46514423 0.41225962 0.01081731 0.03004808
0 0.78245192 0.20673077 0.01682692 0.03725962
0 0.74639423 0.21875000 0.01923077 0.04567308
0 0.50480769 0.15985577 0.01682692 0.03245192
0 0.76322115 0.15745192 0.02524038 0.02524038
0 0.53245192 0.14903846 0.02043269 0.03485577
0 0.51682692 0.06610577 0.02403846 0.04206731
0 0.95312500 0.66947115 0.01682692 0.03846154
0 0.96153846 0.41225962 0.01562500 0.02524038
0 0.94831731 0.35697115 0.01923077 0.03846154
0 0.69951923 0.03725962 0.02043269 0.02764423
0 0.98557692 0.03125000 0.01682692 0.03846154
0 0.98918269 0.63100962 0.01923077 0.02764423
