0 0.26201923 0.09495192 0.01442308 0.03125000
0 0.25961538 0.06129808 0.01081731 0.02644231
0 0.01682692 0.08653846 0.01682692 0.03245192
0 0.25000000 0.37620192 0.03846154 0.04567308
0 0.25480769 0.07812500 0.01923077 0.03004808
0 0.24879808 0.03365385 0.02043269 0.03004808
0 0.53004808 0.38100962 0.01442308 0.01682692
0 0.49038462 0.38461538 0.01682692 0.03245192
0 0.48798077 0.43990385 0.01562500 0.03004808
0 0.53004808 0.45072115 0.02343750 0.03245192
0 0.44350962 0.46754808 0.01442308 0.03125000
0 0.46033654 0.31730769 0.02043269 0.02644231
0 0.47355769 0.30769231 0.01442308 0.01983173
0 0.55769231 0.19951923 0.01502404 0.03004808
0 0.53365385 0.18389423 0.01862981 0.04026442
0 0.54326923 0.19230769 0.00901442 0.01562500
0 0.55889423 0.16586538 0.01562500 0.02884615
0 0.48677885 0.68389423 0.02704327 0.02884615
