0 0.49879808 0.89423077 0.01562500 0.03125000
0 0.30528846 0.95673077 0.01201923 0.03485577
0 0.31850962 0.95913462 0.01562500 0.03245192
0 0.52764423 0.79567308 0.01081731 0.02764423
0 0.25120192 0.90024038 0.02163462 0.03245192
0 0.20072115 0.88341346 0.01201923 0.03004808
0 0.21995192 0.88701923 0.01562500 0.02644231
0 0.25480769 0.84615385 0.01923077 0.03125000
0 0.54326923 0.72115385 0.01682692 0.05168269
0 0.22596154 0.67548077 0.01201923 0.03125000
0 0.25600962 0.69591346 0.01562500 0.03125000
0 0.87860577 0.47716346 0.01682692 0.02764423
0 0.87379808 0.44591346 0.01081731 0.02403846
0 0.25600962 0.50000000 0.01682692 0.03485577
0 0.65504808 0.46995192 0.01201923 0.02764423
0 0.36057692 0.65504808 0.01442308 0.03485577
0 0.35336538 0.58413462 0.01562500 0.02644231
0 0.28846154 0.57692308 0.01442308 0.03125000
0 0.37620192 0.55649038 0.01442308 0.02764423
0 0.37860577 0.47596154 0.01442308 0.03004808
0 0.69711538 0.26322115 0.01682692 0.03725962
0 0.66346154 0.27764423 0.01923077 0.04567308
0 0.42307692 0.19110577 0.01923077 0.03485577
0 0.68149038 0.20913462 0.01923077 0.02524038
0 0.44831731 0.20192308 0.02043269 0.03485577
0 0.43990385 0.12860577 0.02524038 0.04326923
0 0.86899038 0.73076923 0.03605769 0.03846154
0 0.87019231 0.46153846 0.01562500 0.02644231
0 0.86538462 0.42187500 0.01682692 0.02644231
0 0.61658654 0.08413462 0.01201923 0.03725962
0 0.92548077 0.08894231 0.01682692 0.04086538
0 0.90264423 0.69350962 0.01923077 0.02764423
0 0.90264423 0.08894231 0.01923077 0.03605769
0 0.94951923 0.85336538 0.03846154 0.03125000
0 0.98076923 0.82091346 0.02524038 0.03485577
0 0.98317308 0.56370192 0.01923077 0.06971154
