0 0.09975962 0.42668269 0.03125000 0.03125000
0 0.07812500 0.43870192 0.01442308 0.02403846
0 0.06129808 0.53966346 0.01923077 0.03485577
0 0.13701923 0.64783654 0.02043269 0.03725962
0 0.13942308 0.67908654 0.02163462 0.02764423
0 0.05528846 0.91586538 0.01682692 0.03245192
0 0.13701923 0.98798077 0.02403846 0.02403846
0 0.47836538 0.13942308 0.01682692 0.03485577
0 0.53605769 0.12379808 0.01201923 0.02764423
0 0.54927885 0.31370192 0.03605769 0.05288462
0 0.48798077 0.47235577 0.03846154 0.04326923
0 0.50841346 0.70913462 0.02403846 0.03485577
0 0.44110577 0.84134615 0.01923077 0.04687500
0 0.51081731 0.87139423 0.02163462 0.03004808
0 0.69951923 0.38942308 0.01682692 0.03004808
0 0.65264423 0.29326923 0.01562500 0.03485577
0 0.70913462 0.29326923 0.01682692 0.02644231
0 0.76201923 0.34014423 0.02163462 0.04206731
0 0.92668269 0.39423077 0.03004808 0.03004808
0 0.93870192 0.44831731 0.02043269 0.03485577
0 0.91706731 0.16586538 0.01562500 0.03245192
0 0.92427885 0.16947115 0.01682692 0.03605769
0 0.03365385 0.42307692 0.02043269 0.05528846
0 0.01322115 0.41105769 0.01562500 0.04326923
