0 0.29447115 0.08774038 0.03846154 0.05769231
0 0.36177885 0.25961538 0.04627404 0.05108173
0 0.33894231 0.51562500 0.02463942 0.03665865
0 0.41225962 0.65985577 0.02463942 0.05168269
0 0.33533654 0.68149038 0.02644231 0.01682692
0 0.13100962 0.17067308 0.02163462 0.03425481
0 0.18149038 0.06610577 0.01682692 0.03665865
0 0.12139423 0.06610577 0.02043269 0.03004808
0 0.06370192 0.11658654 0.02524038 0.04567308
0 0.94951923 0.67067308 0.01802885 0.03786058
0 0.87019231 0.45072115 0.01682692 0.04146635
0 0.74399038 0.46754808 0.02163462 0.04266827
0 0.77884615 0.32572115 0.02584135 0.05048077
0 0.65865385 0.12980769 0.02283654 0.03725962
0 0.37500000 0.83173077 0.01682692 0.03305288
0 0.18870192 0.74038462 0.01622596 0.02824519
0 0.16105769 0.72115385 0.01622596 0.02944712
0 0.41706731 0.85336538 0.02043269 0.03365385
0 0.44951923 0.78966346 0.02163462 0.03305288
