0 0.43389423 0.96153846 0.01562500 0.03125000
0 0.47235577 0.86298077 0.01081731 0.02764423
0 0.19350962 0.97235577 0.02163462 0.03485577
0 0.14903846 0.95673077 0.01442308 0.03125000
0 0.16586538 0.96274038 0.01562500 0.02644231
0 0.19711538 0.91586538 0.01682692 0.03125000
0 0.48677885 0.78725962 0.01562500 0.04807692
0 0.17307692 0.73918269 0.01201923 0.02764423
0 0.19951923 0.76923077 0.01442308 0.02644231
0 0.81370192 0.53365385 0.01562500 0.02644231
0 0.81850962 0.51081731 0.01201923 0.02403846
0 0.20072115 0.56250000 0.01682692 0.03485577
0 0.59975962 0.54086538 0.01201923 0.02644231
0 0.30649038 0.72596154 0.01923077 0.03485577
0 0.31971154 0.62139423 0.01442308 0.02524038
0 0.23798077 0.66826923 0.01923077 0.03125000
0 0.29326923 0.65024038 0.01442308 0.03725962
0 0.31850962 0.55528846 0.01562500 0.03245192
0 0.64182692 0.33173077 0.01562500 0.03485577
0 0.60456731 0.34014423 0.01923077 0.04567308
0 0.37379808 0.24879808 0.01682692 0.03485577
0 0.62379808 0.27163462 0.01923077 0.02403846
0 0.39423077 0.26682692 0.02043269 0.03485577
0 0.37860577 0.20192308 0.01923077 0.03485577
0 0.81610577 0.80288462 0.02644231 0.04086538
0 0.82451923 0.54326923 0.01081731 0.02524038
0 0.80889423 0.49278846 0.01923077 0.02764423
0 0.56129808 0.14302885 0.01201923 0.03725962
0 0.87139423 0.15865385 0.01923077 0.02764423
0 0.84254808 0.76201923 0.02764423 0.05168269
0 0.84975962 0.15504808 0.01682692 0.03485577
0 0.89903846 0.92427885 0.03846154 0.03125000
0 0.93149038 0.89182692 0.02764423 0.03846154
0 0.93149038 0.63100962 0.01923077 0.06971154
0 0.95192308 0.64903846 0.01923077 0.04687500
0 0.95673077 0.92548077 0.02043269 0.03485577
0 0.47716346 0.02524038 0.01682692 0.05048077
