0 0.43149038 0.96394231 0.01201923 0.03004808
0 0.44711538 0.88461538 0.01562500 0.04687500
0 0.13461538 0.83894231 0.01682692 0.03125000
0 0.15865385 0.87139423 0.01562500 0.02644231
0 0.77884615 0.61538462 0.01562500 0.02644231
0 0.77644231 0.63461538 0.01201923 0.03245192
0 0.16826923 0.64903846 0.01682692 0.03485577
0 0.56370192 0.63581731 0.01201923 0.02644231
0 0.27764423 0.83413462 0.01923077 0.03245192
0 0.25360577 0.74759615 0.01442308 0.02403846
0 0.20552885 0.77403846 0.01682692 0.04206731
0 0.27644231 0.72235577 0.01562500 0.03605769
0 0.27764423 0.65384615 0.01562500 0.03125000
0 0.59975962 0.42187500 0.01562500 0.03485577
0 0.56850962 0.43389423 0.01923077 0.04567308
0 0.33774038 0.34735577 0.01923077 0.03605769
0 0.57812500 0.37500000 0.01682692 0.02163462
0 0.35576923 0.36778846 0.01682692 0.03004808
0 0.34014423 0.30408654 0.02043269 0.03846154
0 0.77163462 0.90985577 0.03846154 0.03485577
0 0.78365385 0.64182692 0.01081731 0.02644231
0 0.76923077 0.59134615 0.01923077 0.02764423
0 0.52884615 0.23677885 0.01201923 0.03725962
0 0.83173077 0.25600962 0.02043269 0.03004808
0 0.80528846 0.86298077 0.02764423 0.03245192
0 0.80889423 0.25600962 0.01682692 0.03245192
0 0.89182692 0.98317308 0.04206731 0.03245192
0 0.89062500 0.73918269 0.01923077 0.04687500
0 0.91225962 0.75600962 0.01923077 0.04687500
0 0.43870192 0.11778846 0.01682692 0.05048077
0 0.39423077 0.01201923 0.02524038 0.02403846
0 0.77163462 0.02884615 0.02644231 0.03846154
