0 0.00480769 0.33293269 0.00961538 0.04567308
0 0.20793269 0.25000000 0.01262019 0.04206731
0 0.53725962 0.27644231 0.02163462 0.03305288
0 0.51081731 0.27764423 0.01802885 0.03185096
0 0.11057692 0.11658654 0.02163462 0.05468750
0 0.06009615 0.01081731 0.02884615 0.02163462
0 0.46754808 0.02403846 0.03125000 0.04807692
0 0.04206731 0.95432692 0.02283654 0.03906250
0 0.04687500 0.92668269 0.02043269 0.02704327
0 0.09855769 0.93870192 0.02163462 0.03485577
0 0.25000000 0.87259615 0.02103365 0.02884615
0 0.07091346 0.64182692 0.02043269 0.03906250
0 0.06370192 0.67307692 0.01742788 0.03245192
0 0.52524038 0.62019231 0.01802885 0.03365385
0 0.53245192 0.59375000 0.02524038 0.03906250
0 0.55408654 0.60697115 0.01923077 0.03786058
0 0.14663462 0.43389423 0.01923077 0.04507212
0 0.27644231 0.44350962 0.02163462 0.04146635
0 0.76562500 0.74879808 0.01742788 0.03665865
0 0.79447115 0.72716346 0.01622596 0.02704327
0 0.99038462 0.59975962 0.01923077 0.04567308
0 0.72716346 0.62019231 0.01322115 0.03485577
0 0.70192308 0.63341346 0.01502404 0.03185096
0 0.95312500 0.50240385 0.01923077 0.03966346
0 0.66586538 0.54807692 0.03605769 0.03605769
0 0.61778846 0.50961538 0.01742788 0.02524038
0 0.64663462 0.50360577 0.01802885 0.02584135
0 0.97475962 0.43629808 0.03125000 0.04627404
