0 0.32091346 0.58413462 0.01682692 0.00961538
0 0.00480769 0.34495192 0.00961538 0.05528846
0 0.25240385 0.25961538 0.02343750 0.04026442
0 0.23317308 0.27043269 0.02043269 0.03185096
0 0.25120192 0.21033654 0.02223558 0.04326923
0 0.03725962 0.12259615 0.01682692 0.04266827
0 0.13581731 0.00721154 0.02163462 0.01442308
0 0.99399038 0.43509615 0.01201923 0.02884615
0 0.90985577 0.41225962 0.02403846 0.02644231
0 0.86658654 0.18149038 0.01502404 0.04026442
0 0.81730769 0.17067308 0.02043269 0.03064904
0 0.75600962 0.16466346 0.01442308 0.02644231
0 0.63701923 0.14543269 0.01562500 0.02704327
0 0.63461538 0.11418269 0.01622596 0.02644231
0 0.60576923 0.40625000 0.02163462 0.05168269
0 0.59615385 0.34855769 0.01682692 0.03425481
0 0.62620192 0.47115385 0.01322115 0.02403846
0 0.61538462 0.46394231 0.01081731 0.01923077
0 0.62019231 0.44951923 0.01562500 0.02043269
0 0.75360577 0.44951923 0.01802885 0.04807692
0 0.49038462 0.48798077 0.03004808 0.04867788
0 0.59014423 0.23557692 0.01201923 0.02283654
0 0.43990385 0.49278846 0.01201923 0.03605769
0 0.82451923 0.28485577 0.01201923 0.02043269
0 0.39423077 0.38822115 0.01923077 0.02764423
0 0.57692308 0.24879808 0.01201923 0.01923077
0 0.83533654 0.28966346 0.01081731 0.01682692
0 0.18269231 0.62740385 0.01141827 0.01923077
0 0.17548077 0.63221154 0.00721154 0.01502404
0 0.19350962 0.62139423 0.00901442 0.01442308
0 0.10216346 0.66346154 0.00781250 0.02343750
0 0.09014423 0.67788462 0.00901442 0.02343750
0 0.05168269 0.62259615 0.01562500 0.02043269
0 0.03725962 0.63822115 0.01262019 0.02103365
0 0.03846154 0.66225962 0.01562500 0.02343750
0 0.06490385 0.63100962 0.00841346 0.01442308
