0 0.05649038 0.31129808 0.01622596 0.04086538
0 0.37019231 0.33774038 0.02403846 0.02163462
0 0.34134615 0.33533654 0.02403846 0.02644231
0 0.29807692 0.07692308 0.03425481 0.05288462
0 0.32572115 0.77283654 0.02704327 0.02584135
0 0.60456731 0.80168269 0.01622596 0.02163462
0 0.61778846 0.87500000 0.01081731 0.02403846
0 0.57451923 0.67668269 0.00961538 0.02163462
0 0.61658654 0.75600962 0.01382212 0.02644231
0 0.72355769 0.66346154 0.01983173 0.02584135
0 0.71153846 0.69110577 0.01622596 0.03846154
0 0.75360577 0.66225962 0.01742788 0.02644231
0 0.69711538 0.66225962 0.01442308 0.02584135
0 0.69230769 0.57331731 0.01382212 0.02103365
0 0.68149038 0.55528846 0.01862981 0.02764423
0 0.60336538 0.60817308 0.01622596 0.02764423
0 0.60216346 0.50961538 0.01802885 0.03846154
0 0.62860577 0.44110577 0.01622596 0.02103365
0 0.62379808 0.47235577 0.02103365 0.03605769
0 0.76442308 0.41225962 0.02584135 0.05949519
0 0.60937500 0.88221154 0.01201923 0.02163462
0 0.72836538 0.75360577 0.01682692 0.02043269
0 0.59375000 0.87259615 0.00480769 0.01562500
