0 0.53485577 0.81850962 0.01562500 0.03245192
0 0.50480769 0.83173077 0.01562500 0.04567308
0 0.27764423 0.71995192 0.01923077 0.03605769
0 0.51201923 0.76923077 0.01562500 0.02764423
0 0.28485577 0.76682692 0.01682692 0.03004808
0 0.27283654 0.75120192 0.01442308 0.02764423
0 0.48076923 0.62860577 0.01201923 0.03725962
0 0.77163462 0.66105769 0.02043269 0.03125000
0 0.74639423 0.65985577 0.02043269 0.03485577
0 0.38100962 0.51322115 0.01682692 0.03485577
0 0.33533654 0.39062500 0.02163462 0.03846154
0 0.70552885 0.41225962 0.03004808 0.04807692
0 0.12620192 0.39543269 0.01562500 0.06370192
0 0.01682692 0.41586538 0.02403846 0.04567308
0 0.39663462 0.26682692 0.01201923 0.03125000
0 0.04447115 0.16706731 0.01923077 0.03125000
0 0.03725962 0.12860577 0.02163462 0.03605769
0 0.05048077 0.13341346 0.01562500 0.03605769
0 0.59615385 0.10697115 0.02043269 0.04326923
0 0.98437500 0.62740385 0.03125000 0.05769231
0 0.01442308 0.07812500 0.02524038 0.04326923
0 0.57932692 0.07331731 0.01682692 0.02644231
0 0.45913462 0.04326923 0.01201923 0.02764423
