0 0.15384615 0.61658654 0.01502404 0.03125000
0 0.47475962 0.63581731 0.02644231 0.00721154
0 0.44230769 0.63221154 0.02403846 0.01442308
0 0.03846154 0.47836538 0.01923077 0.03846154
0 0.00240385 0.35817308 0.00480769 0.04326923
0 0.39663462 0.38461538 0.03545673 0.05468750
0 0.05889423 0.21274038 0.01562500 0.03545673
0 0.27644231 0.03966346 0.02704327 0.04927885
0 0.26081731 0.00721154 0.02163462 0.01442308
0 0.87139423 0.51682692 0.01682692 0.02884615
0 0.86418269 0.50961538 0.01802885 0.03725962
0 0.63341346 0.50600962 0.01682692 0.02884615
0 0.66947115 0.26802885 0.01802885 0.03846154
0 0.63221154 0.28605769 0.02223558 0.05168269
0 0.64783654 0.22115385 0.02043269 0.02524038
0 0.86298077 0.49038462 0.01562500 0.02884615
0 0.85336538 0.46634615 0.01983173 0.03004808
0 0.59134615 0.06370192 0.01802885 0.04146635
0 0.92668269 0.09014423 0.02223558 0.03185096
0 0.89903846 0.08774038 0.02043269 0.03605769
0 0.98918269 0.61899038 0.02163462 0.04086538
0 0.15625000 0.68509615 0.01442308 0.01983173
0 0.15625000 0.73197115 0.00901442 0.02223558
0 0.15625000 0.71033654 0.00901442 0.02103365
0 0.17427885 0.67668269 0.01622596 0.02704327
0 0.02403846 0.66586538 0.01562500 0.04266827
0 0.23918269 0.91466346 0.02764423 0.03605769
0 0.27283654 0.73557692 0.02644231 0.03245192
0 0.31370192 0.73798077 0.02283654 0.02644231
0 0.37980769 0.65024038 0.01923077 0.02163462
0 0.06370192 0.99759615 0.01201923 0.00480769
0 0.46634615 0.87740385 0.01442308 0.02884615
0 0.52043269 0.71875000 0.01201923 0.02644231
0 0.68269231 0.96394231 0.01802885 0.03425481
0 0.94230769 0.92548077 0.01562500 0.02884615
0 0.96754808 0.91105769 0.01682692 0.04326923
0 0.90144231 0.80769231 0.01502404 0.03425481
0 0.87740385 0.81850962 0.01502404 0.03185096
0 0.85216346 0.72956731 0.03665865 0.03305288
0 0.75240385 0.70192308 0.01562500 0.02884615
0 0.79206731 0.68990385 0.01923077 0.04747596
0 0.82451923 0.68509615 0.02043269 0.02884615
