0 0.04807692 0.62259615 0.01682692 0.03485577
0 0.08052885 0.62500000 0.01682692 0.04807692
0 0.32451923 0.50721154 0.02223558 0.03846154
0 0.07331731 0.56129808 0.01923077 0.03004808
0 0.32091346 0.57211538 0.01923077 0.03064904
0 0.32692308 0.54567308 0.01622596 0.02944712
0 0.10336538 0.41826923 0.01742788 0.03064904
0 0.21394231 0.28365385 0.01983173 0.03786058
0 0.26081731 0.16586538 0.02403846 0.04447115
0 0.19831731 0.02403846 0.01262019 0.03725962
0 0.48437500 0.16706731 0.02524038 0.03786058
0 0.55168269 0.43870192 0.02343750 0.04627404
0 0.55769231 0.48557692 0.01201923 0.03305288
0 0.53245192 0.62980769 0.00721154 0.03846154
0 0.59134615 0.55168269 0.01622596 0.02584135
0 0.60456731 0.53245192 0.01382212 0.03064904
0 0.57451923 0.35576923 0.01802885 0.03064904
0 0.58293269 0.36658654 0.01802885 0.02524038
0 0.87259615 0.29326923 0.01322115 0.02403846
0 0.55769231 0.96875000 0.04086538 0.04507212
