0 0.26562500 0.90985577 0.01923077 0.03605769
0 0.49639423 0.95432692 0.01562500 0.02644231
0 0.26923077 0.96394231 0.01562500 0.02764423
0 0.26201923 0.94471154 0.01442308 0.02764423
0 0.47235577 0.82451923 0.01442308 0.03004808
0 0.76442308 0.85216346 0.02043269 0.03125000
0 0.73437500 0.85456731 0.02163462 0.03725962
0 0.36778846 0.69711538 0.01682692 0.03485577
0 0.32692308 0.58894231 0.02163462 0.04206731
0 0.69350962 0.59615385 0.03004808 0.04807692
0 0.01081731 0.60576923 0.02163462 0.04687500
0 0.38461538 0.45673077 0.01442308 0.03485577
0 0.03245192 0.36418269 0.02043269 0.03125000
0 0.02163462 0.32692308 0.02163462 0.03605769
0 0.04206731 0.31850962 0.02043269 0.04326923
0 0.58413462 0.29447115 0.02043269 0.04326923
0 0.97235577 0.82451923 0.03605769 0.03125000
0 0.00961538 0.26923077 0.01923077 0.04326923
0 0.56971154 0.26802885 0.01682692 0.02764423
0 0.44831731 0.23557692 0.01201923 0.01923077
0 0.11778846 0.59375000 0.02163462 0.03245192
0 0.52283654 0.99519231 0.00721154 0.00961538
0 0.02163462 0.03485577 0.01201923 0.03125000
0 0.04927885 0.03245192 0.02163462 0.03485577
0 0.23798077 0.03125000 0.02403846 0.06250000
0 0.63100962 0.01802885 0.02043269 0.03605769
