0 0.21995192 0.37980769 0.02764423 0.04867788
0 0.62379808 0.38461538 0.03125000 0.04807692
0 0.28365385 0.23437500 0.01742788 0.03846154
0 0.50360577 0.05408654 0.02463942 0.04927885
0 0.48798077 0.02403846 0.01923077 0.03004808
0 0.84975962 0.27283654 0.03064904 0.05048077
0 0.00600962 0.43269231 0.01201923 0.04326923
0 0.05288462 0.42788462 0.01802885 0.03004808
0 0.11057692 0.44230769 0.01983173 0.03305288
0 0.23197115 0.41225962 0.01682692 0.00721154
0 0.25000000 0.69110577 0.01442308 0.01802885
0 0.26923077 0.59254808 0.01502404 0.02644231
0 0.25120192 0.73677885 0.01262019 0.02103365
0 0.25120192 0.71514423 0.01262019 0.02103365
0 0.27043269 0.68509615 0.01622596 0.03425481
0 0.12019231 0.67668269 0.01742788 0.04507212
0 0.34375000 0.91947115 0.03064904 0.03665865
0 0.37139423 0.73677885 0.02163462 0.04326923
0 0.29567308 0.48557692 0.01141827 0.02343750
0 0.41586538 0.74879808 0.01682692 0.03004808
0 0.03966346 0.54807692 0.01141827 0.01502404
0 0.47596154 0.65024038 0.01983173 0.02103365
0 0.28245192 0.47716346 0.00721154 0.02403846
0 0.15985577 0.99759615 0.01201923 0.00480769
0 0.03125000 0.55528846 0.01562500 0.02764423
0 0.56250000 0.87860577 0.01081731 0.02884615
0 0.61778846 0.71875000 0.01081731 0.02644231
0 0.67067308 0.57572115 0.01442308 0.02644231
0 0.71995192 0.57932692 0.01201923 0.02403846
0 0.74759615 0.53004808 0.01442308 0.01682692
0 0.68750000 0.60456731 0.00841346 0.01682692
0 0.21754808 0.53485577 0.01201923 0.02043269
0 0.79086538 0.71875000 0.02403846 0.06250000
