0 0.26682692 0.96394231 0.01923077 0.03605769
0 0.49278846 0.99038462 0.01442308 0.01923077
0 0.47235577 0.87379808 0.01442308 0.03125000
0 0.75841346 0.90745192 0.02043269 0.03004808
0 0.73076923 0.90024038 0.02163462 0.03846154
0 0.36418269 0.75120192 0.01682692 0.03485577
0 0.32572115 0.64302885 0.02163462 0.03846154
0 0.68990385 0.65024038 0.02644231 0.03125000
0 0.01081731 0.66346154 0.02163462 0.04687500
0 0.38221154 0.51923077 0.01442308 0.03605769
0 0.03004808 0.42548077 0.02043269 0.03245192
0 0.02163462 0.37379808 0.02163462 0.03605769
0 0.04086538 0.36899038 0.02043269 0.04326923
0 0.58173077 0.35336538 0.01923077 0.04086538
0 0.96875000 0.87379808 0.03125000 0.03605769
0 0.00961538 0.32451923 0.01923077 0.04567308
0 0.56610577 0.32812500 0.01923077 0.03004808
0 0.44591346 0.29086538 0.01201923 0.01923077
0 0.11658654 0.64663462 0.02163462 0.03245192
0 0.52163462 0.99399038 0.00721154 0.00961538
0 0.02403846 0.02764423 0.01201923 0.03125000
0 0.04927885 0.08533654 0.02163462 0.03485577
0 0.23437500 0.08774038 0.02163462 0.05889423
0 0.63100962 0.06971154 0.02043269 0.03605769
0 0.51442308 0.01682692 0.02403846 0.03245192
0 0.01923077 0.08293269 0.01201923 0.02524038
0 0.02524038 0.05649038 0.02043269 0.03245192
0 0.26081731 0.99278846 0.01562500 0.01442308
