0 0.36057692 0.88100962 0.01562500 0.03245192
0 0.32211538 0.77524038 0.02163462 0.03846154
0 0.68629808 0.77163462 0.02764423 0.03485577
0 0.00841346 0.79086538 0.01682692 0.04687500
0 0.37379808 0.64423077 0.01442308 0.03605769
0 0.02764423 0.54807692 0.02043269 0.04086538
0 0.01682692 0.50120192 0.02163462 0.03605769
0 0.03605769 0.49399038 0.02403846 0.04326923
0 0.57451923 0.48076923 0.01923077 0.03846154
0 0.01201923 0.45312500 0.02403846 0.04567308
0 0.56009615 0.46153846 0.01923077 0.03004808
0 0.44110577 0.41947115 0.01201923 0.01923077
0 0.11177885 0.77283654 0.02163462 0.03125000
0 0.04567308 0.21153846 0.02043269 0.03125000
0 0.23317308 0.22355769 0.02043269 0.05649038
0 0.62500000 0.19591346 0.02043269 0.03605769
0 0.50600962 0.14302885 0.02403846 0.03725962
0 0.01923077 0.20673077 0.01201923 0.02644231
0 0.02163462 0.18870192 0.02163462 0.03485577
0 0.19951923 0.10697115 0.02163462 0.03725962
0 0.99038462 0.27764423 0.01923077 0.06850962
0 0.99158654 0.63822115 0.01562500 0.03245192
0 0.83533654 0.04206731 0.02524038 0.05889423
