0 0.26322115 0.32812500 0.02163462 0.04086538
0 0.25240385 0.31009615 0.02163462 0.03064904
0 0.12620192 0.26923077 0.01322115 0.01983173
0 0.31129808 0.04567308 0.02343750 0.03605769
0 0.19471154 0.00480769 0.02403846 0.00961538
0 0.66706731 0.34134615 0.01682692 0.01442308
0 0.90264423 0.31610577 0.01742788 0.02644231
0 0.92668269 0.30408654 0.01562500 0.04026442
0 0.86658654 0.20913462 0.01442308 0.03245192
0 0.84495192 0.21875000 0.01682692 0.03064904
0 0.82091346 0.13822115 0.03245192 0.03185096
0 0.73076923 0.11298077 0.01322115 0.02524038
0 0.76682692 0.10216346 0.01502404 0.04146635
0 0.79567308 0.09735577 0.01622596 0.02403846
0 0.46514423 0.56730769 0.01201923 0.02884615
