0 0.32451923 0.43389423 0.02884615 0.03125000
0 0.01081731 0.31730769 0.01862981 0.03605769
0 0.21274038 0.14783654 0.01923077 0.03786058
0 0.20312500 0.12860577 0.02223558 0.03305288
0 0.07451923 0.08413462 0.01322115 0.01983173
0 0.82331731 0.27163462 0.01742788 0.04387019
0 0.79447115 0.25721154 0.01622596 0.02944712
0 0.85096154 0.20072115 0.01562500 0.02764423
0 0.85336538 0.17548077 0.01141827 0.02403846
0 0.88822115 0.16346154 0.01442308 0.03245192
0 0.88461538 0.30288462 0.01442308 0.02463942
0 0.96033654 0.38822115 0.01682692 0.03064904
0 0.82812500 0.12379808 0.01201923 0.02043269
0 0.57572115 0.84975962 0.01442308 0.02584135
0 0.65264423 0.83894231 0.01201923 0.02283654
0 0.68870192 0.63822115 0.02283654 0.05528846
0 0.73918269 0.62139423 0.01742788 0.02524038
0 0.79807692 0.59735577 0.01562500 0.02524038
0 0.89543269 0.59375000 0.01201923 0.01983173
0 0.90024038 0.56610577 0.02163462 0.02704327
0 0.94110577 0.48076923 0.01622596 0.02463942
0 0.92908654 0.45192308 0.01682692 0.00480769
0 0.91225962 0.80528846 0.01682692 0.03064904
0 0.93629808 0.77764423 0.01442308 0.02884615
0 0.92668269 0.87139423 0.01682692 0.02764423
0 0.90024038 0.88100962 0.01682692 0.03665865
0 0.91225962 0.84975962 0.01682692 0.02163462
0 0.78846154 0.87620192 0.01322115 0.02103365
0 0.72355769 0.72716346 0.01081731 0.01923077
0 0.94110577 0.71033654 0.00961538 0.01682692
