0 0.37139423 0.89182692 0.01562500 0.03846154
0 0.02403846 0.79326923 0.02043269 0.04086538
0 0.01081731 0.75360577 0.02163462 0.03846154
0 0.02764423 0.73317308 0.02163462 0.03846154
0 0.56610577 0.72716346 0.01682692 0.03605769
0 0.01201923 0.68870192 0.02403846 0.04326923
0 0.55649038 0.70312500 0.01562500 0.03485577
0 0.43028846 0.66826923 0.01442308 0.03125000
0 0.05288462 0.45192308 0.02043269 0.03125000
0 0.22836538 0.48076923 0.02043269 0.05649038
0 0.61177885 0.44831731 0.02043269 0.03605769
0 0.50120192 0.38461538 0.02403846 0.03846154
0 0.01923077 0.45432692 0.01201923 0.02644231
0 0.02163462 0.42908654 0.02043269 0.02163462
0 0.18990385 0.35697115 0.02163462 0.03605769
0 0.99038462 0.52884615 0.01923077 0.07692308
0 0.98437500 0.88100962 0.03125000 0.05048077
0 0.82572115 0.27644231 0.02403846 0.04567308
0 0.75841346 0.23076923 0.02403846 0.06850962
0 0.05168269 0.23798077 0.02524038 0.03485577
0 0.00961538 0.20312500 0.01923077 0.04086538
0 0.51923077 0.12620192 0.02043269 0.03846154
0 0.54326923 0.12620192 0.01923077 0.02644231
0 0.43028846 0.03605769 0.01562500 0.03004808
0 0.43629808 0.00841346 0.01081731 0.01682692
