0 0.42427885 0.56129808 0.02163462 0.03605769
0 0.07812500 0.44110577 0.02283654 0.03846154
0 0.14663462 0.39062500 0.02584135 0.05048077
0 0.40384615 0.28125000 0.02103365 0.03906250
0 0.37980769 0.28125000 0.01923077 0.02463942
0 0.49879808 0.19471154 0.01802885 0.03245192
0 0.49639423 0.15985577 0.02343750 0.02223558
0 0.52043269 0.14543269 0.02283654 0.03545673
0 0.99158654 0.37500000 0.01682692 0.03846154
0 0.99639423 0.35456731 0.00721154 0.03605769
0 0.94711538 0.08052885 0.02403846 0.03966346
0 0.55408654 0.16947115 0.01201923 0.06971154
0 0.55889423 0.54687500 0.02163462 0.05048077
0 0.02524038 0.83774038 0.05048077 0.05048077
