0 0.05408654 0.90625000 0.01923077 0.03125000
0 0.23437500 0.96394231 0.02163462 0.06971154
0 0.59014423 0.91586538 0.01562500 0.02764423
0 0.49519231 0.85216346 0.01201923 0.02043269
0 0.02043269 0.89783654 0.02403846 0.03004808
0 0.01682692 0.92548077 0.01923077 0.02163462
0 0.14663462 0.83774038 0.02043269 0.03485577
0 0.81610577 0.74399038 0.02163462 0.03725962
0 0.75721154 0.71634615 0.02403846 0.04687500
0 0.02043269 0.71634615 0.02163462 0.02163462
0 0.00721154 0.67067308 0.01442308 0.03846154
0 0.51802885 0.59014423 0.01682692 0.03125000
0 0.53605769 0.59014423 0.01562500 0.02644231
0 0.43028846 0.51442308 0.01682692 0.03125000
0 0.43389423 0.48317308 0.01562500 0.02403846
0 0.40504808 0.46634615 0.01682692 0.03846154
0 0.29567308 0.38100962 0.02043269 0.03725962
0 0.20913462 0.40264423 0.02043269 0.03485577
0 0.17668269 0.37500000 0.03125000 0.03125000
0 0.72475962 0.29807692 0.02403846 0.03485577
0 0.12379808 0.33052885 0.02043269 0.04086538
0 0.18149038 0.35096154 0.01923077 0.03004808
0 0.10817308 0.29567308 0.02163462 0.03605769
0 0.00360577 0.26201923 0.00600962 0.02644231
0 0.49399038 0.87620192 0.01201923 0.02644231
0 0.03846154 0.14062500 0.02403846 0.03125000
0 0.16586538 0.13701923 0.01923077 0.03125000
0 0.11778846 0.00721154 0.01442308 0.01442308
0 0.11658654 0.05288462 0.01923077 0.03846154
0 0.23437500 0.02163462 0.02043269 0.04326923
