0 0.37620192 0.16105769 0.01983173 0.03425481
0 0.38341346 0.11658654 0.01682692 0.02403846
0 0.35336538 0.09615385 0.02283654 0.03906250
0 0.24038462 0.01081731 0.02403846 0.02163462
0 0.13942308 0.03365385 0.02163462 0.03725962
0 0.10697115 0.01081731 0.03605769 0.02163462
0 0.16346154 0.98076923 0.01201923 0.02463942
0 0.47596154 0.52043269 0.01322115 0.02403846
0 0.58894231 0.47115385 0.01622596 0.02463942
0 0.58653846 0.50480769 0.01502404 0.02343750
0 0.63341346 0.35576923 0.01201923 0.01442308
0 0.61899038 0.76201923 0.02764423 0.05528846
0 0.62500000 0.68629808 0.01622596 0.03305288
0 0.59495192 0.81490385 0.01262019 0.02403846
0 0.60697115 0.80048077 0.01201923 0.01923077
0 0.60096154 0.78605769 0.01382212 0.01923077
0 0.47596154 0.78004808 0.02223558 0.05108173
0 0.69831731 0.98437500 0.03125000 0.03125000
0 0.72475962 0.82572115 0.02163462 0.03485577
0 0.63221154 0.58653846 0.01322115 0.02283654
0 0.76923077 0.82932692 0.01201923 0.03004808
0 0.81730769 0.73197115 0.01802885 0.02644231
0 0.64423077 0.59014423 0.00841346 0.01802885
0 0.89783654 0.95552885 0.02163462 0.03605769
0 0.95432692 0.80168269 0.01442308 0.03004808
0 0.95552885 0.47355769 0.01682692 0.03125000
0 0.99759615 0.66706731 0.00480769 0.03125000
