0 0.21634615 0.22956731 0.02884615 0.03966346
0 0.52043269 0.55528846 0.01682692 0.02824519
0 0.43870192 0.53846154 0.01201923 0.02764423
0 0.15024038 0.50721154 0.01622596 0.03425481
0 0.12500000 0.47115385 0.01622596 0.03004808
0 0.13822115 0.57331731 0.01862981 0.03185096
0 0.16225962 0.58533654 0.02043269 0.04326923
0 0.15144231 0.54927885 0.02043269 0.02403846
0 0.28485577 0.57932692 0.01742788 0.02403846
0 0.23798077 0.87980769 0.01622596 0.02764423
0 0.03125000 0.78004808 0.02043269 0.04326923
0 0.00841346 0.60456731 0.01682692 0.03605769
0 0.11778846 0.39423077 0.00841346 0.01682692
0 0.85697115 0.60096154 0.03125000 0.05649038
0 0.85336538 0.49879808 0.03305288 0.04086538
