0 0.81850962 0.93028846 0.02163462 0.03725962
0 0.75961538 0.91466346 0.01923077 0.03485577
0 0.00961538 0.90865385 0.01923077 0.02403846
0 0.00600962 0.85336538 0.01081731 0.03125000
0 0.51802885 0.77884615 0.01562500 0.03125000
0 0.54086538 0.77764423 0.01682692 0.02644231
0 0.42788462 0.71394231 0.01923077 0.03245192
0 0.42908654 0.66947115 0.01562500 0.02403846
0 0.40504808 0.65024038 0.02163462 0.02764423
0 0.29447115 0.56250000 0.01923077 0.03485577
0 0.20192308 0.59975962 0.02043269 0.03485577
0 0.16706731 0.56850962 0.03245192 0.02644231
0 0.72235577 0.48557692 0.02403846 0.03485577
0 0.12379808 0.51923077 0.02043269 0.04206731
0 0.17067308 0.55408654 0.02043269 0.02764423
0 0.11057692 0.48437500 0.02163462 0.03485577
0 0.02524038 0.32932692 0.02043269 0.02764423
0 0.16346154 0.32932692 0.01923077 0.03125000
0 0.11538462 0.24639423 0.01923077 0.03846154
0 0.00600962 0.60336538 0.01201923 0.03605769
0 0.23317308 0.18990385 0.01081731 0.06250000
0 0.21274038 0.12139423 0.00600962 0.02403846
0 0.25600962 0.11899038 0.02163462 0.04326923
0 0.73317308 0.06610577 0.01562500 0.03004808
0 0.73798077 0.02764423 0.02644231 0.03245192
0 0.83173077 0.02163462 0.01682692 0.04206731
0 0.17307692 0.02403846 0.03605769 0.04687500
