0 0.27884615 0.54206731 0.02103365 0.03725962
0 0.28485577 0.61298077 0.01923077 0.02584135
0 0.30528846 0.53004808 0.01923077 0.03125000
0 0.41706731 0.43629808 0.02043269 0.03545673
0 0.51682692 0.48076923 0.00480769 0.03846154
0 0.48557692 0.04206731 0.01201923 0.06550481
0 0.76322115 0.08052885 0.01382212 0.02223558
0 0.78605769 0.22115385 0.01622596 0.02463942
0 0.73557692 0.05288462 0.01502404 0.03846154
0 0.72235577 0.06490385 0.00901442 0.02343750
0 0.54927885 0.25360577 0.01562500 0.02343750
0 0.61177885 0.25841346 0.01081731 0.01682692
0 0.26802885 0.93629808 0.02283654 0.03125000
