0 0.32812500 0.58413462 0.01262019 0.02403846
0 0.18990385 0.49759615 0.01502404 0.01983173
0 0.17668269 0.51562500 0.01502404 0.02103365
0 0.27884615 0.33774038 0.01382212 0.02403846
0 0.28365385 0.35456731 0.01622596 0.02704327
0 0.30889423 0.28365385 0.01262019 0.01983173
0 0.30288462 0.25480769 0.01021635 0.01862981
0 0.31009615 0.25841346 0.00901442 0.02103365
0 0.31850962 0.21394231 0.01262019 0.02824519
0 0.37259615 0.08653846 0.01742788 0.03365385
0 0.16826923 0.20432692 0.01382212 0.01502404
0 0.17187500 0.17187500 0.01141827 0.01622596
0 0.20192308 0.13461538 0.01021635 0.01442308
0 0.19471154 0.09615385 0.00901442 0.01021635
0 0.19951923 0.05528846 0.01382212 0.01983173
0 0.15985577 0.13822115 0.01141827 0.02403846
0 0.14783654 0.18028846 0.01382212 0.01923077
0 0.11177885 0.06730769 0.01562500 0.02403846
0 0.08413462 0.00721154 0.01923077 0.01442308
0 0.07211538 0.05769231 0.01141827 0.02403846
0 0.00721154 0.22716346 0.01442308 0.02163462
0 0.00240385 0.20793269 0.00480769 0.02163462
0 0.99759615 0.57331731 0.00480769 0.03605769
0 0.62139423 0.30769231 0.01983173 0.03425481
0 0.56250000 0.26562500 0.01502404 0.03185096
0 0.80288462 0.22956731 0.01622596 0.02704327
0 0.82812500 0.21995192 0.01382212 0.03846154
0 0.76442308 0.11658654 0.01442308 0.03185096
0 0.74038462 0.13221154 0.01682692 0.03064904
0 0.97956731 0.03485577 0.01742788 0.03665865
0 0.71634615 0.04326923 0.03305288 0.02944712
0 0.58293269 0.32932692 0.01923077 0.03365385
0 0.62860577 0.01322115 0.01682692 0.02644231
0 0.66466346 0.01322115 0.01682692 0.02644231
0 0.69230769 0.00600962 0.01923077 0.01201923
0 0.27403846 0.97716346 0.01442308 0.03665865
0 0.29687500 0.95312500 0.01382212 0.02403846
0 0.23197115 0.85216346 0.01382212 0.03185096
0 0.20673077 0.86658654 0.01382212 0.02884615
0 0.16466346 0.78365385 0.01742788 0.02524038
0 0.09375000 0.78125000 0.01382212 0.02824519
0 0.12259615 0.76201923 0.01682692 0.02524038
0 0.15144231 0.75000000 0.01862981 0.02824519
0 0.84615385 0.99158654 0.01442308 0.01682692
0 0.82812500 0.94831731 0.01622596 0.02584135
0 0.75961538 0.92067308 0.02163462 0.03545673
0 0.78846154 0.86899038 0.01742788 0.02884615
0 0.76802885 0.90504808 0.01862981 0.03665865
0 0.83533654 0.78245192 0.01622596 0.02403846
0 0.91105769 0.82692308 0.01983173 0.04266827
0 0.80408654 0.76322115 0.01742788 0.03185096
0 0.70072115 0.93028846 0.00961538 0.01923077
0 0.68509615 0.95072115 0.01021635 0.02103365
0 0.68990385 0.90504808 0.01442308 0.02103365
