0 0.44951923 0.04326923 0.00961538 0.01923077
0 0.45673077 0.04326923 0.00721154 0.02043269
0 0.48076923 0.15144231 0.01201923 0.02163462
0 0.46033654 0.28485577 0.01201923 0.02163462
0 0.50721154 0.12620192 0.01201923 0.03605769
0 0.52043269 0.13701923 0.00721154 0.02163462
0 0.53966346 0.04567308 0.01201923 0.02163462
0 0.52403846 0.01442308 0.00961538 0.01923077
0 0.58293269 0.01442308 0.01562500 0.01682692
0 0.68389423 0.31610577 0.01442308 0.02163462
0 0.62500000 0.31971154 0.00961538 0.01562500
0 0.73076923 0.06850962 0.00721154 0.03125000
0 0.77524038 0.22596154 0.00961538 0.02043269
0 0.80769231 0.16105769 0.01201923 0.02524038
0 0.82211538 0.13942308 0.01081731 0.02163462
0 0.94471154 0.08173077 0.01201923 0.01562500
0 0.95312500 0.09975962 0.01081731 0.01923077
0 0.94110577 0.25240385 0.00721154 0.02163462
0 0.96153846 0.25600962 0.00961538 0.01442308
0 0.85456731 0.42427885 0.01081731 0.03125000
0 0.86658654 0.41826923 0.01081731 0.03004808
0 0.96394231 0.39663462 0.00721154 0.01201923
0 0.96754808 0.42187500 0.01201923 0.02644231
0 0.98317308 0.41947115 0.01201923 0.01923077
0 0.80288462 0.46995192 0.01081731 0.02043269
0 0.86298077 0.52283654 0.01081731 0.02403846
0 0.87620192 0.56610577 0.00961538 0.01923077
