0 0.10096154 0.23677885 0.01923077 0.06730769
0 0.14423077 0.23798077 0.01201923 0.02403846
0 0.13100962 0.08894231 0.01923077 0.03125000
0 0.14663462 0.08774038 0.01562500 0.02764423
0 0.26201923 0.29567308 0.01923077 0.02764423
0 0.39182692 0.21153846 0.01201923 0.02644231
0 0.25961538 0.40504808 0.02043269 0.02644231
0 0.38942308 0.37379808 0.02043269 0.03004808
0 0.32451923 0.72596154 0.01923077 0.02764423
0 0.32211538 0.74879808 0.01562500 0.02764423
0 0.16225962 0.77764423 0.01923077 0.02764423
0 0.12620192 0.88221154 0.01682692 0.04206731
0 0.47235577 0.84375000 0.02403846 0.03485577
0 0.48798077 0.83413462 0.01442308 0.02764423
0 0.49399038 0.54206731 0.01923077 0.02043269
0 0.70312500 0.60937500 0.01923077 0.02764423
0 0.68389423 0.65745192 0.01562500 0.03605769
0 0.74038462 0.63341346 0.01923077 0.03846154
0 0.77163462 0.57692308 0.02764423 0.03245192
0 0.77524038 0.63942308 0.01682692 0.05168269
0 0.76322115 0.72115385 0.02043269 0.03846154
0 0.72235577 0.69350962 0.01923077 0.03245192
