0 0.01081731 0.14182692 0.02163462 0.03365385
0 0.14903846 0.05288462 0.01502404 0.02824519
0 0.00961538 0.25721154 0.01923077 0.02884615
0 0.14663462 0.22475962 0.02283654 0.03125000
0 0.07692308 0.59975962 0.02223558 0.03185096
0 0.07451923 0.62500000 0.01682692 0.02944712
0 0.23437500 0.72115385 0.02644231 0.03365385
0 0.25120192 0.71514423 0.01442308 0.03064904
0 0.25721154 0.40504808 0.01983173 0.02163462
0 0.45432692 0.52524038 0.00961538 0.04086538
0 0.50360577 0.13822115 0.02043269 0.04747596
0 0.46875000 0.12740385 0.01923077 0.03365385
0 0.52764423 0.06610577 0.01262019 0.02704327
0 0.53245192 0.04447115 0.00961538 0.02584135
0 0.56850962 0.02884615 0.01682692 0.03365385
0 0.56730769 0.18028846 0.01502404 0.02824519
0 0.64302885 0.25961538 0.01562500 0.03245192
0 0.72596154 0.24879808 0.01382212 0.02704327
0 0.76682692 0.03125000 0.01201923 0.04326923
0 0.81250000 0.01802885 0.01923077 0.03605769
0 0.87620192 0.00961538 0.01201923 0.01923077
0 0.98918269 0.29567308 0.01682692 0.03125000
0 0.99759615 0.26923077 0.00480769 0.02884615
0 0.87139423 0.27524038 0.02043269 0.03725962
0 0.91706731 0.57451923 0.01201923 0.02524038
0 0.80408654 0.13822115 0.01201923 0.01682692
0 0.91225962 0.56370192 0.00961538 0.02283654
0 0.31250000 0.92427885 0.01983173 0.04146635
0 0.04567308 0.93870192 0.01682692 0.03365385
0 0.02163462 0.95793269 0.01502404 0.03064904
0 0.26442308 0.84495192 0.02163462 0.04146635
0 0.28846154 0.77283654 0.02824519 0.04326923
0 0.93750000 0.80649038 0.01442308 0.02524038
