0 0.71033654 0.36658654 0.01322115 0.02163462
0 0.68509615 0.34615385 0.01322115 0.02403846
0 0.69471154 0.34254808 0.01442308 0.02103365
0 0.73918269 0.15264423 0.01622596 0.02163462
0 0.73197115 0.12980769 0.01923077 0.02524038
0 0.71754808 0.09134615 0.01682692 0.01502404
0 0.69711538 0.09254808 0.01141827 0.02403846
0 0.58774038 0.32091346 0.02043269 0.03064904
0 0.58413462 0.32812500 0.01081731 0.01622596
0 0.46995192 0.07812500 0.01382212 0.02103365
0 0.35336538 0.17307692 0.01021635 0.02283654
0 0.31730769 0.17427885 0.01322115 0.02644231
0 0.30889423 0.18990385 0.01201923 0.02764423
0 0.00240385 0.25120192 0.00480769 0.02163462
0 0.31370192 0.88100962 0.00961538 0.01442308
0 0.29807692 0.87259615 0.01442308 0.01983173
0 0.45913462 0.94951923 0.01021635 0.01442308
0 0.44711538 0.89302885 0.01442308 0.02103365
0 0.45312500 0.96033654 0.01562500 0.02283654
0 0.42307692 0.77403846 0.01322115 0.02043269
0 0.45673077 0.84134615 0.01141827 0.02403846
0 0.54807692 0.79326923 0.01502404 0.01983173
0 0.56730769 0.75721154 0.02764423 0.03545673
0 0.59014423 0.75841346 0.01442308 0.02163462
0 0.53846154 0.75240385 0.01262019 0.02403846
0 0.53725962 0.67307692 0.01201923 0.01983173
0 0.52403846 0.66225962 0.01502404 0.02163462
0 0.45312500 0.70552885 0.01201923 0.02163462
0 0.44591346 0.62740385 0.02644231 0.01923077
0 0.37500000 0.63221154 0.00961538 0.02163462
0 0.43269231 0.94831731 0.00841346 0.01442308
0 0.56971154 0.84254808 0.01562500 0.01923077
0 0.29447115 0.90985577 0.00961538 0.02644231
0 0.39182692 0.92427885 0.00961538 0.01562500
0 0.38581731 0.94350962 0.00961538 0.02043269
0 0.39182692 0.62139423 0.00961538 0.00721154
0 0.36899038 0.92307692 0.00600962 0.01442308
0 0.85216346 0.71394231 0.02103365 0.04206731
