0 0.73076923 0.87379808 0.02043269 0.02403846
0 0.74278846 0.90264423 0.01682692 0.02403846
0 0.84375000 0.63942308 0.02043269 0.03245192
0 0.73557692 0.54086538 0.01201923 0.02163462
0 0.71153846 0.52163462 0.01201923 0.02403846
0 0.72115385 0.51802885 0.01201923 0.02043269
0 0.76442308 0.32932692 0.01562500 0.02163462
0 0.75721154 0.30649038 0.01682692 0.02403846
0 0.74278846 0.26923077 0.01682692 0.01562500
0 0.72235577 0.26923077 0.01081731 0.02403846
0 0.61538462 0.49639423 0.01923077 0.03004808
0 0.61057692 0.50360577 0.00961538 0.01562500
0 0.49639423 0.25480769 0.01081731 0.02043269
0 0.38100962 0.34975962 0.01081731 0.02163462
0 0.34495192 0.35096154 0.01201923 0.02644231
0 0.33653846 0.36658654 0.01201923 0.02644231
0 0.02644231 0.42788462 0.01923077 0.02163462
0 0.00961538 0.43629808 0.01562500 0.02764423
0 0.08293269 0.09975962 0.01442308 0.02163462
