0 0.49399038 0.06730769 0.01562500 0.02824519
0 0.43509615 0.06490385 0.01262019 0.02403846
0 0.32572115 0.04206731 0.01382212 0.02403846
0 0.32331731 0.01682692 0.01262019 0.02343750
0 0.29807692 0.28485577 0.02103365 0.03665865
0 0.27764423 0.22836538 0.01262019 0.02343750
0 0.31610577 0.34254808 0.01562500 0.02103365
0 0.31009615 0.32331731 0.01021635 0.01742788
0 0.30168269 0.34134615 0.01382212 0.01923077
0 0.43389423 0.32451923 0.01983173 0.04326923
0 0.38581731 0.61177885 0.01682692 0.01201923
0 0.21033654 0.52043269 0.02824519 0.02644231
0 0.18870192 0.36177885 0.02223558 0.04086538
0 0.28365385 0.13221154 0.01141827 0.01983173
0 0.14062500 0.37019231 0.01502404 0.02884615
0 0.50120192 0.17908654 0.00961538 0.01442308
0 0.09855769 0.26802885 0.01983173 0.02704327
0 0.27283654 0.14783654 0.01262019 0.01742788
0 0.39423077 0.60456731 0.00961538 0.01923077
0 0.50600962 0.18028846 0.00721154 0.01923077
0 0.01923077 0.49158654 0.02343750 0.03725962
0 0.45072115 0.98677885 0.01682692 0.02644231
0 0.03245192 0.93629808 0.02343750 0.04266827
0 0.31129808 0.94831731 0.01382212 0.03064904
0 0.02163462 0.74879808 0.01923077 0.04627404
0 0.27163462 0.68750000 0.01983173 0.03365385
0 0.00841346 0.68509615 0.01682692 0.02884615
0 0.24278846 0.67668269 0.01983173 0.03605769
0 0.51923077 0.84254808 0.01923077 0.04086538
0 0.53485577 0.90024038 0.01382212 0.03185096
0 0.56370192 0.96754808 0.01141827 0.02704327
0 0.58052885 0.98317308 0.02163462 0.03365385
0 0.54447115 0.78485577 0.02043269 0.02524038
0 0.55649038 0.79326923 0.01562500 0.02343750
0 0.81370192 0.71033654 0.01742788 0.02704327
