0 0.52764423 0.10096154 0.01923077 0.03365385
0 0.51322115 0.01081731 0.01682692 0.02163462
0 0.52043269 0.02644231 0.00961538 0.02343750
0 0.48076923 0.00600962 0.01442308 0.01201923
0 0.48076923 0.14543269 0.01983173 0.02824519
0 0.41105769 0.23317308 0.01682692 0.02944712
0 0.32812500 0.21153846 0.02163462 0.02343750
0 0.03725962 0.20432692 0.02283654 0.04266827
0 0.02644231 0.14783654 0.01502404 0.02343750
0 0.05408654 0.26322115 0.01802885 0.02343750
0 0.04206731 0.24879808 0.01201923 0.01742788
0 0.04086538 0.25961538 0.01382212 0.01862981
0 0.17548077 0.24519231 0.01802885 0.04387019
0 0.13100962 0.54086538 0.01262019 0.02463942
0 0.02043269 0.04447115 0.01322115 0.02163462
0 0.24519231 0.09014423 0.01442308 0.02103365
0 0.01081731 0.06129808 0.01201923 0.01742788
0 0.13822115 0.52884615 0.00901442 0.02283654
0 0.25600962 0.09735577 0.01201923 0.01742788
0 0.15745192 0.75841346 0.03966346 0.06009615
0 0.21153846 0.92668269 0.04567308 0.05048077
0 0.00240385 0.83052885 0.00480769 0.03125000
0 0.04447115 0.73557692 0.02043269 0.03846154
