0 0.08894231 0.32572115 0.02403846 0.03125000
0 0.03485577 0.31610577 0.01923077 0.03485577
0 0.09975962 0.23317308 0.01442308 0.02524038
0 0.09495192 0.26201923 0.01442308 0.02163462
0 0.12620192 0.22475962 0.01442308 0.03245192
0 0.13100962 0.37379808 0.01682692 0.02764423
0 0.19350962 0.45432692 0.01442308 0.02764423
0 0.27283654 0.42668269 0.01442308 0.02764423
0 0.31250000 0.21754808 0.00961538 0.03605769
0 0.35697115 0.20913462 0.01562500 0.02764423
0 0.41346154 0.21153846 0.00961538 0.02163462
0 0.52043269 0.16225962 0.01201923 0.02403846
0 0.52283654 0.19110577 0.01201923 0.02163462
0 0.56610577 0.04447115 0.01081731 0.01562500
0 0.55649038 0.03485577 0.01081731 0.01923077
0 0.54927885 0.43389423 0.01923077 0.05288462
0 0.55528846 0.36778846 0.01201923 0.03125000
0 0.53004808 0.48677885 0.01201923 0.02403846
0 0.53725962 0.47836538 0.00961538 0.01923077
0 0.53485577 0.46153846 0.01442308 0.01923077
0 0.42307692 0.46033654 0.01682692 0.04687500
0 0.46033654 0.74879808 0.01923077 0.03125000
0 0.62620192 0.65384615 0.02403846 0.03125000
0 0.65024038 0.49399038 0.02043269 0.03245192
0 0.56250000 0.26802885 0.00721154 0.01923077
0 0.69350962 0.50600962 0.01201923 0.02644231
0 0.34254808 0.33052885 0.01081731 0.01562500
0 0.73798077 0.41346154 0.01562500 0.02524038
0 0.57572115 0.27644231 0.00721154 0.01562500
0 0.45192308 0.73557692 0.01081731 0.02043269
0 0.34254808 0.31370192 0.01201923 0.02163462
0 0.81730769 0.62379808 0.02163462 0.03485577
0 0.86778846 0.47836538 0.01442308 0.02764423
0 0.87139423 0.16466346 0.01562500 0.02764423
0 0.06730769 0.18629808 0.01682692 0.02403846
0 0.48557692 0.02764423 0.01682692 0.02644231
0 0.91466346 0.34735577 0.01562500 0.03004808
0 0.95793269 0.34375000 0.00961538 0.02644231
0 0.97475962 0.30528846 0.01201923 0.01923077
0 0.98557692 0.29567308 0.00961538 0.03245192
