0 0.15504808 0.00961538 0.02163462 0.01923077
0 0.22235577 0.08774038 0.01442308 0.02704327
0 0.30408654 0.06610577 0.02463942 0.02524038
0 0.81850962 0.50000000 0.01682692 0.02944712
0 0.80769231 0.49519231 0.01622596 0.02403846
0 0.96033654 0.50961538 0.01262019 0.01983173
0 0.93028846 0.39302885 0.01562500 0.02223558
0 0.96033654 0.46875000 0.01382212 0.02463942
0 0.95793269 0.32812500 0.01742788 0.02704327
0 0.95192308 0.24038462 0.01622596 0.02884615
0 0.99399038 0.15865385 0.01201923 0.01923077
0 0.98076923 0.19591346 0.02163462 0.03305288
0 0.99639423 0.06971154 0.00721154 0.02884615
0 0.80408654 0.51802885 0.00961538 0.03185096
0 0.88822115 0.21634615 0.00961538 0.01923077
0 0.87860577 0.25721154 0.01262019 0.01923077
0 0.88581731 0.54927885 0.01201923 0.01682692
0 0.81730769 0.54326923 0.01442308 0.02884615
0 0.90024038 0.23677885 0.01262019 0.01923077
0 0.35576923 0.92427885 0.01502404 0.03545673
0 0.33774038 0.93750000 0.01442308 0.03305288
0 0.28725962 0.85697115 0.01742788 0.02403846
0 0.22355769 0.86658654 0.01442308 0.02884615
0 0.24399038 0.85937500 0.01622596 0.02704327
0 0.27403846 0.82812500 0.01983173 0.03064904
0 0.25240385 0.66466346 0.01382212 0.03064904
0 0.28605769 0.66947115 0.01742788 0.03305288
0 0.37379808 0.58293269 0.01862981 0.03665865
