0 0.52524038 0.27524038 0.00721154 0.03125000
0 0.52163462 0.18750000 0.01442308 0.02884615
0 0.52283654 0.21033654 0.01201923 0.02163462
0 0.49278846 0.17427885 0.01682692 0.03365385
0 0.49158654 0.32932692 0.01983173 0.02944712
0 0.42548077 0.40865385 0.01682692 0.02944712
0 0.34254808 0.38221154 0.01262019 0.02463942
0 0.30168269 0.17187500 0.01081731 0.03665865
0 0.25600962 0.16466346 0.01862981 0.02824519
0 0.19831731 0.15985577 0.01262019 0.02403846
0 0.08774038 0.11298077 0.01502404 0.02403846
0 0.08774038 0.14182692 0.01382212 0.02343750
0 0.06009615 0.39182692 0.02163462 0.04867788
0 0.05288462 0.32572115 0.01502404 0.03185096
0 0.08173077 0.44110577 0.01502404 0.02403846
0 0.07211538 0.43389423 0.01021635 0.01923077
0 0.07451923 0.41826923 0.01382212 0.01862981
0 0.19831731 0.41706731 0.01983173 0.04807692
0 0.04807692 0.22475962 0.01141827 0.02103365
0 0.27163462 0.27644231 0.01081731 0.01923077
0 0.03485577 0.23437500 0.00901442 0.01923077
0 0.26682692 0.26682692 0.01562500 0.02403846
0 0.74158654 0.39543269 0.02223558 0.03365385
0 0.70793269 0.28485577 0.01862981 0.03064904
0 0.66225962 0.00961538 0.02163462 0.01923077
0 0.62379808 0.06850962 0.01742788 0.03545673
