0 0.33774038 0.11418269 0.01442308 0.02644231
0 0.33894231 0.08653846 0.01622596 0.02524038
0 0.30408654 0.38581731 0.02463942 0.05588942
0 0.29567308 0.31850962 0.01562500 0.03545673
0 0.31730769 0.41947115 0.01442308 0.01682692
0 0.29326923 0.20552885 0.01201923 0.02223558
0 0.09254808 0.36298077 0.02043269 0.02824519
0 0.27884615 0.21995192 0.01201923 0.02103365
0 0.86778846 0.42067308 0.01923077 0.01442308
0 0.89783654 0.41346154 0.02163462 0.02884615
0 0.86778846 0.39783654 0.01622596 0.02884615
0 0.87740385 0.40384615 0.01682692 0.03425481
0 0.88701923 0.41466346 0.01442308 0.02644231
0 0.76442308 0.46274038 0.02343750 0.02884615
0 0.61899038 0.43629808 0.02644231 0.01682692
0 0.69350962 0.81850962 0.02343750 0.03245192
0 0.69591346 0.84495192 0.01923077 0.03245192
0 0.87259615 0.87500000 0.01983173 0.03004808
0 0.91346154 0.98317308 0.01923077 0.03365385
0 0.52884615 0.94951923 0.02764423 0.03966346
0 0.51201923 0.93870192 0.01622596 0.03125000
0 0.50600962 0.61538462 0.02223558 0.02463942
