0 0.37860577 0.14423077 0.01442308 0.02824519
0 0.09254808 0.15625000 0.02163462 0.05649038
0 0.08533654 0.08052885 0.01382212 0.03185096
0 0.11538462 0.20793269 0.01622596 0.02524038
0 0.10336538 0.19350962 0.01021635 0.01923077
0 0.10937500 0.17908654 0.01382212 0.01923077
0 0.23317308 0.17427885 0.02223558 0.05108173
0 0.01322115 0.37860577 0.02644231 0.03605769
0 0.31009615 0.03485577 0.01141827 0.01682692
0 0.30649038 0.01923077 0.01382212 0.02343750
0 0.56850962 0.04687500 0.02163462 0.03185096
0 0.66706731 0.07211538 0.02884615 0.03305288
0 0.49158654 0.02644231 0.02163462 0.03365385
