0 0.01442308 0.10456731 0.01502404 0.03064904
0 0.01442308 0.24879808 0.01983173 0.02704327
0 0.08413462 0.33293269 0.01682692 0.02884615
0 0.16225962 0.31250000 0.02103365 0.02343750
0 0.20432692 0.09975962 0.01382212 0.03665865
0 0.24879808 0.09014423 0.01562500 0.02704327
0 0.30769231 0.08653846 0.01141827 0.02403846
0 0.41586538 0.06490385 0.01622596 0.02524038
0 0.41826923 0.03966346 0.01502404 0.02223558
0 0.44350962 0.30528846 0.02103365 0.03786058
0 0.46153846 0.24759615 0.01442308 0.02403846
0 0.42548077 0.36177885 0.01562500 0.02223558
0 0.43149038 0.34254808 0.01262019 0.01862981
0 0.43990385 0.36057692 0.01382212 0.01923077
0 0.30889423 0.34495192 0.01622596 0.04326923
0 0.35576923 0.63461538 0.01502404 0.02403846
0 0.45793269 0.15384615 0.01141827 0.01983173
0 0.24278846 0.19951923 0.00961538 0.01442308
0 0.46514423 0.16826923 0.00721154 0.01923077
0 0.34855769 0.62139423 0.00961538 0.01923077
0 0.23317308 0.20192308 0.01021635 0.01923077
0 0.53605769 0.24158654 0.01682692 0.02524038
0 0.55408654 0.25240385 0.01442308 0.01983173
0 0.59375000 0.18870192 0.01502404 0.02584135
0 0.59735577 0.16706731 0.01382212 0.02403846
0 0.62980769 0.15024038 0.01021635 0.02704327
0 0.62980769 0.28485577 0.01141827 0.02403846
0 0.70552885 0.37259615 0.01081731 0.02343750
0 0.78245192 0.35456731 0.01141827 0.02403846
0 0.82091346 0.15024038 0.02283654 0.04927885
0 0.86899038 0.13461538 0.01742788 0.02463942
0 0.93149038 0.10697115 0.01382212 0.02223558
0 0.93870192 0.39663462 0.01682692 0.02463942
0 0.57572115 0.10216346 0.01141827 0.01923077
0 0.88942308 0.94350962 0.01502404 0.01923077
0 0.87620192 0.91706731 0.01742788 0.02584135
0 0.80168269 0.97235577 0.01442308 0.02403846
0 0.79927885 0.88461538 0.01682692 0.02944712
0 0.82692308 0.81730769 0.01622596 0.02524038
0 0.81370192 0.85576923 0.01742788 0.03305288
0 0.88221154 0.72836538 0.01502404 0.02403846
0 0.95312500 0.78605769 0.02223558 0.04447115
0 0.84975962 0.72235577 0.01983173 0.03305288
0 0.73317308 0.86538462 0.00961538 0.01862981
0 0.72596154 0.90625000 0.01141827 0.01923077
0 0.74278846 0.88581731 0.01382212 0.01923077
