0 0.00961538 0.03966346 0.01923077 0.03605769
0 0.07692308 0.12139423 0.01682692 0.02824519
0 0.16706731 0.09375000 0.01562500 0.03245192
0 0.45432692 0.12500000 0.01802885 0.01983173
0 0.47836538 0.02644231 0.01802885 0.03545673
0 0.45192308 0.15865385 0.01562500 0.01983173
0 0.46274038 0.13942308 0.01141827 0.01983173
0 0.47596154 0.11658654 0.01983173 0.04326923
0 0.32692308 0.12139423 0.02283654 0.05228365
0 0.36418269 0.43750000 0.01201923 0.02343750
0 0.55408654 0.35336538 0.03125000 0.03906250
0 0.58052885 0.17067308 0.02223558 0.03425481
0 0.63100962 0.17788462 0.01442308 0.02764423
0 0.68389423 0.08052885 0.02163462 0.03004808
0 0.37500000 0.45072115 0.01502404 0.02403846
0 0.07812500 0.56490385 0.02944712 0.03125000
0 0.88581731 0.77283654 0.02283654 0.03665865
0 0.94471154 0.78125000 0.02163462 0.03605769
0 0.94951923 0.98437500 0.04326923 0.03125000
0 0.73557692 0.56730769 0.01923077 0.03725962
0 0.86418269 0.52283654 0.02163462 0.00721154
