0 0.15264423 0.07692308 0.01622596 0.01923077
0 0.15024038 0.10697115 0.01262019 0.01923077
0 0.15985577 0.09134615 0.00961538 0.01923077
0 0.17187500 0.06971154 0.01802885 0.03906250
0 0.03605769 0.07451923 0.01802885 0.04747596
0 0.06971154 0.36298077 0.01141827 0.01983173
0 0.24399038 0.28605769 0.03004808 0.03725962
0 0.26802885 0.11899038 0.02223558 0.03125000
0 0.31490385 0.12620192 0.01502404 0.02403846
0 0.36298077 0.03605769 0.01562500 0.02764423
0 0.08052885 0.37500000 0.01562500 0.02283654
0 0.58413462 0.17548077 0.01802885 0.01502404
0 0.60576923 0.09014423 0.01983173 0.02584135
0 0.58173077 0.20793269 0.00961538 0.01923077
0 0.58653846 0.19591346 0.00961538 0.01923077
0 0.59855769 0.16466346 0.01862981 0.04086538
0 0.46153846 0.16826923 0.01682692 0.03725962
0 0.50120192 0.46153846 0.01262019 0.01983173
0 0.67427885 0.38221154 0.02884615 0.03485577
0 0.69471154 0.21754808 0.01923077 0.02884615
0 0.73918269 0.22596154 0.01382212 0.02463942
0 0.79206731 0.13461538 0.01923077 0.01802885
0 0.50961538 0.47596154 0.01562500 0.02043269
0 0.87019231 0.34975962 0.02163462 0.03004808
0 0.92067308 0.20072115 0.01201923 0.02163462
0 0.96875000 0.06730769 0.01382212 0.02403846
0 0.98557692 0.09495192 0.00901442 0.01442308
0 0.34375000 0.98437500 0.01502404 0.03125000
0 0.39062500 0.99158654 0.01682692 0.01682692
0 0.12740385 0.83293269 0.02043269 0.03545673
0 0.13100962 0.80649038 0.02163462 0.02704327
0 0.19110577 0.81009615 0.01802885 0.03004808
0 0.31971154 0.75841346 0.02163462 0.03725962
0 0.01081731 0.76442308 0.02163462 0.04326923
0 0.02884615 0.71033654 0.01923077 0.03846154
0 0.01802885 0.55769231 0.02584135 0.01502404
0 0.14663462 0.56610577 0.01923077 0.03605769
0 0.15144231 0.55649038 0.01442308 0.01682692
0 0.00480769 0.74519231 0.00961538 0.02403846
0 0.54206731 0.82572115 0.01862981 0.03545673
0 0.50841346 0.82091346 0.01742788 0.03064904
0 0.56370192 0.75961538 0.01562500 0.02884615
0 0.56971154 0.74519231 0.01021635 0.02403846
0 0.60096154 0.72115385 0.01442308 0.03004808
0 0.59855769 0.87259615 0.01502404 0.02463942
0 0.67548077 0.94471154 0.01562500 0.02944712
0 0.75480769 0.93269231 0.01382212 0.02764423
0 0.78966346 0.72596154 0.01262019 0.03966346
0 0.83653846 0.71514423 0.01622596 0.02884615
0 0.89302885 0.70072115 0.01382212 0.03125000
0 0.99278846 0.68509615 0.01442308 0.02403846
0 0.99639423 0.65985577 0.00721154 0.02163462
0 0.99879808 0.98197115 0.00240385 0.02644231
0 0.89783654 0.96033654 0.01742788 0.03365385
0 0.54086538 0.68389423 0.01021635 0.01923077
0 0.82692308 0.82812500 0.01141827 0.01622596
