0 0.04447115 0.01562500 0.00961538 0.02163462
0 0.15024038 0.00240385 0.01201923 0.00480769
0 0.16586538 0.25841346 0.01802885 0.01622596
0 0.18990385 0.17067308 0.01983173 0.02403846
0 0.16466346 0.28846154 0.01201923 0.01923077
0 0.17187500 0.27524038 0.00961538 0.01923077
0 0.18389423 0.24879808 0.01622596 0.04086538
0 0.04807692 0.25360577 0.01562500 0.03605769
0 0.25721154 0.45913462 0.03125000 0.03846154
0 0.28004808 0.30288462 0.02103365 0.03245192
0 0.20793269 0.07932692 0.00781250 0.01983173
0 0.32211538 0.30769231 0.01442308 0.02403846
0 0.37500000 0.21514423 0.02043269 0.01802885
0 0.19711538 0.06850962 0.01081731 0.01442308
0 0.45192308 0.43149038 0.01923077 0.02884615
0 0.50360577 0.28004808 0.00961538 0.02163462
0 0.54927885 0.14783654 0.01201923 0.02403846
0 0.59254808 0.15384615 0.01081731 0.02463942
0 0.61298077 0.22235577 0.01802885 0.03545673
0 0.62139423 0.41225962 0.04567308 0.06490385
0 0.76923077 0.47355769 0.01742788 0.02644231
0 0.71634615 0.37500000 0.01502404 0.03425481
0 0.77043269 0.35576923 0.01802885 0.02884615
0 0.83173077 0.42307692 0.02283654 0.04387019
0 0.99038462 0.49639423 0.01923077 0.02644231
0 0.98918269 0.25120192 0.01562500 0.03125000
0 0.99639423 0.25240385 0.00721154 0.03846154
0 0.97836538 0.00600962 0.02884615 0.01201923
0 0.60216346 0.43870192 0.00721154 0.03125000
0 0.39062500 0.70552885 0.01442308 0.01923077
0 0.35456731 0.69831731 0.02043269 0.04146635
0 0.34615385 0.74639423 0.00961538 0.02644231
0 0.45312500 0.85096154 0.02163462 0.03906250
0 0.37379808 0.88341346 0.01923077 0.03245192
0 0.31490385 0.80889423 0.01081731 0.02403846
0 0.33293269 0.97596154 0.02403846 0.03004808
0 0.24519231 0.99278846 0.01442308 0.01442308
0 0.26081731 0.96033654 0.01682692 0.03125000
0 0.26562500 0.92307692 0.01622596 0.02884615
0 0.30769231 0.96995192 0.02223558 0.03305288
0 0.29086538 0.94471154 0.02043269 0.03425481
0 0.40384615 0.96514423 0.02043269 0.03125000
0 0.38822115 0.78125000 0.01923077 0.03906250
0 0.48076923 0.88581731 0.01322115 0.02644231
0 0.30048077 0.80408654 0.01322115 0.02884615
0 0.33293269 0.62740385 0.01923077 0.02403846
0 0.46514423 0.88701923 0.01322115 0.01923077
0 0.21754808 0.98076923 0.02043269 0.02524038
0 0.32211538 0.63701923 0.01562500 0.02283654
0 0.05408654 0.56250000 0.01201923 0.02043269
0 0.40865385 0.53605769 0.01442308 0.01442308
0 0.89423077 0.95913462 0.00480769 0.01322115
0 0.88341346 0.95192308 0.01081731 0.01442308
0 0.96033654 0.65865385 0.01141827 0.01442308
0 0.95673077 0.69591346 0.00901442 0.01923077
0 0.96634615 0.99519231 0.00961538 0.00961538
0 0.95432692 0.98197115 0.00961538 0.01201923
