0 0.05048077 0.33293269 0.02043269 0.03125000
0 0.05889423 0.23918269 0.01442308 0.02524038
0 0.05889423 0.26923077 0.01562500 0.02403846
0 0.08774038 0.23076923 0.01201923 0.02764423
0 0.09254808 0.38100962 0.01923077 0.03125000
0 0.15264423 0.45312500 0.01201923 0.02524038
0 0.23557692 0.42908654 0.01081731 0.02764423
0 0.27524038 0.22115385 0.01081731 0.04086538
0 0.31730769 0.21634615 0.01562500 0.02644231
0 0.37379808 0.21274038 0.00961538 0.02163462
0 0.48076923 0.16346154 0.01201923 0.02163462
0 0.48076923 0.19591346 0.01442308 0.02043269
0 0.52524038 0.05168269 0.01081731 0.01562500
0 0.51682692 0.03846154 0.01081731 0.01923077
0 0.49399038 0.45673077 0.01562500 0.01923077
0 0.51562500 0.36778846 0.01201923 0.03125000
0 0.49278846 0.48677885 0.01201923 0.01923077
0 0.50120192 0.46995192 0.00961538 0.01923077
0 0.51322115 0.44951923 0.01442308 0.03846154
0 0.37860577 0.45432692 0.01682692 0.04687500
0 0.41225962 0.73918269 0.01081731 0.02043269
0 0.58413462 0.66346154 0.02764423 0.03605769
0 0.60817308 0.49759615 0.02043269 0.03125000
0 0.53485577 0.27524038 0.00721154 0.01923077
0 0.65384615 0.50480769 0.01201923 0.02403846
0 0.30408654 0.32932692 0.00961538 0.01562500
0 0.70192308 0.41586538 0.01682692 0.02644231
0 0.52163462 0.26923077 0.00961538 0.01562500
0 0.42307692 0.75120192 0.01442308 0.02163462
0 0.30048077 0.31370192 0.01201923 0.02524038
0 0.77764423 0.62860577 0.01923077 0.02764423
0 0.83293269 0.48437500 0.01442308 0.02764423
0 0.83052885 0.16466346 0.01201923 0.02163462
0 0.02764423 0.18629808 0.01923077 0.02524038
0 0.44471154 0.03846154 0.01081731 0.02403846
0 0.87379808 0.34975962 0.01201923 0.02403846
0 0.91826923 0.35096154 0.00961538 0.02524038
0 0.94110577 0.30889423 0.00961538 0.01923077
0 0.94831731 0.29326923 0.00961538 0.03125000
0 0.89182692 0.37980769 0.01201923 0.01562500
0 0.98076923 0.38942308 0.01562500 0.02644231
0 0.98076923 0.14663462 0.01081731 0.01682692
0 0.98317308 0.16586538 0.01081731 0.02403846
