0 0.03245192 0.02764423 0.01141827 0.04146635
0 0.06730769 0.01802885 0.01502404 0.02704327
0 0.12379808 0.02524038 0.01442308 0.02403846
0 0.23557692 0.00360577 0.01442308 0.00721154
0 0.25240385 0.26322115 0.01141827 0.01622596
0 0.27283654 0.16947115 0.02343750 0.02824519
0 0.24759615 0.30048077 0.01081731 0.01923077
0 0.25240385 0.28485577 0.01081731 0.01923077
0 0.26802885 0.25240385 0.01682692 0.03365385
0 0.13581731 0.25721154 0.01682692 0.04266827
0 0.33774038 0.47355769 0.02343750 0.03064904
0 0.36298077 0.30168269 0.02163462 0.04266827
0 0.29326923 0.07091346 0.01021635 0.02103365
0 0.41225962 0.31850962 0.01262019 0.02704327
0 0.05769231 0.13461538 0.01081731 0.01442308
0 0.46394231 0.22355769 0.01923077 0.01923077
0 0.28245192 0.06370192 0.00661058 0.02223558
0 0.04927885 0.13341346 0.01442308 0.02884615
0 0.22596154 0.11418269 0.01141827 0.01923077
0 0.52524038 0.35096154 0.01201923 0.02403846
0 0.52403846 0.31009615 0.00961538 0.02403846
0 0.62620192 0.22235577 0.01442308 0.02704327
0 0.62019231 0.25000000 0.01502404 0.02343750
0 0.65625000 0.22115385 0.01622596 0.02884615
0 0.61057692 0.22956731 0.01081731 0.02403846
0 0.60456731 0.14543269 0.01562500 0.02343750
0 0.58533654 0.10576923 0.01862981 0.02463942
0 0.52163462 0.07812500 0.00480769 0.03125000
0 0.54447115 0.01682692 0.01562500 0.02824519
0 0.52884615 0.05048077 0.01862981 0.03425481
0 0.52283654 0.44951923 0.00721154 0.01923077
0 0.62259615 0.31490385 0.02043269 0.02463942
0 0.53245192 0.44350962 0.00961538 0.01923077
0 0.89903846 0.97115385 0.01622596 0.02884615
0 0.88942308 0.98076923 0.01862981 0.02403846
0 0.61418269 0.90264423 0.01262019 0.02223558
0 0.98197115 0.86538462 0.01742788 0.02944712
0 0.95432692 0.85096154 0.01983173 0.02524038
0 0.98317308 0.83533654 0.01442308 0.02704327
0 0.97355769 0.84014423 0.01622596 0.03185096
0 0.96514423 0.85336538 0.01262019 0.02824519
