0 0.06009615 0.40745192 0.01442308 0.02403846
0 0.10336538 0.19471154 0.00961538 0.04206731
0 0.14543269 0.19471154 0.01682692 0.03004808
0 0.19230769 0.24399038 0.02043269 0.04326923
0 0.30649038 0.14182692 0.00961538 0.02043269
0 0.30649038 0.17548077 0.01201923 0.01923077
0 0.35456731 0.03004808 0.01081731 0.01562500
0 0.36418269 0.03485577 0.00961538 0.01682692
0 0.32211538 0.42788462 0.01201923 0.01923077
0 0.34014423 0.34375000 0.01562500 0.02644231
0 0.32331731 0.47115385 0.00721154 0.02043269
0 0.32451923 0.45673077 0.00721154 0.01923077
0 0.34014423 0.42187500 0.01201923 0.02403846
0 0.20432692 0.41586538 0.01201923 0.03725962
0 0.25120192 0.72596154 0.00961538 0.02163462
0 0.39903846 0.63942308 0.02403846 0.03125000
0 0.42908654 0.47475962 0.02403846 0.03004808
0 0.35576923 0.22596154 0.00721154 0.02043269
0 0.46514423 0.47716346 0.02043269 0.02403846
0 0.13100962 0.29807692 0.01201923 0.01562500
0 0.52524038 0.39903846 0.01923077 0.02163462
0 0.36899038 0.23557692 0.00721154 0.02163462
0 0.24158654 0.71995192 0.01081731 0.02043269
0 0.13221154 0.31370192 0.01201923 0.02644231
0 0.60336538 0.60216346 0.01201923 0.02644231
0 0.65264423 0.45913462 0.01081731 0.02524038
0 0.65264423 0.14423077 0.00721154 0.02163462
0 0.29326923 0.06009615 0.01081731 0.02163462
0 0.70312500 0.32451923 0.01201923 0.02403846
0 0.74639423 0.33173077 0.00961538 0.02043269
0 0.77644231 0.27043269 0.01201923 0.01442308
0 0.80528846 0.12740385 0.01081731 0.01923077
0 0.80889423 0.14423077 0.01081731 0.01682692
0 0.80889423 0.35937500 0.01442308 0.02644231
0 0.71634615 0.35216346 0.00961538 0.01923077
0 0.85576923 0.40504808 0.01442308 0.02403846
0 0.66466346 0.11778846 0.00721154 0.01682692
0 0.66105769 0.14302885 0.00721154 0.02043269
0 0.29326923 0.28605769 0.00961538 0.01562500
0 0.87980769 0.39543269 0.01081731 0.01682692
0 0.91225962 0.66826923 0.01442308 0.02644231
0 0.92668269 0.04807692 0.01923077 0.02764423
