0 0.28245192 0.11177885 0.01382212 0.01923077
0 0.28245192 0.02884615 0.01802885 0.02944712
0 0.30048077 0.16706731 0.00901442 0.02163462
0 0.29807692 0.14543269 0.01021635 0.01923077
0 0.30288462 0.11658654 0.01382212 0.02584135
0 0.41586538 0.10216346 0.00480769 0.04086538
0 0.37620192 0.42548077 0.01201923 0.00480769
0 0.22115385 0.33653846 0.03245192 0.04086538
0 0.18990385 0.16826923 0.02704327 0.03125000
0 0.15144231 0.16947115 0.02403846 0.02704327
0 0.08413462 0.08533654 0.02043269 0.02343750
0 0.38461538 0.42187500 0.00961538 0.01201923
0 0.00600962 0.29687500 0.01201923 0.02644231
0 0.20432692 0.97115385 0.02103365 0.03425481
0 0.26682692 0.92668269 0.01562500 0.03185096
0 0.02163462 0.88461538 0.01802885 0.02764423
0 0.05649038 0.76682692 0.01682692 0.03305288
0 0.08052885 0.78004808 0.01442308 0.03125000
0 0.10937500 0.69350962 0.03665865 0.03305288
0 0.24399038 0.98557692 0.01682692 0.02884615
0 0.19711538 0.67067308 0.01382212 0.02524038
0 0.16105769 0.65625000 0.01562500 0.02463942
0 0.13341346 0.65384615 0.01802885 0.02584135
0 0.13942308 0.48197115 0.01622596 0.03125000
0 0.10576923 0.49519231 0.01802885 0.03305288
0 0.50360577 0.89423077 0.01983173 0.03545673
0 0.48076923 0.90024038 0.01983173 0.02824519
0 0.59615385 0.83052885 0.01862981 0.03185096
0 0.59014423 0.78605769 0.01802885 0.02584135
0 0.62019231 0.76442308 0.02043269 0.03906250
0 0.73437500 0.66947115 0.02283654 0.04026442
0 0.83413462 0.70192308 0.02403846 0.03725962
0 0.86658654 0.67427885 0.03545673 0.03305288
0 0.91706731 0.62500000 0.02283654 0.04387019
0 0.86057692 0.65024038 0.02103365 0.03185096
0 0.93389423 0.58533654 0.02223558 0.03545673
0 0.87740385 0.43389423 0.01923077 0.01201923
