0 0.06610577 0.09014423 0.01322115 0.02163462
0 0.06250000 0.12139423 0.01502404 0.02163462
0 0.08293269 0.40024038 0.01382212 0.02103365
0 0.09975962 0.30649038 0.01682692 0.02644231
0 0.08293269 0.44591346 0.00901442 0.02163462
0 0.08293269 0.42548077 0.00901442 0.01983173
0 0.09975962 0.39302885 0.01862981 0.02764423
0 0.19591346 0.45072115 0.02764423 0.03305288
0 0.11298077 0.18389423 0.01502404 0.02283654
0 0.23557692 0.45192308 0.02524038 0.02704327
0 0.30048077 0.36538462 0.02103365 0.02524038
0 0.12860577 0.19471154 0.00901442 0.02043269
0 0.43750000 0.43389423 0.01442308 0.02584135
0 0.43509615 0.09254808 0.00901442 0.02403846
0 0.49158654 0.28605769 0.01262019 0.02463942
0 0.53846154 0.29326923 0.01081731 0.02283654
0 0.57331731 0.22596154 0.01262019 0.01502404
0 0.60336538 0.07211538 0.01201923 0.01983173
0 0.60576923 0.09014423 0.01322115 0.01742788
0 0.60576923 0.32331731 0.01562500 0.02884615
0 0.50600962 0.31971154 0.01081731 0.01983173
0 0.44951923 0.06129808 0.01021635 0.02103365
0 0.44711538 0.09014423 0.00961538 0.02163462
0 0.04927885 0.24879808 0.01081731 0.01682692
0 0.96274038 0.34855769 0.01983173 0.03485577
0 0.98197115 0.34855769 0.01923077 0.03004808
0 0.86778846 0.26562500 0.02103365 0.03485577
0 0.87139423 0.23197115 0.01802885 0.02584135
0 0.84014423 0.21394231 0.02103365 0.04266827
0 0.72355769 0.12139423 0.02043269 0.04086538
0 0.63461538 0.14423077 0.00961538 0.03846154
