0 0.02644231 0.45673077 0.01562500 0.02524038
0 0.10697115 0.43269231 0.01201923 0.02163462
0 0.14903846 0.22355769 0.00961538 0.04086538
0 0.18629808 0.21754808 0.01442308 0.02644231
0 0.24278846 0.25240385 0.01923077 0.04567308
0 0.35336538 0.16826923 0.00961538 0.01923077
0 0.35096154 0.19951923 0.01201923 0.01923077
0 0.39903846 0.04927885 0.01081731 0.01562500
0 0.38461538 0.03725962 0.00961538 0.01923077
0 0.36778846 0.45432692 0.01201923 0.01682692
0 0.38581731 0.37259615 0.01562500 0.02524038
0 0.36538462 0.49879808 0.00961538 0.01923077
0 0.36899038 0.47836538 0.00721154 0.01923077
0 0.38461538 0.45072115 0.01201923 0.02403846
0 0.26562500 0.46274038 0.01442308 0.04086538
0 0.29326923 0.75721154 0.01442308 0.01923077
0 0.44831731 0.66105769 0.02644231 0.03485577
0 0.47475962 0.49879808 0.02043269 0.02644231
0 0.41225962 0.26923077 0.00721154 0.02043269
0 0.51442308 0.50961538 0.01923077 0.02043269
0 0.17548077 0.32692308 0.00721154 0.01442308
0 0.57211538 0.42427885 0.02043269 0.02043269
0 0.40024038 0.25961538 0.00961538 0.02163462
0 0.28846154 0.74399038 0.01081731 0.01923077
0 0.17067308 0.34134615 0.01201923 0.02403846
0 0.65024038 0.62620192 0.01201923 0.02524038
0 0.71153846 0.49759615 0.00961538 0.02403846
0 0.69711538 0.16586538 0.00961538 0.02163462
0 0.31850962 0.06850962 0.01081731 0.02163462
0 0.74639423 0.35576923 0.01201923 0.02403846
0 0.79326923 0.35576923 0.01081731 0.02163462
0 0.82331731 0.29206731 0.01201923 0.01442308
0 0.85336538 0.16586538 0.01081731 0.01923077
0 0.84975962 0.15144231 0.00961538 0.01923077
0 0.85096154 0.38221154 0.01562500 0.02764423
0 0.76201923 0.38221154 0.00961538 0.01923077
0 0.90144231 0.44350962 0.01562500 0.02524038
0 0.70913462 0.14423077 0.00721154 0.01682692
0 0.70552885 0.16225962 0.00961538 0.02043269
0 0.33894231 0.31610577 0.00961538 0.01923077
0 0.92307692 0.42307692 0.01081731 0.01201923
0 0.95673077 0.69350962 0.01442308 0.02163462
0 0.97355769 0.06971154 0.01923077 0.02764423
