0 0.02163462 0.29927885 0.01502404 0.02043269
0 0.02283654 0.21995192 0.01742788 0.02644231
0 0.00480769 0.35096154 0.00961538 0.01923077
0 0.00721154 0.33173077 0.00901442 0.01923077
0 0.00480769 0.30288462 0.00961538 0.02403846
0 0.11057692 0.35336538 0.02644231 0.03064904
0 0.03725962 0.09975962 0.00781250 0.02103365
0 0.14783654 0.35456731 0.02103365 0.02403846
0 0.21274038 0.27403846 0.02163462 0.02403846
0 0.05288462 0.10817308 0.01081731 0.02043269
0 0.28846154 0.47956731 0.01382212 0.02584135
0 0.33894231 0.33653846 0.01021635 0.02463942
0 0.33894231 0.01682692 0.00540865 0.02043269
0 0.38822115 0.20192308 0.01081731 0.01983173
0 0.43389423 0.20552885 0.00961538 0.02103365
0 0.46514423 0.14663462 0.01262019 0.01442308
0 0.40504808 0.22716346 0.01081731 0.01923077
0 0.34735577 0.00961538 0.01081731 0.01923077
0 0.59855769 0.22716346 0.05829327 0.04387019
0 0.84254808 0.97596154 0.01742788 0.03906250
0 0.95312500 0.98317308 0.01682692 0.03365385
0 0.91225962 0.82211538 0.02644231 0.05889423
