0 0.03125000 0.21634615 0.01682692 0.02584135
0 0.05048077 0.22836538 0.01442308 0.02043269
0 0.09254808 0.16225962 0.01262019 0.02644231
0 0.09615385 0.14062500 0.01081731 0.02584135
0 0.12980769 0.12259615 0.01322115 0.02824519
0 0.12980769 0.26201923 0.01081731 0.02463942
0 0.20913462 0.35336538 0.01081731 0.02343750
0 0.28846154 0.33413462 0.01081731 0.02463942
0 0.32812500 0.12259615 0.02223558 0.04867788
0 0.37860577 0.10576923 0.01802885 0.02524038
0 0.43750000 0.07572115 0.00480769 0.02163462
0 0.07331731 0.07211538 0.01201923 0.01983173
0 0.66706731 0.04447115 0.05649038 0.08052885
0 0.50600962 0.85697115 0.02103365 0.02704327
0 0.94711538 0.86778846 0.02103365 0.03125000
0 0.95552885 0.84254808 0.02343750 0.03725962
0 0.77403846 0.61057692 0.01562500 0.03365385
0 0.78125000 0.58533654 0.02283654 0.03725962
0 0.80168269 0.59735577 0.01802885 0.03605769
