0 0.38942308 0.29567308 0.01442308 0.02403846
0 0.40745192 0.30649038 0.01442308 0.02043269
0 0.44591346 0.24399038 0.01201923 0.02524038
0 0.44951923 0.22355769 0.01081731 0.02403846
0 0.48076923 0.20673077 0.01081731 0.02644231
0 0.48076923 0.33774038 0.01081731 0.02403846
0 0.55528846 0.42307692 0.00961538 0.02163462
0 0.63100962 0.40625000 0.01081731 0.02403846
0 0.66826923 0.20673077 0.01923077 0.04687500
0 0.71514423 0.19110577 0.01562500 0.02524038
0 0.77644231 0.16346154 0.01201923 0.02163462
0 0.87259615 0.16225962 0.01201923 0.02043269
0 0.87860577 0.13701923 0.01923077 0.02524038
0 0.91947115 0.05528846 0.01081731 0.01442308
0 0.90865385 0.01923077 0.01442308 0.02043269
0 0.91706731 0.28365385 0.00961538 0.01923077
0 0.88942308 0.38100962 0.01201923 0.01682692
0 0.91586538 0.34735577 0.01201923 0.02524038
0 0.90865385 0.43870192 0.01201923 0.02644231
0 0.88100962 0.44350962 0.01201923 0.02403846
0 0.88581731 0.41466346 0.01562500 0.02163462
0 0.78365385 0.44711538 0.01442308 0.02163462
0 0.81129808 0.71514423 0.01442308 0.02403846
0 0.05769231 0.05649038 0.01442308 0.02644231
0 0.42788462 0.15985577 0.01081731 0.01923077
