0 0.15504808 0.03605769 0.01862981 0.03425481
0 0.07091346 0.01923077 0.01442308 0.02944712
0 0.51442308 0.39062500 0.02463942 0.03185096
0 0.47475962 0.43629808 0.02644231 0.02644231
0 0.78725962 0.41947115 0.01983173 0.04146635
0 0.76201923 0.38942308 0.01682692 0.02644231
0 0.57692308 0.22235577 0.02463942 0.04687500
0 0.83533654 0.28605769 0.01201923 0.03425481
0 0.86177885 0.29927885 0.01802885 0.03245192
0 0.60817308 0.14182692 0.02163462 0.04326923
0 0.90865385 0.21514423 0.01983173 0.02223558
0 0.98317308 0.20913462 0.01742788 0.03004808
0 0.95192308 0.18028846 0.01742788 0.02764423
0 0.92187500 0.17307692 0.02163462 0.02944712
0 0.59134615 0.05769231 0.03185096 0.04567308
0 0.94110577 0.00721154 0.01682692 0.01442308
0 0.90384615 0.01081731 0.01923077 0.02163462
