0 0.28245192 0.32091346 0.01562500 0.04326923
0 0.25360577 0.30769231 0.01562500 0.03004808
0 0.30889423 0.25120192 0.01201923 0.02644231
0 0.31129808 0.22596154 0.01081731 0.02403846
0 0.34735577 0.21394231 0.01442308 0.03125000
0 0.34375000 0.35336538 0.01201923 0.02524038
0 0.41826923 0.43750000 0.01442308 0.03004808
0 0.49399038 0.42067308 0.01201923 0.02644231
0 0.53125000 0.21634615 0.01081731 0.04086538
0 0.57692308 0.20432692 0.01682692 0.03605769
0 0.63461538 0.18870192 0.01201923 0.03125000
0 0.73557692 0.17548077 0.01201923 0.02163462
0 0.73918269 0.15024038 0.01562500 0.02163462
0 0.78004808 0.05048077 0.01562500 0.02524038
0 0.77043269 0.02884615 0.01442308 0.02403846
0 0.75360577 0.39182692 0.01562500 0.03125000
0 0.77524038 0.36298077 0.02043269 0.04326923
0 0.76322115 0.45673077 0.01201923 0.02644231
0 0.74278846 0.46754808 0.01442308 0.03004808
0 0.75480769 0.43870192 0.01562500 0.02644231
0 0.63221154 0.45192308 0.01562500 0.03485577
0 0.67187500 0.72956731 0.01081731 0.02403846
0 0.28725962 0.17548077 0.01201923 0.02043269
0 0.85576923 0.64182692 0.02644231 0.04326923
0 0.87860577 0.48557692 0.02403846 0.04086538
0 0.78485577 0.28846154 0.00721154 0.01442308
0 0.92067308 0.49399038 0.01562500 0.03605769
0 0.56610577 0.31971154 0.01081731 0.01682692
0 0.95312500 0.38942308 0.02043269 0.04326923
0 0.77644231 0.27283654 0.01081731 0.01201923
0 0.66947115 0.71634615 0.00961538 0.02043269
