0 0.16586538 0.08173077 0.01923077 0.04747596
0 0.13581731 0.06850962 0.01923077 0.03245192
0 0.19350962 0.01081731 0.01201923 0.02163462
0 0.23197115 0.11658654 0.01382212 0.02644231
0 0.31129808 0.20673077 0.01682692 0.03245192
0 0.39182692 0.18870192 0.01622596 0.02884615
0 0.53966346 0.22115385 0.02043269 0.03906250
0 0.58173077 0.51802885 0.01442308 0.02584135
0 0.46995192 0.08173077 0.01201923 0.01862981
0 0.57932692 0.50360577 0.01081731 0.02163462
0 0.94350962 0.41346154 0.01262019 0.02884615
0 0.96274038 0.39302885 0.01682692 0.03064904
0 0.99158654 0.35336538 0.01201923 0.02043269
0 0.94471154 0.28605769 0.01081731 0.01983173
0 0.91346154 0.18629808 0.01802885 0.02584135
0 0.93028846 0.09735577 0.00901442 0.02103365
0 0.97355769 0.01081731 0.01562500 0.02163462
0 0.99639423 0.02764423 0.00721154 0.02163462
0 0.98197115 0.08653846 0.01442308 0.02884615
0 0.98918269 0.22596154 0.01262019 0.02463942
0 0.98798077 0.24158654 0.00901442 0.02103365
0 0.82211538 0.23197115 0.01562500 0.01802885
0 0.79567308 0.26802885 0.01442308 0.01862981
0 0.81009615 0.21153846 0.01502404 0.02103365
0 0.84855769 0.24879808 0.02403846 0.02764423
0 0.99639423 0.81610577 0.00721154 0.03605769
0 0.94110577 0.73798077 0.01262019 0.02463942
0 0.96033654 0.91466346 0.02223558 0.03064904
0 0.86778846 0.94230769 0.02043269 0.03485577
0 0.88341346 0.89903846 0.01682692 0.03365385
0 0.88942308 0.85817308 0.01802885 0.02944712
0 0.93389423 0.90745192 0.02163462 0.03545673
0 0.91586538 0.88100962 0.02103365 0.03665865
0 0.92548077 0.73317308 0.01622596 0.03064904
0 0.83774038 0.92067308 0.02103365 0.02463942
