0 0.25721154 0.22235577 0.01923077 0.04807692
0 0.22596154 0.20673077 0.01682692 0.03305288
0 0.28725962 0.14423077 0.01442308 0.02944712
0 0.28966346 0.11658654 0.01442308 0.02644231
0 0.32932692 0.10336538 0.01502404 0.03425481
0 0.32572115 0.25721154 0.01682692 0.02824519
0 0.40865385 0.35096154 0.01622596 0.03305288
0 0.26201923 0.06009615 0.01682692 0.02463942
0 0.69831731 0.50841346 0.01141827 0.01622596
0 0.68509615 0.50000000 0.01442308 0.01983173
0 0.84615385 0.51562500 0.00961538 0.00721154
0 0.81971154 0.38581731 0.01562500 0.02343750
0 0.85937500 0.45312500 0.01201923 0.02644231
0 0.95673077 0.40384615 0.01923077 0.02524038
0 0.98317308 0.36177885 0.01682692 0.02644231
0 0.94350962 0.35096154 0.01262019 0.02403846
0 0.94471154 0.26802885 0.01442308 0.02103365
0 0.93629808 0.25240385 0.01682692 0.02403846
0 0.85336538 0.30288462 0.01442308 0.02403846
0 0.84735577 0.20913462 0.02644231 0.03545673
0 0.76923077 0.18389423 0.01201923 0.01622596
0 0.76562500 0.22596154 0.00901442 0.01983173
0 0.87259615 0.13581731 0.01442308 0.02223558
0 0.87860577 0.15865385 0.01682692 0.03064904
0 0.93629808 0.02283654 0.02223558 0.03064904
0 0.98557692 0.45552885 0.01923077 0.02223558
0 0.89663462 0.02403846 0.01562500 0.03064904
0 0.78846154 0.20552885 0.01081731 0.02103365
0 0.13461538 0.87139423 0.01562500 0.03185096
0 0.32451923 0.78485577 0.01742788 0.03846154
0 0.35456731 0.76322115 0.01622596 0.02704327
0 0.28485577 0.65384615 0.01442308 0.03725962
0 0.25961538 0.66826923 0.01742788 0.03305288
0 0.22235577 0.58052885 0.03665865 0.03665865
0 0.08774038 0.89903846 0.02163462 0.03545673
0 0.14062500 0.55528846 0.01682692 0.02824519
0 0.17427885 0.54086538 0.01742788 0.02403846
0 0.20312500 0.53485577 0.01802885 0.02644231
0 0.05048077 0.83413462 0.02043269 0.03245192
0 0.68269231 0.99639423 0.01442308 0.00721154
0 0.71033654 0.98677885 0.01682692 0.02644231
0 0.92427885 0.86538462 0.02163462 0.04326923
0 0.64543269 0.88100962 0.01862981 0.03545673
0 0.62019231 0.90144231 0.01682692 0.03004808
0 0.87379808 0.78245192 0.01802885 0.04146635
0 0.58293269 0.79326923 0.03786058 0.03545673
0 0.49879808 0.78004808 0.01562500 0.03064904
0 0.53605769 0.76682692 0.01682692 0.02764423
0 0.56730769 0.76442308 0.01923077 0.02644231
0 0.89903846 0.70793269 0.02944712 0.04567308
0 0.55528846 0.58653846 0.01562500 0.03305288
0 0.58894231 0.59735577 0.01682692 0.03185096
