0 0.09735577 0.03365385 0.01622596 0.03305288
0 0.18028846 0.02283654 0.01502404 0.02884615
0 0.32932692 0.04927885 0.01802885 0.03665865
0 0.37379808 0.35216346 0.01201923 0.02644231
0 0.37019231 0.34254808 0.01081731 0.02403846
0 0.39903846 0.33894231 0.03004808 0.06310096
0 0.54927885 0.50000000 0.01622596 0.03305288
0 0.63221154 0.48918269 0.01442308 0.02163462
0 0.91826923 0.52764423 0.01442308 0.02163462
0 0.91225962 0.51081731 0.01622596 0.03064904
0 0.90024038 0.53966346 0.01322115 0.02884615
0 0.78605769 0.51682692 0.02043269 0.03605769
0 0.82211538 0.82331731 0.01442308 0.02584135
0 0.82091346 0.81250000 0.01081731 0.02043269
