0 0.24519231 0.31730769 0.01562500 0.03485577
0 0.20913462 0.30649038 0.01562500 0.03004808
0 0.27283654 0.23437500 0.00961538 0.03004808
0 0.26442308 0.24519231 0.01081731 0.02403846
0 0.30048077 0.21754808 0.01442308 0.03125000
0 0.30288462 0.36057692 0.01201923 0.02524038
0 0.37379808 0.43389423 0.01442308 0.02764423
0 0.45192308 0.42307692 0.01201923 0.02644231
0 0.49038462 0.21754808 0.01081731 0.04086538
0 0.53485577 0.20432692 0.01562500 0.02764423
0 0.58774038 0.18870192 0.01201923 0.03004808
0 0.69350962 0.17548077 0.01201923 0.02403846
0 0.69711538 0.15504808 0.01081731 0.02163462
0 0.73557692 0.04567308 0.01081731 0.02043269
0 0.72836538 0.02764423 0.01081731 0.02163462
0 0.71394231 0.39182692 0.01562500 0.03125000
0 0.73317308 0.35817308 0.02043269 0.03245192
0 0.71875000 0.46153846 0.01081731 0.02043269
0 0.71274038 0.44591346 0.01081731 0.02524038
0 0.70432692 0.46514423 0.01081731 0.02644231
0 0.58894231 0.45432692 0.01442308 0.03125000
0 0.63100962 0.73317308 0.01442308 0.03125000
0 0.24519231 0.17668269 0.01081731 0.01923077
0 0.81009615 0.64423077 0.02764423 0.03846154
0 0.83533654 0.48557692 0.01923077 0.03485577
0 0.74519231 0.28725962 0.00721154 0.01442308
0 0.87740385 0.49879808 0.01442308 0.03245192
0 0.52524038 0.32211538 0.00721154 0.01201923
0 0.91225962 0.39423077 0.02043269 0.03725962
0 0.73317308 0.27163462 0.01081731 0.02163462
0 0.62740385 0.72235577 0.00961538 0.02043269
0 0.52043269 0.31129808 0.00480769 0.01682692
0 0.99038462 0.61298077 0.01562500 0.03125000
