0 0.31129808 0.88461538 0.01742788 0.02343750
0 0.31850962 0.85697115 0.01382212 0.02644231
0 0.33173077 0.87019231 0.01802885 0.04326923
0 0.38581731 0.77283654 0.01442308 0.03004808
0 0.32812500 0.73677885 0.01682692 0.03004808
0 0.34735577 0.71033654 0.01562500 0.02644231
0 0.28485577 0.80769231 0.01682692 0.03004808
0 0.42067308 0.92307692 0.01682692 0.03125000
0 0.42668269 0.89182692 0.01081731 0.03846154
0 0.84735577 0.85336538 0.03305288 0.04987981
0 0.78485577 0.83774038 0.05889423 0.08533654
