0 0.82572115 0.87620192 0.01562500 0.02163462
0 0.82451923 0.84735577 0.01382212 0.02584135
0 0.80528846 0.86658654 0.01442308 0.03846154
0 0.75600962 0.76562500 0.02884615 0.03004808
0 0.81009615 0.73677885 0.01802885 0.03004808
0 0.78846154 0.71153846 0.01442308 0.02644231
0 0.85336538 0.80288462 0.01682692 0.03004808
0 0.72596154 0.90745192 0.01682692 0.03004808
0 0.71875000 0.88100962 0.01322115 0.03485577
0 0.45072115 0.88221154 0.02163462 0.02403846
0 0.45192308 0.90144231 0.02403846 0.02884615
