0 0.13341346 0.41706731 0.03725962 0.06009615
0 0.43149038 0.92187500 0.02043269 0.04447115
0 0.22716346 0.97956731 0.01201923 0.03485577
0 0.21153846 0.98798077 0.01442308 0.02403846
0 0.42908654 0.82572115 0.01682692 0.03966346
0 0.16346154 0.90625000 0.01562500 0.02403846
0 0.09975962 0.92548077 0.01562500 0.03125000
0 0.12139423 0.91466346 0.01562500 0.02644231
0 0.14783654 0.88581731 0.02043269 0.03004808
0 0.44471154 0.75360577 0.01923077 0.04086538
0 0.12740385 0.72355769 0.01201923 0.03125000
0 0.15985577 0.72716346 0.01562500 0.03125000
0 0.24879808 0.66225962 0.01682692 0.02644231
