0 0.97956731 0.72235577 0.01562500 0.03485577
0 0.97956731 0.89062500 0.01562500 0.03125000
0 0.89903846 0.97596154 0.01562500 0.03125000
0 0.81370192 0.95673077 0.01562500 0.03125000
0 0.77043269 0.72596154 0.01201923 0.04206731
0 0.71995192 0.71394231 0.01802885 0.03125000
0 0.65504808 0.70312500 0.01442308 0.03365385
0 0.53966346 0.68149038 0.01442308 0.02043269
0 0.53846154 0.65865385 0.01442308 0.02403846
0 0.51442308 0.93389423 0.02043269 0.03846154
0 0.49759615 0.89302885 0.01802885 0.02764423
0 0.52884615 0.99759615 0.01442308 0.00480769
0 0.51923077 0.98918269 0.01442308 0.02043269
0 0.51322115 0.99278846 0.01201923 0.01442308
0 0.65625000 0.98557692 0.01442308 0.02884615
0 0.48437500 0.80408654 0.00841346 0.02283654
0 0.72956731 0.84014423 0.00841346 0.01442308
0 0.49399038 0.78846154 0.01442308 0.01802885
0 0.73677885 0.83293269 0.00721154 0.02043269
0 0.55408654 0.82331731 0.00480769 0.01802885
