0 0.57812500 0.56610577 0.03245192 0.05108173
0 0.91225962 0.44230769 0.00961538 0.01862981
0 0.90625000 0.44711538 0.00540865 0.01442308
0 0.92307692 0.43629808 0.00841346 0.01322115
0 0.83653846 0.47596154 0.00841346 0.02163462
0 0.82451923 0.48918269 0.00841346 0.02163462
0 0.78846154 0.43750000 0.01322115 0.01802885
0 0.77524038 0.45192308 0.00961538 0.01923077
0 0.77644231 0.47475962 0.01322115 0.02163462
0 0.79086538 0.32692308 0.01322115 0.02163462
0 0.75360577 0.37500000 0.01201923 0.02524038
0 0.66706731 0.34975962 0.01201923 0.02283654
0 0.62259615 0.30528846 0.01442308 0.02283654
0 0.61057692 0.29807692 0.00480769 0.01923077
0 0.67548077 0.27524038 0.01201923 0.02524038
0 0.66947115 0.20312500 0.01322115 0.02163462
0 0.66947115 0.16826923 0.01682692 0.02524038
0 0.75480769 0.22596154 0.01201923 0.02283654
0 0.75600962 0.14423077 0.02524038 0.03245192
0 0.83774038 0.12139423 0.01201923 0.01442308
0 0.81490385 0.12379808 0.00961538 0.01802885
0 0.84134615 0.16225962 0.00961538 0.02163462
0 0.73798077 0.06370192 0.01322115 0.01923077
0 0.71875000 0.06009615 0.01201923 0.01442308
0 0.80168269 0.44471154 0.00841346 0.01322115
0 0.62620192 0.37019231 0.00841346 0.01442308
0 0.16826923 0.69471154 0.01382212 0.01923077
0 0.20673077 0.68509615 0.02584135 0.04387019
0 0.22235577 0.72836538 0.00961538 0.03004808
0 0.10456731 0.84855769 0.02283654 0.04086538
0 0.18750000 0.89062500 0.02524038 0.04326923
0 0.25360577 0.80889423 0.01201923 0.02644231
0 0.25360577 0.97475962 0.02524038 0.03245192
0 0.30889423 0.96995192 0.01442308 0.03004808
0 0.30408654 0.92307692 0.01802885 0.03125000
0 0.27163462 0.94350962 0.02163462 0.03485577
0 0.22956731 0.97355769 0.02524038 0.03605769
0 0.15745192 0.96274038 0.01442308 0.03004808
0 0.16947115 0.78605769 0.01923077 0.04086538
0 0.08894231 0.88822115 0.01802885 0.03485577
0 0.26682692 0.80288462 0.01442308 0.03245192
0 0.07692308 0.88461538 0.01322115 0.02163462
0 0.34975962 0.98557692 0.01682692 0.02163462
0 0.24158654 0.63341346 0.01682692 0.00721154
0 0.70552885 0.94711538 0.01322115 0.03004808
0 0.67908654 0.73076923 0.01682692 0.03605769
0 0.70913462 0.73076923 0.02163462 0.04927885
0 0.69711538 0.66466346 0.01322115 0.02524038
