0 0.25600962 0.98197115 0.01682692 0.03605769
0 0.23798077 0.90504808 0.02043269 0.04447115
0 0.12259615 0.62740385 0.02283654 0.04326923
0 0.06490385 0.41466346 0.01923077 0.03125000
0 0.10456731 0.42668269 0.02283654 0.04807692
0 0.73798077 0.43870192 0.01923077 0.03725962
0 0.67427885 0.42307692 0.01322115 0.03125000
0 0.65985577 0.63100962 0.03966346 0.05889423
0 0.72716346 0.80528846 0.04326923 0.04807692
0 0.49399038 0.71514423 0.01923077 0.03245192
0 0.54567308 0.60937500 0.01682692 0.03725962
0 0.48317308 0.60937500 0.01923077 0.02884615
0 0.42668269 0.66105769 0.02403846 0.04687500
