0 0.67788462 0.06009615 0.00961538 0.02283654
0 0.79086538 0.00841346 0.01442308 0.01682692
0 0.79206731 0.04206731 0.01442308 0.02163462
0 0.80649038 0.31850962 0.01682692 0.02043269
0 0.82932692 0.22475962 0.01322115 0.03365385
0 0.80408654 0.35096154 0.01322115 0.02043269
0 0.81370192 0.33413462 0.00961538 0.02043269
0 0.82692308 0.31129808 0.01442308 0.04206731
0 0.68389423 0.31610577 0.01802885 0.04927885
0 0.92788462 0.36298077 0.02163462 0.03365385
0 0.84975962 0.12740385 0.00841346 0.02043269
0 0.97596154 0.37019231 0.01322115 0.02524038
0 0.83533654 0.11899038 0.00961538 0.01682692
0 0.38701923 0.44110577 0.02043269 0.03605769
0 0.30649038 0.48677885 0.02644231 0.04206731
0 0.23437500 0.57331731 0.02043269 0.04326923
0 0.16947115 0.61899038 0.02043269 0.03846154
0 0.17908654 0.56730769 0.01682692 0.03365385
0 0.18629808 0.51802885 0.01682692 0.03605769
0 0.21754808 0.54447115 0.01442308 0.02764423
0 0.26562500 0.57451923 0.02524038 0.03605769
0 0.33533654 0.56610577 0.01682692 0.03365385
0 0.31129808 0.66947115 0.01682692 0.02764423
0 0.33533654 0.62620192 0.02163462 0.03846154
0 0.32211538 0.75841346 0.02163462 0.05528846
0 0.39783654 0.47956731 0.01682692 0.03365385
0 0.21875000 0.78485577 0.02524038 0.03365385
0 0.39302885 0.73197115 0.02283654 0.03846154
0 0.21754808 0.42548077 0.02163462 0.01442308
0 0.41586538 0.47956731 0.01322115 0.02043269
0 0.13822115 0.58413462 0.01322115 0.02163462
0 0.66346154 0.83052885 0.01322115 0.02644231
0 0.74278846 0.81370192 0.01201923 0.02524038
0 0.78245192 0.60456731 0.02163462 0.05769231
0 0.83052885 0.58533654 0.01682692 0.02644231
0 0.89543269 0.56009615 0.01201923 0.02524038
0 0.99639423 0.55408654 0.00721154 0.02163462
0 0.99639423 0.52524038 0.00721154 0.02644231
0 0.88942308 0.85336538 0.01442308 0.02283654
