0 0.59855769 0.01442308 0.01923077 0.02884615
0 0.58293269 0.04567308 0.01802885 0.03004808
0 0.54206731 0.10817308 0.01802885 0.02764423
0 0.56850962 0.18509615 0.01081731 0.02403846
0 0.57211538 0.16225962 0.01081731 0.01802885
0 0.59134615 0.18509615 0.01322115 0.01923077
0 0.59134615 0.18269231 0.02163462 0.02283654
0 0.64062500 0.07572115 0.02163462 0.04567308
0 0.67548077 0.18509615 0.01682692 0.03725962
0 0.66706731 0.22115385 0.01682692 0.02403846
0 0.66706731 0.32451923 0.01682692 0.03245192
0 0.65024038 0.33052885 0.01081731 0.02283654
0 0.79567308 0.35576923 0.01322115 0.02644231
0 0.79086538 0.37379808 0.01081731 0.02163462
0 0.94951923 0.32091346 0.02644231 0.03365385
0 0.95192308 0.31610577 0.01802885 0.02764423
0 0.93389423 0.21033654 0.02644231 0.02163462
0 0.93149038 0.20192308 0.02403846 0.02163462
