0 0.39302885 0.02283654 0.02223558 0.03185096
0 0.55528846 0.07331731 0.02103365 0.03605769
0 0.42668269 0.61057692 0.01682692 0.02403846
0 0.38822115 0.67427885 0.01682692 0.02644231
0 0.41225962 0.74519231 0.01081731 0.02403846
0 0.41466346 0.72115385 0.01081731 0.01682692
0 0.43028846 0.74278846 0.01081731 0.01682692
0 0.43028846 0.73076923 0.01923077 0.01923077
0 0.48076923 0.64182692 0.01442308 0.04927885
0 0.51682692 0.74639423 0.01442308 0.03485577
0 0.50961538 0.78365385 0.01562500 0.02403846
0 0.50480769 0.88942308 0.01562500 0.03125000
0 0.49278846 0.88942308 0.01322115 0.02163462
