0 0.11177885 0.42788462 0.01682692 0.03245192
0 0.11538462 0.40264423 0.01502404 0.02223558
0 0.09375000 0.41947115 0.01562500 0.03064904
0 0.03966346 0.32211538 0.02343750 0.03064904
0 0.09855769 0.29567308 0.02704327 0.03485577
0 0.07211538 0.26923077 0.01562500 0.02463942
0 0.13701923 0.36298077 0.01862981 0.03004808
0 0.00841346 0.45673077 0.01682692 0.02884615
0 0.00600962 0.57331731 0.01201923 0.03605769
0 0.02644231 0.59254808 0.00961538 0.02584135
0 0.70793269 0.70192308 0.02223558 0.04266827
0 0.57331731 0.69471154 0.01923077 0.03365385
0 0.54567308 0.68629808 0.02584135 0.03185096
