0 0.26081731 0.19951923 0.01682692 0.03004808
0 0.26442308 0.17187500 0.01502404 0.02223558
0 0.24158654 0.19230769 0.01682692 0.03064904
0 0.19350962 0.09134615 0.02704327 0.03365385
0 0.24519231 0.06850962 0.02463942 0.03365385
0 0.21754808 0.03966346 0.01562500 0.02584135
0 0.28846154 0.13701923 0.01983173 0.03125000
0 0.15504808 0.22956731 0.01802885 0.03064904
0 0.14783654 0.20793269 0.01442308 0.03545673
0 0.15745192 0.33894231 0.02343750 0.04026442
0 0.02283654 0.39783654 0.01442308 0.02884615
0 0.01923077 0.37259615 0.01502404 0.03004808
