0 0.37259615 0.36057692 0.01442308 0.02043269
0 0.36658654 0.33413462 0.00961538 0.02403846
0 0.35456731 0.34735577 0.01802885 0.04086538
0 0.30288462 0.25721154 0.01622596 0.02944712
0 0.35697115 0.22235577 0.01802885 0.02704327
0 0.33894231 0.19831731 0.01562500 0.02524038
0 0.39783654 0.28846154 0.01923077 0.02944712
0 0.27043269 0.39663462 0.01802885 0.02884615
0 0.26442308 0.36658654 0.01201923 0.03605769
0 0.00961538 0.37620192 0.01923077 0.02644231
0 0.01081731 0.38822115 0.02163462 0.02644231
