0 0.51682692 0.32692308 0.03485577 0.03245192
0 0.51442308 0.35937500 0.01562500 0.03004808
0 0.47355769 0.42067308 0.01682692 0.02644231
0 0.49639423 0.49399038 0.01081731 0.02403846
0 0.50120192 0.47115385 0.01081731 0.01682692
0 0.51682692 0.49278846 0.01201923 0.01923077
0 0.51923077 0.47836538 0.01682692 0.01923077
0 0.56610577 0.39302885 0.01201923 0.04807692
0 0.60096154 0.49399038 0.01442308 0.03485577
0 0.59495192 0.52764423 0.01442308 0.02403846
0 0.59014423 0.63461538 0.01562500 0.03125000
0 0.57692308 0.63221154 0.01201923 0.02403846
0 0.66346154 0.90264423 0.02163462 0.03485577
0 0.67067308 0.91947115 0.01442308 0.03605769
0 0.65625000 0.92548077 0.01442308 0.02644231
0 0.71514423 0.65985577 0.01081731 0.02403846
0 0.71514423 0.67668269 0.01081731 0.02043269
0 0.86177885 0.62860577 0.02524038 0.03245192
0 0.87019231 0.61057692 0.01682692 0.02644231
0 0.85096154 0.52043269 0.02403846 0.02043269
0 0.84975962 0.50600962 0.02403846 0.02043269
