0 0.12500000 0.10937500 0.04026442 0.03966346
0 0.13341346 0.13461538 0.01802885 0.03305288
0 0.17908654 0.20913462 0.02043269 0.02884615
0 0.15144231 0.28605769 0.01322115 0.02463942
0 0.14783654 0.25961538 0.01201923 0.01923077
0 0.13221154 0.28245192 0.01201923 0.01923077
0 0.13341346 0.27403846 0.02103365 0.02043269
0 0.07932692 0.17427885 0.01502404 0.05048077
0 0.04206731 0.28485577 0.02043269 0.03966346
0 0.04807692 0.32572115 0.01682692 0.02704327
0 0.05168269 0.43750000 0.01682692 0.03365385
0 0.06490385 0.44110577 0.01502404 0.02524038
0 0.35096154 0.64663462 0.04507212 0.06310096
0 0.02163462 0.48437500 0.03846154 0.01201923
