0 0.52644231 0.33533654 0.03485577 0.03245192
0 0.51562500 0.35697115 0.01562500 0.03004808
0 0.47475962 0.42307692 0.01682692 0.02644231
0 0.49879808 0.49639423 0.01081731 0.02403846
0 0.50120192 0.47235577 0.01081731 0.01682692
0 0.51923077 0.49399038 0.01201923 0.01923077
0 0.52043269 0.49278846 0.02043269 0.02163462
0 0.56730769 0.39182692 0.01201923 0.04687500
0 0.60096154 0.49278846 0.01562500 0.03605769
0 0.59495192 0.52884615 0.01562500 0.02524038
0 0.59375000 0.63461538 0.01562500 0.03125000
0 0.57692308 0.63461538 0.01201923 0.02163462
0 0.66225962 0.91346154 0.02163462 0.03485577
0 0.66706731 0.92427885 0.01442308 0.03605769
0 0.65625000 0.93028846 0.01442308 0.02644231
0 0.71875000 0.65504808 0.01201923 0.02403846
0 0.71394231 0.67788462 0.01081731 0.02043269
0 0.86538462 0.62620192 0.02524038 0.03245192
0 0.86538462 0.61899038 0.01682692 0.02644231
0 0.84975962 0.52043269 0.02403846 0.02043269
0 0.84855769 0.50961538 0.02403846 0.02163462
