0 0.52644231 0.33653846 0.03485577 0.03245192
0 0.51562500 0.35937500 0.01562500 0.03004808
0 0.47475962 0.42067308 0.01682692 0.02644231
0 0.49879808 0.49399038 0.01081731 0.02403846
0 0.50360577 0.46875000 0.01081731 0.01682692
0 0.52163462 0.49399038 0.01201923 0.01923077
0 0.52163462 0.49399038 0.02043269 0.02163462
0 0.56610577 0.39302885 0.01201923 0.04687500
0 0.60096154 0.49278846 0.01562500 0.03605769
0 0.59495192 0.52764423 0.01562500 0.02524038
0 0.59254808 0.63100962 0.01562500 0.03125000
0 0.57692308 0.63461538 0.01081731 0.02163462
0 0.65985577 0.91346154 0.02163462 0.03485577
0 0.66346154 0.92307692 0.01442308 0.03605769
0 0.65384615 0.92788462 0.01442308 0.02644231
0 0.71875000 0.65504808 0.01201923 0.02524038
0 0.71274038 0.67668269 0.01081731 0.02043269
0 0.86538462 0.62620192 0.02524038 0.03245192
0 0.86899038 0.62139423 0.01682692 0.02644231
0 0.84975962 0.51802885 0.02403846 0.02043269
0 0.84975962 0.50841346 0.02403846 0.02163462
