0 0.62980769 0.26923077 0.03425481 0.03305288
0 0.63221154 0.30168269 0.01622596 0.03064904
0 0.67307692 0.36298077 0.01562500 0.02524038
0 0.65024038 0.43629808 0.01141827 0.02403846
0 0.64543269 0.41346154 0.01262019 0.01802885
0 0.62980769 0.43509615 0.01201923 0.01923077
0 0.62740385 0.42067308 0.01682692 0.01923077
0 0.58052885 0.33533654 0.01201923 0.04807692
0 0.54567308 0.43629808 0.01442308 0.03485577
0 0.41346154 0.94951923 0.01502404 0.03245192
0 0.38701923 0.94230769 0.02403846 0.02824519
0 0.22596154 0.76201923 0.01081731 0.03245192
0 0.12740385 0.75600962 0.01562500 0.03725962
0 0.11778846 0.65865385 0.01923077 0.01923077
