0 0.60937500 0.71634615 0.01802885 0.03245192
0 0.60576923 0.68870192 0.01322115 0.02283654
0 0.62740385 0.70913462 0.01442308 0.02884615
0 0.67548077 0.61057692 0.02403846 0.03125000
0 0.62500000 0.58774038 0.02403846 0.03245192
0 0.65264423 0.56009615 0.01442308 0.02403846
0 0.58533654 0.65504808 0.01201923 0.03125000
0 0.71274038 0.74519231 0.01682692 0.02884615
0 0.71995192 0.72475962 0.01442308 0.03485577
0 0.71033654 0.85336538 0.01923077 0.03966346
0 0.84254808 0.91105769 0.01442308 0.02764423
0 0.84735577 0.88581731 0.01322115 0.03125000
0 0.98197115 0.73197115 0.02403846 0.02283654
0 0.98197115 0.74278846 0.02884615 0.02764423
0 0.99399038 0.85096154 0.01201923 0.03846154
