0 0.51081731 0.32572115 0.01622596 0.02223558
0 0.51322115 0.29567308 0.01562500 0.02524038
0 0.53125000 0.31610577 0.01562500 0.03966346
0 0.58293269 0.21033654 0.02884615 0.03125000
0 0.52764423 0.18028846 0.01923077 0.03125000
0 0.54927885 0.15504808 0.01562500 0.02764423
0 0.48197115 0.25000000 0.01682692 0.03125000
0 0.61538462 0.35817308 0.01682692 0.03125000
0 0.62139423 0.33052885 0.01442308 0.03605769
0 0.61658654 0.46754808 0.01682692 0.02644231
0 0.75360577 0.52884615 0.01562500 0.02884615
0 0.75480769 0.50000000 0.01442308 0.03125000
0 0.59735577 0.49038462 0.01201923 0.02764423
0 0.90264423 0.33293269 0.02644231 0.02403846
0 0.90024038 0.35096154 0.03125000 0.02884615
0 0.91947115 0.46754808 0.02644231 0.03966346
0 0.92908654 0.45312500 0.01923077 0.02283654
