0 0.24639423 0.40865385 0.03125000 0.03906250
0 0.55769231 0.37500000 0.02584135 0.03906250
0 0.56971154 0.34134615 0.02824519 0.03004808
0 0.89182692 0.16586538 0.03786058 0.04447115
0 0.97716346 0.09495192 0.03485577 0.05889423
0 0.35697115 0.50360577 0.03846154 0.03665865
0 0.34495192 0.53004808 0.01983173 0.03485577
0 0.29807692 0.59735577 0.01923077 0.03064904
0 0.32572115 0.68028846 0.01322115 0.02764423
0 0.33052885 0.65144231 0.01322115 0.01923077
0 0.35096154 0.68028846 0.01442308 0.01983173
0 0.35096154 0.68028846 0.02463942 0.02524038
0 0.40144231 0.56730769 0.01923077 0.05288462
0 0.44110577 0.67908654 0.01862981 0.04026442
0 0.43389423 0.71875000 0.01802885 0.02764423
0 0.43149038 0.83413462 0.01802885 0.03485577
0 0.41346154 0.83774038 0.01201923 0.02403846
0 0.57211538 0.86057692 0.01442308 0.02764423
0 0.56610577 0.88461538 0.01201923 0.02283654
