0 0.77043269 0.65985577 0.03665865 0.03605769
0 0.78245192 0.68389423 0.01682692 0.03185096
0 0.82692308 0.75600962 0.01923077 0.02884615
0 0.80168269 0.83653846 0.01201923 0.02524038
0 0.79807692 0.80889423 0.01201923 0.01923077
0 0.78004808 0.83293269 0.01322115 0.02043269
0 0.77764423 0.83173077 0.02163462 0.02403846
0 0.72716346 0.72115385 0.01322115 0.05168269
0 0.68870192 0.83173077 0.01682692 0.03966346
0 0.69591346 0.87139423 0.01682692 0.02764423
0 0.69591346 0.98437500 0.01682692 0.03125000
0 0.71634615 0.98798077 0.01322115 0.02403846
0 0.56009615 0.99759615 0.01442308 0.00480769
0 0.40144231 0.97716346 0.02403846 0.03605769
0 0.40024038 0.97115385 0.01923077 0.02884615
0 0.41826923 0.86177885 0.02524038 0.02163462
0 0.41947115 0.84975962 0.02524038 0.02403846
