0 0.22596154 0.12139423 0.02283654 0.03966346
0 0.23317308 0.39302885 0.01923077 0.01201923
0 0.25360577 0.28125000 0.02223558 0.03004808
0 0.51682692 0.32812500 0.02644231 0.03185096
0 0.51081731 0.01322115 0.02163462 0.02644231
0 0.40625000 0.77884615 0.02764423 0.03185096
0 0.38100962 0.96875000 0.01862981 0.03485577
0 0.61298077 0.91346154 0.02223558 0.03906250
0 0.59855769 0.59735577 0.01742788 0.04026442
0 0.41105769 0.47596154 0.01802885 0.02644231
0 0.75961538 0.60216346 0.03365385 0.04747596
0 0.77403846 0.40865385 0.03365385 0.01923077
