0 0.62620192 0.27644231 0.02043269 0.02403846
0 0.67788462 0.21153846 0.01562500 0.03125000
0 0.69230769 0.09375000 0.01562500 0.03846154
0 0.96514423 0.13221154 0.02644231 0.02884615
0 0.10096154 0.99639423 0.02403846 0.00721154
0 0.19230769 0.95192308 0.01562500 0.04086538
0 0.20312500 0.93149038 0.01442308 0.04927885
0 0.38461538 0.77764423 0.01322115 0.05528846
0 0.27163462 0.60817308 0.01322115 0.04447115
0 0.39302885 0.42668269 0.02043269 0.02403846
0 0.42187500 0.51442308 0.02043269 0.02884615
