0 0.68629808 0.17187500 0.01983173 0.03665865
0 0.70192308 0.18269231 0.02163462 0.02463942
0 0.76802885 0.11418269 0.02764423 0.04567308
0 0.96995192 0.04206731 0.02644231 0.03485577
0 0.89543269 0.39543269 0.02283654 0.03846154
0 0.73918269 0.43269231 0.02043269 0.02644231
0 0.72115385 0.45552885 0.02043269 0.04206731
0 0.91225962 0.48076923 0.02163462 0.01442308
0 0.93389423 0.46634615 0.03125000 0.04326923
0 0.69951923 0.51081731 0.04326923 0.04567308
0 0.87139423 0.50360577 0.02644231 0.03125000
0 0.77644231 0.62259615 0.02764423 0.03846154
0 0.71274038 0.74038462 0.03004808 0.04326923
0 0.55288462 0.83653846 0.02644231 0.04567308
0 0.54206731 0.92788462 0.02043269 0.03846154
0 0.57692308 0.91826923 0.03966346 0.05408654
0 0.72596154 0.94230769 0.04807692 0.05769231
0 0.73197115 0.86538462 0.02043269 0.05168269
0 0.77283654 0.78365385 0.03245192 0.08173077
0 0.85937500 0.91225962 0.02283654 0.03125000
0 0.88341346 0.95192308 0.03485577 0.03966346
0 0.88822115 0.91466346 0.02403846 0.03605769
0 0.89423077 0.75360577 0.03245192 0.05889423
0 0.90625000 0.78966346 0.02644231 0.03846154
0 0.94711538 0.80288462 0.02644231 0.06129808
