0 0.89302885 0.02403846 0.05288462 0.04206731
0 0.84735577 0.03125000 0.04086538 0.06250000
0 0.67067308 0.12620192 0.01923077 0.03125000
0 0.76562500 0.14423077 0.01802885 0.03485577
0 0.72596154 0.09975962 0.02163462 0.04567308
0 0.78004808 0.09615385 0.02283654 0.04086538
0 0.77524038 0.13221154 0.02403846 0.04927885
0 0.82211538 0.12980769 0.03725962 0.04206731
0 0.82451923 0.09014423 0.03485577 0.05889423
0 0.82572115 0.21634615 0.03004808 0.06610577
0 0.90384615 0.16466346 0.02764423 0.03725962
0 0.66466346 0.21394231 0.02403846 0.04086538
0 0.75240385 0.27884615 0.02403846 0.03245192
0 0.76081731 0.43629808 0.03125000 0.04567308
0 0.75000000 0.45432692 0.02764423 0.06730769
0 0.64663462 0.45673077 0.02403846 0.04567308
0 0.59495192 0.47836538 0.02283654 0.03245192
0 0.53605769 0.44711538 0.03966346 0.04927885
0 0.63221154 0.49278846 0.03365385 0.03365385
0 0.55408654 0.49038462 0.02764423 0.03725962
0 0.30168269 0.54086538 0.01802885 0.03485577
0 0.32451923 0.52524038 0.02884615 0.03125000
0 0.35697115 0.52043269 0.03125000 0.02163462
0 0.35697115 0.59495192 0.03966346 0.08052885
0 0.44350962 0.59134615 0.01201923 0.03365385
0 0.19110577 0.60817308 0.02403846 0.04086538
0 0.28245192 0.75480769 0.02764423 0.03725962
0 0.34855769 0.83533654 0.02764423 0.04086538
0 0.33173077 0.94831731 0.02163462 0.05288462
0 0.29447115 0.90264423 0.03125000 0.08533654
0 0.20312500 0.99038462 0.02163462 0.01923077
0 0.17548077 0.99038462 0.02403846 0.01923077
0 0.17427885 0.84615385 0.04086538 0.06610577
0 0.17548077 0.88100962 0.02403846 0.03725962
0 0.03485577 0.82692308 0.01923077 0.03966346
0 0.09975962 0.88581731 0.01923077 0.04567308
0 0.05649038 0.92187500 0.02644231 0.03485577
0 0.92908654 0.98076923 0.03605769 0.03846154
0 0.93028846 0.93870192 0.01802885 0.03605769
0 0.98798077 0.88100962 0.02403846 0.04567308
0 0.84735577 0.81370192 0.01923077 0.03725962
0 0.87980769 0.85096154 0.01923077 0.03485577
0 0.91586538 0.91826923 0.01923077 0.05769231
0 0.88701923 0.88461538 0.01322115 0.02403846
0 0.85937500 0.89543269 0.02283654 0.03605769
0 0.88341346 0.97836538 0.03605769 0.04326923
0 0.82091346 0.97475962 0.02644231 0.05048077
0 0.80288462 0.80769231 0.01802885 0.02403846
0 0.80168269 0.79807692 0.02163462 0.03004808
0 0.79687500 0.98798077 0.02163462 0.02403846
0 0.73677885 0.80528846 0.02283654 0.05769231
0 0.83533654 0.73918269 0.03485577 0.04447115
0 0.71634615 0.78846154 0.03245192 0.03725962
0 0.49519231 0.75961538 0.03725962 0.05769231
0 0.57211538 0.75721154 0.03125000 0.03605769
0 0.81250000 0.68149038 0.02283654 0.05048077
0 0.62860577 0.72355769 0.01802885 0.03245192
0 0.78245192 0.52524038 0.02163462 0.03125000
0 0.94350962 0.97716346 0.01923077 0.04567308
0 0.59975962 0.77644231 0.00961538 0.02163462
0 0.61057692 0.77884615 0.01802885 0.03725962
0 0.62500000 0.78605769 0.01682692 0.02644231
0 0.63581731 0.79206731 0.01442308 0.03245192
0 0.61538462 0.96274038 0.01322115 0.03125000
0 0.63100962 0.96274038 0.01442308 0.04086538
0 0.64663462 0.96754808 0.01322115 0.03725962
0 0.66346154 0.97596154 0.02163462 0.03125000
