0 0.60697115 0.12500000 0.01802885 0.03725962
0 0.61899038 0.01682692 0.02163462 0.03365385
0 0.63942308 0.09495192 0.02163462 0.03365385
0 0.59375000 0.02884615 0.02884615 0.02884615
0 0.85336538 0.00360577 0.01442308 0.00721154
0 0.84014423 0.00841346 0.01682692 0.01682692
0 0.82091346 0.00721154 0.02163462 0.01442308
0 0.80528846 0.01682692 0.02403846 0.03365385
0 0.58894231 0.18629808 0.02163462 0.03485577
0 0.58413462 0.23437500 0.02163462 0.03365385
0 0.11778846 0.98317308 0.03846154 0.03365385
0 0.11778846 0.94230769 0.02043269 0.04206731
0 0.00360577 0.88341346 0.00721154 0.04086538
0 0.05528846 0.88581731 0.02283654 0.04687500
0 0.00961538 0.85336538 0.01923077 0.02884615
0 0.03485577 0.81490385 0.02043269 0.03725962
0 0.19711538 0.81250000 0.02043269 0.03846154
0 0.16947115 0.84495192 0.01682692 0.02644231
0 0.13221154 0.91947115 0.01802885 0.05288462
0 0.16105769 0.88822115 0.01322115 0.02884615
0 0.19350962 0.90504808 0.02524038 0.03966346
0 0.16586538 0.97836538 0.03846154 0.04326923
0 0.22836538 0.97355769 0.02884615 0.05288462
0 0.24519231 0.80889423 0.01802885 0.02524038
0 0.24759615 0.79927885 0.02163462 0.03004808
0 0.24639423 0.98557692 0.02163462 0.02884615
0 0.31250000 0.81370192 0.02283654 0.05528846
0 0.21394231 0.74278846 0.03365385 0.04447115
0 0.35096154 0.79326923 0.03125000 0.03725962
0 0.55769231 0.75360577 0.02403846 0.05528846
0 0.49639423 0.74759615 0.02644231 0.04447115
0 0.23557692 0.68269231 0.02163462 0.05168269
0 0.42307692 0.71153846 0.02043269 0.03485577
0 0.26802885 0.50600962 0.02283654 0.04206731
0 0.10336538 0.97836538 0.01923077 0.04326923
0 0.45552885 0.77524038 0.02524038 0.03966346
0 0.43990385 0.78125000 0.01802885 0.03004808
0 0.42788462 0.78605769 0.01322115 0.04206731
0 0.44350962 0.96033654 0.01322115 0.03004808
0 0.42668269 0.95913462 0.02043269 0.03365385
0 0.41225962 0.96754808 0.01682692 0.03846154
0 0.39663462 0.97355769 0.02283654 0.02884615
