0 0.36298077 0.32812500 0.00961538 0.03125000
0 0.37019231 0.28485577 0.01682692 0.02764423
0 0.46394231 0.29326923 0.01562500 0.03365385
0 0.47836538 0.11298077 0.02043269 0.04447115
0 0.43750000 0.03966346 0.02163462 0.03245192
0 0.74278846 0.07331731 0.02163462 0.03725962
0 0.63822115 0.01201923 0.02644231 0.02403846
0 0.07331731 0.92067308 0.03725962 0.06490385
0 0.07091346 0.73317308 0.02764423 0.03966346
0 0.08293269 0.67788462 0.01442308 0.03125000
0 0.03365385 0.62980769 0.02283654 0.04687500
0 0.03846154 0.59735577 0.02283654 0.03485577
0 0.13221154 0.46995192 0.03125000 0.03846154
0 0.07211538 0.48317308 0.03125000 0.04567308
0 0.11298077 0.45793269 0.03846154 0.01682692
0 0.00480769 0.48437500 0.00961538 0.03605769
0 0.03125000 0.99399038 0.01923077 0.01201923
