0 0.50480769 0.30408654 0.02884615 0.05588942
0 0.50360577 0.10576923 0.02403846 0.03485577
0 0.50000000 0.08293269 0.01442308 0.02884615
0 0.56490385 0.02644231 0.02043269 0.04447115
0 0.53846154 0.00480769 0.01923077 0.00961538
0 0.71394231 0.02163462 0.01802885 0.03846154
0 0.74158654 0.01081731 0.02163462 0.02163462
0 0.71274038 0.13701923 0.02043269 0.03725962
0 0.70312500 0.18149038 0.02403846 0.03245192
0 0.53365385 0.45552885 0.01802885 0.03485577
0 0.48197115 0.50360577 0.02524038 0.03245192
0 0.34254808 0.83774038 0.01923077 0.03725962
