0 0.09735577 0.98437500 0.03125000 0.03125000
0 0.10576923 0.96514423 0.03846154 0.06971154
0 0.10697115 0.90985577 0.01682692 0.03605769
0 0.04447115 0.84855769 0.02644231 0.04807692
0 0.00360577 0.81490385 0.00721154 0.03365385
0 0.02163462 0.77403846 0.02283654 0.03966346
0 0.19711538 0.78125000 0.02283654 0.03966346
0 0.16105769 0.81370192 0.02043269 0.03605769
0 0.12860577 0.87740385 0.02043269 0.06129808
0 0.15264423 0.84495192 0.01442308 0.02764423
0 0.18269231 0.86658654 0.02764423 0.04807692
0 0.15384615 0.96754808 0.03846154 0.06490385
0 0.21875000 0.96394231 0.02884615 0.07211538
0 0.24158654 0.76923077 0.01923077 0.02764423
0 0.24399038 0.76081731 0.02283654 0.03125000
0 0.24639423 0.98076923 0.02644231 0.03846154
0 0.21274038 0.99519231 0.03125000 0.00961538
0 0.31250000 0.76923077 0.02644231 0.06370192
0 0.20793269 0.69711538 0.03605769 0.04687500
0 0.31610577 0.74158654 0.03605769 0.04326923
0 0.23197115 0.63581731 0.02283654 0.05048077
0 0.43149038 0.69471154 0.01923077 0.03485577
0 0.26081731 0.47836538 0.02403846 0.04567308
0 0.09254808 0.95673077 0.02043269 0.05168269
0 0.44350962 0.74399038 0.01201923 0.03125000
0 0.43028846 0.74639423 0.01682692 0.03846154
0 0.41586538 0.75120192 0.01081731 0.03125000
0 0.40625000 0.76322115 0.01081731 0.03485577
0 0.43509615 0.93509615 0.01562500 0.02644231
0 0.42067308 0.93509615 0.02043269 0.04326923
0 0.40384615 0.94711538 0.01562500 0.03485577
0 0.38461538 0.95192308 0.02283654 0.03605769
0 0.64663462 0.92307692 0.03004808 0.05168269
0 0.99519231 0.49519231 0.00961538 0.05288462
