0 0.59975962 0.23317308 0.03125000 0.04927885
0 0.50240385 0.92307692 0.01442308 0.02403846
0 0.50120192 0.91586538 0.01682692 0.02884615
0 0.43750000 0.92548077 0.02283654 0.05408654
0 0.43870192 0.91105769 0.03485577 0.04086538
0 0.22475962 0.90264423 0.03125000 0.04326923
0 0.50721154 0.80649038 0.00480769 0.05048077
0 0.33173077 0.88341346 0.01682692 0.03245192
0 0.48197115 0.68389423 0.02644231 0.04567308
0 0.37980769 0.93990385 0.01322115 0.02644231
0 0.37019231 0.93269231 0.00841346 0.02283654
0 0.35937500 0.92427885 0.01802885 0.04086538
0 0.34615385 0.91586538 0.01442308 0.03485577
