0 0.13822115 0.87019231 0.01442308 0.03004808
0 0.14663462 0.86899038 0.01322115 0.02884615
0 0.16225962 0.85216346 0.01923077 0.04086538
0 0.11298077 0.80408654 0.01682692 0.03485577
0 0.15504808 0.70552885 0.01682692 0.03125000
0 0.18509615 0.69711538 0.02403846 0.01442308
0 0.09134615 0.70192308 0.01442308 0.02403846
0 0.07572115 0.71995192 0.02043269 0.04086538
0 0.00360577 0.71033654 0.00721154 0.03605769
0 0.21274038 0.97836538 0.02043269 0.03846154
0 0.74038462 0.99278846 0.01442308 0.01442308
0 0.72475962 0.84615385 0.01923077 0.03485577
