0 0.98918269 0.13942308 0.02163462 0.04326923
0 0.97716346 0.18389423 0.02163462 0.08173077
0 0.96394231 0.02884615 0.01923077 0.02764423
0 0.96995192 0.01081731 0.02163462 0.02163462
0 0.96394231 0.10576923 0.02163462 0.03245192
0 0.96033654 0.19951923 0.02403846 0.03725962
0 0.99158654 0.24038462 0.01682692 0.02884615
0 0.90144231 0.00600962 0.01923077 0.01201923
0 0.73557692 0.07572115 0.03485577 0.04086538
0 0.74038462 0.12860577 0.01442308 0.03004808
0 0.75721154 0.12980769 0.01682692 0.04807692
0 0.77043269 0.13461538 0.01322115 0.04206731
0 0.78605769 0.14062500 0.01923077 0.04086538
0 0.95072115 0.91346154 0.02283654 0.04447115
0 0.98918269 0.93629808 0.01923077 0.03485577
0 0.99038462 0.94110577 0.01322115 0.02403846
0 0.97235577 0.98076923 0.02644231 0.03846154
0 0.91346154 0.89062500 0.01802885 0.02644231
0 0.91105769 0.88341346 0.01923077 0.03004808
0 0.84735577 0.89062500 0.02283654 0.05408654
0 0.94230769 0.82572115 0.03605769 0.04567308
0 0.85336538 0.86177885 0.03485577 0.04086538
0 0.62139423 0.85456731 0.04086538 0.06370192
0 0.92187500 0.76923077 0.02163462 0.04927885
0 0.73557692 0.84014423 0.01682692 0.03245192
0 0.89423077 0.63822115 0.02403846 0.04447115
0 0.77884615 0.90024038 0.01682692 0.02644231
0 0.76802885 0.89783654 0.01442308 0.02403846
0 0.75721154 0.88701923 0.02403846 0.04447115
0 0.74158654 0.87019231 0.01201923 0.03725962
