0 0.79086538 0.66105769 0.02884615 0.03365385
0 0.01201923 0.98798077 0.01923077 0.02403846
0 0.06129808 0.98076923 0.01802885 0.02644231
0 0.06370192 0.96394231 0.02043269 0.03004808
0 0.13341346 0.95913462 0.02043269 0.03365385
0 0.03245192 0.91466346 0.03725962 0.04687500
0 0.19591346 0.97956731 0.03245192 0.03725962
0 0.39423077 0.93028846 0.03605769 0.05408654
0 0.32932692 0.90264423 0.02644231 0.04567308
0 0.05168269 0.85216346 0.02163462 0.04927885
0 0.24639423 0.86538462 0.02163462 0.04086538
0 0.29807692 0.93028846 0.02163462 0.03365385
0 0.27764423 0.93870192 0.01322115 0.03004808
0 0.26562500 0.94350962 0.01322115 0.03846154
