0 0.07692308 0.96033654 0.02764423 0.04927885
0 0.41586538 0.56850962 0.03125000 0.04927885
0 0.72716346 0.86177885 0.02163462 0.03125000
0 0.71754808 0.84855769 0.01322115 0.02884615
0 0.78245192 0.78605769 0.02403846 0.05408654
0 0.75360577 0.76322115 0.02163462 0.03245192
0 0.64783654 0.65865385 0.02403846 0.03846154
0 0.71875000 0.68629808 0.02764423 0.05048077
0 0.67067308 0.64783654 0.02764423 0.03725962
0 0.70192308 0.62379808 0.01802885 0.03365385
0 0.83413462 0.57692308 0.01923077 0.03725962
0 0.83293269 0.63221154 0.02283654 0.03846154
0 0.79927885 0.62259615 0.02764423 0.05889423
0 0.78725962 0.69591346 0.01923077 0.03725962
0 0.80769231 0.71754808 0.02163462 0.04086538
0 0.88942308 0.72355769 0.02403846 0.03846154
0 0.85697115 0.74278846 0.03725962 0.06971154
0 0.91346154 0.79927885 0.01923077 0.04086538
0 0.91947115 0.62259615 0.01923077 0.02764423
0 0.91225962 0.59495192 0.02163462 0.03125000
0 0.93389423 0.68389423 0.02283654 0.03605769
0 0.94471154 0.78846154 0.02283654 0.03605769
0 0.90865385 0.71153846 0.02283654 0.02283654
0 0.97475962 0.60697115 0.02163462 0.03365385
0 0.87620192 0.54567308 0.02163462 0.03846154
0 0.90144231 0.45913462 0.02403846 0.03846154
0 0.92427885 0.94951923 0.01923077 0.03605769
0 0.91346154 0.98317308 0.02403846 0.03365385
