0 0.47836538 0.46514423 0.03846154 0.04567308
0 0.46033654 0.46995192 0.03605769 0.03605769
0 0.74519231 0.46153846 0.01983173 0.02884615
0 0.74639423 0.45552885 0.02043269 0.03125000
0 0.81009615 0.44350962 0.02644231 0.03966346
0 0.71394231 0.38942308 0.03966346 0.05168269
0 0.98076923 0.47355769 0.03365385 0.02884615
0 0.73677885 0.36177885 0.02884615 0.06610577
0 0.87259615 0.43389423 0.01682692 0.03245192
0 0.76322115 0.28846154 0.02644231 0.04687500
0 0.81971154 0.46875000 0.02043269 0.03846154
0 0.88942308 0.46033654 0.01442308 0.03125000
0 0.87620192 0.47235577 0.01201923 0.03125000
0 0.85937500 0.48076923 0.03125000 0.01442308
