0 0.06009615 0.56129808 0.03365385 0.04206731
0 0.39302885 0.96274038 0.00721154 0.04086538
0 0.46754808 0.83533654 0.01923077 0.03725962
0 0.44110577 0.87019231 0.01682692 0.02764423
0 0.40745192 0.93990385 0.01802885 0.05288462
0 0.43149038 0.91346154 0.01322115 0.02764423
0 0.46514423 0.92788462 0.02283654 0.03605769
0 0.43629808 0.98677885 0.03605769 0.02644231
0 0.49759615 0.98437500 0.02884615 0.03125000
0 0.51442308 0.83293269 0.01802885 0.02403846
0 0.51081731 0.82331731 0.01923077 0.03004808
0 0.51562500 0.99278846 0.02163462 0.01442308
0 0.58173077 0.83533654 0.02283654 0.05408654
0 0.48437500 0.76682692 0.03245192 0.04447115
0 0.61899038 0.81610577 0.03125000 0.03605769
0 0.82932692 0.78004808 0.03485577 0.05288462
0 0.76682692 0.76201923 0.02403846 0.04086538
0 0.50480769 0.70913462 0.02163462 0.05048077
0 0.69110577 0.73317308 0.01923077 0.03605769
0 0.53725962 0.53004808 0.02283654 0.04086538
0 0.87620192 0.25600962 0.02644231 0.01201923
0 0.72836538 0.79567308 0.02403846 0.02403846
0 0.71033654 0.80048077 0.01442308 0.02163462
0 0.69711538 0.80408654 0.01201923 0.03245192
0 0.71274038 0.97836538 0.01442308 0.02764423
0 0.69951923 0.97716346 0.01682692 0.03485577
0 0.68269231 0.98197115 0.01923077 0.03605769
0 0.66346154 0.98557692 0.01442308 0.02884615
