0 0.70072115 0.24158654 0.04026442 0.06490385
0 0.71153846 0.17668269 0.03485577 0.04867788
0 0.70552885 0.12620192 0.03185096 0.06250000
0 0.71153846 0.06610577 0.02043269 0.04326923
0 0.83653846 0.00961538 0.02884615 0.01923077
0 0.77403846 0.01682692 0.02403846 0.03365385
0 0.69350962 0.03966346 0.01923077 0.05528846
0 0.66586538 0.01322115 0.01442308 0.02644231
0 0.62740385 0.02884615 0.02644231 0.03966346
0 0.65504808 0.10697115 0.03966346 0.07091346
0 0.59254808 0.12259615 0.03004808 0.11658654
0 0.57692308 0.09975962 0.01442308 0.05528846
0 0.59254808 0.15144231 0.03004808 0.04687500
0 0.62019231 0.18870192 0.02283654 0.03125000
0 0.72235577 0.10456731 0.01682692 0.04326923
0 0.55649038 0.63100962 0.02644231 0.05048077
0 0.52884615 0.40625000 0.02644231 0.05528846
0 0.55528846 0.44951923 0.02884615 0.06730769
0 0.30408654 0.36778846 0.05528846 0.03846154
0 0.24759615 0.37139423 0.04326923 0.04567308
0 0.07091346 0.47235577 0.02283654 0.03485577
0 0.16947115 0.49519231 0.01923077 0.03605769
0 0.12860577 0.44471154 0.02043269 0.04687500
0 0.18750000 0.44471154 0.02283654 0.04206731
0 0.19230769 0.49278846 0.02644231 0.07812500
0 0.22596154 0.48317308 0.03846154 0.04326923
0 0.23197115 0.43389423 0.03605769 0.06250000
0 0.23557692 0.56850962 0.03004808 0.06730769
0 0.31730769 0.51081731 0.03004808 0.03966346
0 0.06490385 0.56250000 0.02644231 0.04326923
0 0.16105769 0.62860577 0.02403846 0.03245192
0 0.15745192 0.80168269 0.03245192 0.04807692
0 0.32331731 0.90985577 0.03004808 0.05168269
0 0.39663462 0.98798077 0.02403846 0.02403846
0 0.35576923 0.99038462 0.03846154 0.01923077
0 0.18509615 0.91826923 0.04326923 0.06971154
0 0.15745192 0.81129808 0.03125000 0.07331731
0 0.07692308 0.97475962 0.02644231 0.03605769
0 0.04927885 0.98197115 0.02644231 0.03605769
0 0.04807692 0.81850962 0.02644231 0.04807692
0 0.03605769 0.88341346 0.03485577 0.07692308
