0 0.80168269 0.56250000 0.03725962 0.04927885
0 0.78245192 0.51923077 0.02163462 0.05048077
0 0.59975962 0.58533654 0.01682692 0.02644231
0 0.75120192 0.40264423 0.02884615 0.05048077
0 0.37860577 0.91225962 0.02524038 0.05288462
0 0.40625000 0.85817308 0.00480769 0.03365385
0 0.33533654 0.72475962 0.02043269 0.03725962
0 0.33533654 0.78966346 0.02163462 0.03846154
0 0.36298077 0.77524038 0.03004808 0.04927885
0 0.38581731 0.82692308 0.01802885 0.03725962
0 0.36298077 0.84375000 0.01682692 0.03365385
0 0.27524038 0.86177885 0.02884615 0.04447115
0 0.31850962 0.87860577 0.03846154 0.07211538
0 0.27524038 0.93269231 0.02163462 0.04567308
0 0.25000000 0.74759615 0.02043269 0.02644231
0 0.25841346 0.71754808 0.02163462 0.03245192
0 0.25120192 0.81009615 0.02403846 0.03725962
0 0.25000000 0.91105769 0.02403846 0.03725962
0 0.26562500 0.87379808 0.02163462 0.02163462
0 0.18990385 0.72115385 0.02043269 0.03365385
0 0.29206731 0.66466346 0.02403846 0.04447115
0 0.00480769 0.78605769 0.00961538 0.04326923
0 0.01201923 0.61418269 0.02403846 0.03125000
0 0.27403846 0.60937500 0.02403846 0.02163462
0 0.04086538 0.60697115 0.01923077 0.01682692
0 0.00240385 0.64062500 0.00480769 0.04086538
0 0.01081731 0.63942308 0.02043269 0.02644231
0 0.01442308 0.84375000 0.01562500 0.03365385
0 0.02884615 0.84375000 0.01322115 0.04687500
0 0.04567308 0.84735577 0.01562500 0.04567308
0 0.06009615 0.85456731 0.02043269 0.03725962
0 0.93750000 0.90504808 0.01742788 0.03485577
0 0.92307692 0.91466346 0.02223558 0.02524038
0 0.85817308 0.84975962 0.03365385 0.04867788
0 0.89663462 0.63581731 0.01802885 0.03245192
0 0.87620192 0.61057692 0.02163462 0.02403846
0 0.84975962 0.63221154 0.02163462 0.04927885
0 0.81370192 0.67187500 0.03725962 0.04927885
0 0.68629808 0.62019231 0.02043269 0.03365385
0 0.41706731 0.66826923 0.01682692 0.03365385
0 0.50961538 0.72235577 0.01802885 0.03605769
0 0.48076923 0.67548077 0.01682692 0.04206731
0 0.52163462 0.66466346 0.02043269 0.03605769
0 0.53485577 0.69951923 0.02884615 0.05528846
0 0.56971154 0.67788462 0.03245192 0.07091346
0 0.57812500 0.64663462 0.04206731 0.06129808
0 0.56730769 0.78605769 0.04086538 0.08293269
0 0.66586538 0.78004808 0.02524038 0.03365385
0 0.49278846 0.93750000 0.02884615 0.03846154
