0 0.41225962 0.27764423 0.04867788 0.07992788
0 0.39182692 0.07932692 0.01682692 0.03245192
0 0.40264423 0.10216346 0.01322115 0.02884615
0 0.41105769 0.10817308 0.01322115 0.03485577
0 0.43870192 0.03125000 0.01682692 0.03485577
0 0.66225962 0.07692308 0.01682692 0.03485577
0 0.68509615 0.00961538 0.02403846 0.01923077
0 0.66586538 0.00600962 0.01923077 0.01201923
0 0.60336538 0.02043269 0.02764423 0.03245192
0 0.60456731 0.06610577 0.01682692 0.03125000
0 0.45673077 0.28125000 0.01802885 0.03725962
0 0.31730769 0.88461538 0.03125000 0.05348558
0 0.17788462 0.92788462 0.02644231 0.04387019
0 0.01322115 0.97716346 0.02644231 0.04567308
0 0.56129808 0.91346154 0.01682692 0.02884615
0 0.58293269 0.93870192 0.01442308 0.03125000
0 0.57331731 0.92548077 0.01322115 0.03485577
0 0.61057692 0.86418269 0.02283654 0.03485577
0 0.53245192 0.73437500 0.01682692 0.03605769
0 0.56490385 0.74879808 0.02644231 0.03725962
0 0.55408654 0.71754808 0.01802885 0.03125000
0 0.57812500 0.67067308 0.02163462 0.02403846
0 0.65264423 0.66225962 0.01682692 0.00721154
0 0.66225962 0.67788462 0.01923077 0.03485577
0 0.65504808 0.69110577 0.01802885 0.03605769
0 0.63100962 0.75120192 0.01802885 0.03485577
0 0.65264423 0.77764423 0.01923077 0.04086538
0 0.73798077 0.80288462 0.02283654 0.03605769
0 0.73317308 0.76682692 0.02764423 0.03485577
0 0.83653846 0.90985577 0.01802885 0.03605769
0 0.76081731 0.69350962 0.01923077 0.02764423
0 0.75600962 0.66346154 0.02163462 0.00961538
0 0.86057692 0.81850962 0.02403846 0.03725962
0 0.84134615 0.82692308 0.02163462 0.03245192
0 0.83774038 0.80048077 0.02764423 0.02644231
0 0.77884615 0.85576923 0.01923077 0.03966346
0 0.78004808 0.90264423 0.01923077 0.03485577
