0 0.56730769 0.44591346 0.02884615 0.00721154
0 0.66466346 0.41105769 0.04086538 0.05528846
0 0.64182692 0.38221154 0.02884615 0.06490385
0 0.61538462 0.32331731 0.02764423 0.04807692
0 0.36298077 0.49158654 0.02283654 0.03605769
0 0.30528846 0.47235577 0.01923077 0.04567308
0 0.21153846 0.46033654 0.03365385 0.02163462
0 0.11057692 0.59254808 0.01923077 0.02884615
0 0.21274038 0.62500000 0.01923077 0.03605769
0 0.17187500 0.57572115 0.02283654 0.04807692
0 0.22235577 0.57572115 0.02043269 0.03605769
0 0.23677885 0.60096154 0.02524038 0.05168269
0 0.27764423 0.58173077 0.01562500 0.04927885
0 0.27764423 0.55889423 0.03605769 0.06129808
0 0.27043269 0.69591346 0.04447115 0.09254808
0 0.36538462 0.66225962 0.02524038 0.03485577
0 0.09975962 0.69831731 0.02524038 0.04326923
0 0.19471154 0.79687500 0.02524038 0.03485577
0 0.25240385 0.93389423 0.02884615 0.04326923
0 0.19591346 0.96514423 0.03125000 0.06971154
0 0.08293269 0.94831731 0.03245192 0.05889423
0 0.04447115 0.98076923 0.02644231 0.03846154
0 0.04447115 0.99038462 0.02644231 0.01923077
0 0.83774038 0.82331731 0.04206731 0.04447115
0 0.93269231 0.73197115 0.02283654 0.03846154
0 0.95312500 0.66105769 0.02043269 0.02644231
