0 0.61899038 0.46514423 0.01682692 0.00721154
0 0.68389423 0.20312500 0.01682692 0.03365385
0 0.66586538 0.03725962 0.02043269 0.03725962
0 0.31730769 0.96634615 0.03725962 0.04927885
0 0.29687500 0.92307692 0.02163462 0.05048077
0 0.11538462 0.98798077 0.01923077 0.02403846
0 0.26562500 0.80649038 0.02884615 0.05048077
0 0.82932692 0.88942308 0.02824519 0.03846154
0 0.85817308 0.89783654 0.01382212 0.02884615
0 0.79086538 0.86658654 0.02524038 0.05288462
0 0.82211538 0.81490385 0.02043269 0.03004808
0 0.94230769 0.74158654 0.02764423 0.04206731
0 0.86778846 0.77163462 0.02524038 0.05048077
0 0.91466346 0.73437500 0.03004808 0.04206731
0 0.89062500 0.70072115 0.02163462 0.03846154
0 0.74038462 0.66706731 0.01923077 0.03365385
0 0.74399038 0.74759615 0.02163462 0.03846154
0 0.77283654 0.73798077 0.02884615 0.04687500
0 0.79807692 0.78245192 0.01923077 0.03725962
0 0.77644231 0.79927885 0.01682692 0.03365385
0 0.68870192 0.81850962 0.02884615 0.04447115
0 0.73197115 0.83894231 0.03846154 0.07331731
0 0.68028846 0.85456731 0.02043269 0.08173077
0 0.66586538 0.70673077 0.02043269 0.02764423
0 0.67067308 0.68028846 0.02163462 0.03365385
0 0.66466346 0.77043269 0.02163462 0.03605769
0 0.65865385 0.87379808 0.02403846 0.03725962
0 0.68870192 0.91105769 0.02163462 0.02884615
0 0.60216346 0.67427885 0.02043269 0.03365385
0 0.70312500 0.61778846 0.02403846 0.04447115
0 0.68629808 0.55408654 0.02524038 0.05769231
0 0.46274038 0.54927885 0.02043269 0.03725962
0 0.43149038 0.80168269 0.00721154 0.03125000
0 0.44471154 0.80288462 0.02163462 0.04086538
0 0.45913462 0.80528846 0.01682692 0.05288462
0 0.47596154 0.81490385 0.02403846 0.04447115
0 0.43028846 0.61057692 0.00480769 0.03365385
