0 0.61778846 0.16826923 0.03125000 0.03605769
0 0.80889423 0.12139423 0.03365385 0.05168269
0 0.74639423 0.09375000 0.02644231 0.04326923
0 0.66706731 0.05889423 0.02163462 0.03846154
0 0.71634615 0.12139423 0.02163462 0.03245192
0 0.69711538 0.12860577 0.01322115 0.02884615
0 0.68629808 0.13341346 0.01322115 0.03725962
0 0.69230769 0.30288462 0.01322115 0.03725962
0 0.67548077 0.30649038 0.01442308 0.04086538
0 0.66105769 0.31250000 0.01682692 0.04086538
0 0.64423077 0.32091346 0.01682692 0.03605769
0 0.87500000 0.80048077 0.02644231 0.04086538
