0 0.62620192 0.97956731 0.03125000 0.04086538
0 0.63221154 0.93389423 0.02884615 0.05588942
0 0.62860577 0.87860577 0.01923077 0.03966346
0 0.51322115 0.81730769 0.02524038 0.03966346
0 0.56971154 0.82572115 0.02403846 0.04567308
0 0.52644231 0.79447115 0.02524038 0.03125000
0 0.55048077 0.75721154 0.01923077 0.03485577
0 0.70312500 0.75480769 0.01923077 0.03485577
0 0.68028846 0.78605769 0.01682692 0.02884615
0 0.64543269 0.85576923 0.01682692 0.05048077
0 0.66947115 0.82932692 0.01322115 0.02644231
0 0.70312500 0.84254808 0.02403846 0.03605769
0 0.67788462 0.91947115 0.03605769 0.06850962
0 0.73557692 0.93269231 0.02644231 0.10576923
0 0.75000000 0.75000000 0.01682692 0.02524038
0 0.74879808 0.73798077 0.01923077 0.02884615
0 0.75240385 0.91947115 0.02043269 0.05168269
0 0.73557692 0.96153846 0.02644231 0.03966346
0 0.70793269 0.98798077 0.02163462 0.02403846
0 0.81370192 0.75240385 0.02163462 0.05168269
0 0.72115385 0.68750000 0.03365385 0.04326923
0 0.85817308 0.73798077 0.03004808 0.03485577
0 0.99038462 0.68028846 0.01923077 0.03846154
0 0.74038462 0.62980769 0.02043269 0.04927885
0 0.92067308 0.65384615 0.01923077 0.03485577
0 0.77283654 0.45432692 0.02163462 0.03966346
0 0.61778846 0.91466346 0.01682692 0.04086538
0 0.95793269 0.71153846 0.03004808 0.03485577
0 0.93870192 0.71634615 0.01322115 0.02884615
0 0.93028846 0.72235577 0.01322115 0.03125000
0 0.94230769 0.88701923 0.00961538 0.02884615
0 0.93028846 0.88461538 0.01562500 0.03846154
0 0.91586538 0.89423077 0.01442308 0.04086538
0 0.89903846 0.89783654 0.02163462 0.03605769
