0 0.68509615 0.05889423 0.01802885 0.04086538
0 0.70793269 0.01081731 0.02163462 0.02163462
0 0.64663462 0.06250000 0.02403846 0.03245192
0 0.64543269 0.11057692 0.02524038 0.03725962
0 0.81730769 0.63942308 0.02644231 0.03846154
0 0.75721154 0.74158654 0.02644231 0.04086538
0 0.59375000 0.82692308 0.02524038 0.04447115
0 0.59495192 0.92307692 0.02043269 0.03725962
0 0.62019231 0.90625000 0.02884615 0.05288462
0 0.76802885 0.93389423 0.04567308 0.04687500
0 0.77403846 0.86057692 0.02043269 0.05048077
0 0.81129808 0.79326923 0.03004808 0.08293269
0 0.90024038 0.90504808 0.02163462 0.03004808
0 0.92427885 0.94591346 0.03245192 0.03725962
0 0.93028846 0.90865385 0.02163462 0.03365385
0 0.93028846 0.75240385 0.04206731 0.06730769
0 0.93750000 0.78966346 0.02644231 0.04086538
0 0.98918269 0.79687500 0.02163462 0.05528846
