0 0.49158654 0.24278846 0.01622596 0.03846154
0 0.49879808 0.32451923 0.02163462 0.00961538
0 0.48197115 0.22596154 0.02403846 0.04326923
0 0.46514423 0.20432692 0.03125000 0.04807692
0 0.46634615 0.27764423 0.01802885 0.03485577
0 0.50120192 0.22355769 0.01802885 0.03966346
0 0.46153846 0.27403846 0.02163462 0.03485577
0 0.54086538 0.26081731 0.02043269 0.04326923
0 0.93389423 0.19591346 0.01802885 0.03605769
0 0.62259615 0.26081731 0.01802885 0.03966346
0 0.66826923 0.20552885 0.03004808 0.03605769
0 0.94711538 0.12500000 0.02163462 0.03605769
0 0.91706731 0.16586538 0.02163462 0.02884615
0 0.55528846 0.08052885 0.02043269 0.03846154
0 0.45312500 0.08774038 0.00721154 0.04086538
0 0.49879808 0.08293269 0.02163462 0.03605769
0 0.68389423 0.06129808 0.01802885 0.04807692
0 0.82932692 0.03125000 0.03004808 0.05528846
0 0.97355769 0.01442308 0.03365385 0.02884615
0 0.64062500 0.23317308 0.02043269 0.04447115
0 0.91346154 0.01923077 0.03365385 0.03846154
0 0.62860577 0.00721154 0.02163462 0.01442308
0 0.64663462 0.02524038 0.02163462 0.03846154
0 0.48557692 0.01081731 0.01923077 0.02163462
0 0.60937500 0.19230769 0.02403846 0.03125000
