0 0.23317308 0.99278846 0.02884615 0.01442308
0 0.22956731 0.96153846 0.01923077 0.04086538
0 0.11177885 0.89903846 0.02644231 0.04086538
0 0.16947115 0.90745192 0.02403846 0.04687500
0 0.12379808 0.87500000 0.02644231 0.03245192
0 0.15024038 0.83653846 0.01923077 0.03605769
0 0.30769231 0.83293269 0.01923077 0.03605769
0 0.28365385 0.86658654 0.01802885 0.02884615
0 0.24639423 0.93750000 0.01802885 0.05288462
0 0.27163462 0.90985577 0.01322115 0.02764423
0 0.30649038 0.92548077 0.02403846 0.03725962
0 0.27884615 0.98437500 0.03846154 0.03125000
0 0.34014423 0.98076923 0.02644231 0.03846154
0 0.35576923 0.82932692 0.01802885 0.02644231
0 0.35336538 0.81610577 0.01923077 0.02884615
0 0.35697115 0.98798077 0.02163462 0.02403846
0 0.42067308 0.83173077 0.02283654 0.05408654
0 0.32572115 0.76442308 0.03485577 0.04447115
0 0.45552885 0.81610577 0.00721154 0.03605769
0 0.34615385 0.70552885 0.02163462 0.05048077
0 0.21754808 0.98798077 0.01682692 0.02403846
0 0.64423077 0.93269231 0.03906250 0.06009615
0 0.81850962 0.96153846 0.03485577 0.05889423
0 0.69591346 0.81850962 0.02343750 0.04326923
