0 0.46634615 0.51201923 0.00480769 0.03846154
0 0.41586538 0.65985577 0.03004808 0.04567308
0 0.45192308 0.67187500 0.03365385 0.07451923
0 0.41105769 0.72956731 0.02283654 0.04687500
0 0.38461538 0.54086538 0.02043269 0.02764423
0 0.39423077 0.50961538 0.02283654 0.03485577
0 0.38341346 0.60697115 0.02403846 0.03846154
0 0.37980769 0.71634615 0.02764423 0.04206731
0 0.40384615 0.67668269 0.02283654 0.02283654
0 0.32572115 0.52283654 0.02283654 0.03725962
0 0.43269231 0.46274038 0.02283654 0.04326923
0 0.11298077 0.57091346 0.03966346 0.04687500
0 0.02764423 0.41586538 0.02764423 0.04326923
0 0.09495192 0.39062500 0.02403846 0.03725962
0 0.14062500 0.39423077 0.02644231 0.03966346
0 0.41346154 0.37620192 0.02403846 0.05769231
0 0.16105769 0.39062500 0.02043269 0.03846154
0 0.10336538 0.42548077 0.01802885 0.03004808
0 0.11899038 0.42548077 0.01923077 0.03485577
0 0.13701923 0.42307692 0.02043269 0.02403846
0 0.13461538 0.63581731 0.01802885 0.03004808
0 0.15264423 0.64423077 0.01923077 0.03485577
0 0.16947115 0.64423077 0.01442308 0.04206731
0 0.18509615 0.64783654 0.02403846 0.04206731
0 0.38942308 0.92908654 0.02043269 0.03485577
0 0.40264423 0.97596154 0.02283654 0.03966346
0 0.53966346 0.72475962 0.03365385 0.05288462
