0 0.75360577 0.07932692 0.01322115 0.02403846
0 0.70913462 0.19831731 0.02644231 0.03846154
0 0.83293269 0.11057692 0.02403846 0.03004808
0 0.28605769 0.71153846 0.02403846 0.03365385
0 0.29447115 0.72115385 0.00721154 0.05769231
0 0.13942308 0.73317308 0.03004808 0.05528846
0 0.08774038 0.79687500 0.02884615 0.04086538
0 0.57211538 0.52043269 0.01862981 0.04026442
0 0.67187500 0.81971154 0.04026442 0.05588942
0 0.90144231 0.82091346 0.03004808 0.05048077
0 0.91105769 0.92427885 0.02884615 0.04086538
0 0.65144231 0.85937500 0.02524038 0.05288462
0 0.62620192 0.98317308 0.04086538 0.03365385
0 0.70913462 0.83052885 0.02884615 0.05048077
0 0.58533654 0.63701923 0.02163462 0.03125000
0 0.57091346 0.74278846 0.01562500 0.03966346
0 0.57692308 0.51322115 0.02163462 0.03966346
0 0.52524038 0.54326923 0.03846154 0.05408654
0 0.56730769 0.58533654 0.01442308 0.03004808
0 0.59615385 0.53485577 0.01322115 0.03125000
0 0.55528846 0.59014423 0.01802885 0.03365385
0 0.42427885 0.42307692 0.03004808 0.06370192
0 0.62740385 0.58653846 0.01802885 0.03605769
0 0.46995192 0.39543269 0.02163462 0.03125000
0 0.71995192 0.58533654 0.01802885 0.03966346
0 0.76682692 0.53846154 0.03125000 0.03966346
0 0.67788462 0.39423077 0.01923077 0.02884615
0 0.54206731 0.41466346 0.01802885 0.04086538
0 0.57572115 0.41706731 0.02163462 0.03966346
0 0.74158654 0.55769231 0.01802885 0.03605769
0 0.72115385 0.48197115 0.02644231 0.03485577
0 0.64302885 0.76442308 0.02884615 0.05288462
0 0.59735577 0.86298077 0.04567308 0.06610577
0 0.59014423 0.80288462 0.03125000 0.06370192
