0 0.80408654 0.10096154 0.02163462 0.04747596
0 0.62860577 0.45312500 0.03665865 0.05769231
0 0.65264423 0.47235577 0.02644231 0.03125000
0 0.63221154 0.27163462 0.02764423 0.05769231
0 0.75721154 0.33774038 0.02163462 0.04567308
0 0.76081731 0.37500000 0.02163462 0.03846154
0 0.77524038 0.11658654 0.02524038 0.04206731
0 0.84134615 0.22836538 0.03365385 0.05048077
0 0.76562500 0.21754808 0.01562500 0.03245192
0 0.70312500 0.11298077 0.03004808 0.03846154
0 0.77644231 0.30649038 0.03004808 0.05769231
0 0.67788462 0.24399038 0.03004808 0.06129808
0 0.82451923 0.01802885 0.01923077 0.03605769
0 0.78605769 0.02524038 0.02764423 0.04567308
0 0.63100962 0.11057692 0.02884615 0.03605769
0 0.70072115 0.31250000 0.02524038 0.04687500
0 0.71754808 0.41586538 0.02764423 0.04687500
0 0.74639423 0.46274038 0.02644231 0.05048077
0 0.84014423 0.04326923 0.02163462 0.03004808
0 0.56610577 0.18149038 0.02043269 0.03245192
0 0.60216346 0.19951923 0.02884615 0.04447115
0 0.41466346 0.57812500 0.02343750 0.05048077
0 0.30168269 0.77884615 0.03846154 0.06189904
0 0.08293269 0.83774038 0.03004808 0.05649038
0 0.14543269 0.89543269 0.03004808 0.04447115
0 0.32331731 0.89302885 0.02884615 0.05769231
0 0.38100962 0.97956731 0.02163462 0.04086538
0 0.28966346 0.85697115 0.02764423 0.04567308
0 0.40745192 0.64423077 0.02884615 0.04206731
0 0.42067308 0.81730769 0.02884615 0.03846154
0 0.43509615 0.77163462 0.02764423 0.04567308
0 0.44711538 0.60576923 0.02524038 0.04687500
0 0.45432692 0.51201923 0.03365385 0.04687500
0 0.47355769 0.60697115 0.02043269 0.04086538
0 0.42548077 0.57091346 0.01923077 0.04206731
0 0.47596154 0.59735577 0.03365385 0.05649038
0 0.35576923 0.72716346 0.05408654 0.08173077
0 0.42548077 0.75721154 0.02524038 0.04086538
0 0.36418269 0.53605769 0.02524038 0.04927885
0 0.29927885 0.52884615 0.01923077 0.06129808
0 0.28485577 0.49278846 0.02163462 0.00961538
0 0.89903846 0.62980769 0.01622596 0.03305288
0 0.72956731 0.97235577 0.04567308 0.05528846
0 0.56250000 0.76322115 0.02884615 0.06971154
0 0.74278846 0.67067308 0.03245192 0.04927885
0 0.98437500 0.97596154 0.03125000 0.04807692
0 0.90144231 0.98918269 0.01923077 0.02163462
0 0.98557692 0.84615385 0.02884615 0.04326923
0 0.99399038 0.79927885 0.01201923 0.05048077
0 0.94230769 0.90264423 0.02043269 0.02764423
0 0.88581731 0.55649038 0.02163462 0.04447115
0 0.98677885 0.93269231 0.02644231 0.03365385
0 0.78245192 0.69951923 0.02043269 0.03846154
0 0.60697115 0.56730769 0.01562500 0.03365385
0 0.60216346 0.53725962 0.01682692 0.02764423
0 0.92788462 0.53004808 0.02764423 0.04567308
0 0.80889423 0.64423077 0.03245192 0.04206731
0 0.84735577 0.82932692 0.03846154 0.05288462
0 0.87500000 0.95552885 0.03725962 0.04206731
0 0.87620192 0.52764423 0.02884615 0.04086538
0 0.77884615 0.50841346 0.02043269 0.02764423
0 0.67908654 0.69350962 0.01923077 0.03605769
0 0.66346154 0.64302885 0.03365385 0.04687500
0 0.63822115 0.63341346 0.02524038 0.04567308
