0 0.86899038 0.17067308 0.02103365 0.04206731
0 0.22475962 0.70432692 0.02403846 0.03605769
0 0.38942308 0.37980769 0.02944712 0.03906250
0 0.20673077 0.65625000 0.04867788 0.06911058
0 0.20913462 0.92067308 0.03004808 0.04687500
0 0.30649038 0.47836538 0.02764423 0.04206731
0 0.15985577 0.77524038 0.02283654 0.03605769
0 0.27283654 0.61298077 0.04807692 0.04326923
0 0.09134615 0.78125000 0.02644231 0.05168269
0 0.11298077 0.90865385 0.02764423 0.04927885
0 0.21033654 0.80048077 0.05528846 0.05769231
0 0.18750000 0.68509615 0.02524038 0.03605769
0 0.08653846 0.84495192 0.01802885 0.04687500
0 0.49038462 0.51802885 0.03125000 0.05528846
0 0.16346154 0.96394231 0.03004808 0.04206731
0 0.21634615 0.96754808 0.02524038 0.05168269
0 0.50120192 0.82091346 0.01682692 0.04567308
0 0.29206731 0.82932692 0.02163462 0.02764423
0 0.29326923 0.80408654 0.02043269 0.03365385
0 0.38341346 0.53365385 0.02163462 0.03125000
0 0.40264423 0.51923077 0.02524038 0.02764423
0 0.41346154 0.47235577 0.01682692 0.04206731
0 0.32932692 0.40865385 0.02043269 0.03846154
0 0.34375000 0.41947115 0.01682692 0.04687500
0 0.35336538 0.44110577 0.01682692 0.04687500
0 0.15985577 0.40144231 0.06490385 0.04927885
0 0.17548077 0.37019231 0.01682692 0.03485577
0 0.80288462 0.53605769 0.01802885 0.04266827
0 0.97596154 0.86778846 0.04807692 0.06730769
0 0.95793269 0.91826923 0.02283654 0.04687500
0 0.90985577 0.97956731 0.03605769 0.03846154
0 0.97115385 0.65745192 0.02644231 0.05649038
0 0.83533654 0.78125000 0.02163462 0.04447115
0 0.84375000 0.81971154 0.02163462 0.03846154
0 0.81250000 0.55528846 0.02644231 0.04687500
0 0.74759615 0.68028846 0.04206731 0.07331731
0 0.83413462 0.65865385 0.01322115 0.02764423
0 0.88822115 0.53125000 0.03004808 0.03605769
0 0.80528846 0.73076923 0.02524038 0.05769231
0 0.92067308 0.65024038 0.02524038 0.04807692
0 0.77163462 0.43028846 0.01682692 0.04326923
0 0.80769231 0.43870192 0.02524038 0.04447115
0 0.96754808 0.34014423 0.03125000 0.02163462
0 0.82932692 0.36057692 0.02283654 0.03605769
0 0.95552885 0.51802885 0.02764423 0.03605769
0 0.89783654 0.73557692 0.02764423 0.05288462
0 0.98557692 0.35576923 0.02884615 0.05288462
0 0.88581731 0.82932692 0.03966346 0.04687500
0 0.85697115 0.89423077 0.02764423 0.05288462
0 0.77283654 0.46995192 0.02283654 0.03125000
0 0.98798077 0.60336538 0.02403846 0.05288462
