0 0.31730769 0.81250000 0.05468750 0.04687500
0 0.41105769 0.90745192 0.03485577 0.07211538
0 0.23197115 0.93149038 0.03966346 0.06610577
0 0.31370192 0.80649038 0.02884615 0.03485577
0 0.36778846 0.87259615 0.02283654 0.04326923
0 0.19471154 0.75240385 0.01682692 0.04206731
0 0.25120192 0.72956731 0.02644231 0.04687500
0 0.39423077 0.60697115 0.03966346 0.07932692
0 0.28125000 0.65024038 0.02644231 0.04206731
0 0.39062500 0.81370192 0.02644231 0.03485577
0 0.43509615 0.65745192 0.04447115 0.05408654
0 0.46394231 0.52764423 0.02884615 0.01682692
0 0.24519231 0.79807692 0.03245192 0.04687500
0 0.44350962 0.71514423 0.02283654 0.03245192
0 0.53725962 0.85336538 0.02283654 0.05408654
0 0.51201923 0.89423077 0.02764423 0.02884615
0 0.50841346 0.87259615 0.02644231 0.04206731
0 0.72235577 0.98677885 0.05048077 0.02644231
0 0.94350962 0.87980769 0.03786058 0.06009615
0 0.98197115 0.97235577 0.03605769 0.05528846
0 0.71875000 0.79687500 0.02884615 0.06250000
0 0.63822115 0.66105769 0.02764423 0.03485577
0 0.66706731 0.78846154 0.02644231 0.05408654
0 0.71153846 0.64543269 0.02884615 0.03605769
0 0.64302885 0.86899038 0.02644231 0.04807692
0 0.62860577 0.97475962 0.02644231 0.04807692
0 0.78004808 0.53004808 0.02644231 0.02163462
0 0.84014423 0.68269231 0.02403846 0.05769231
0 0.79206731 0.71514423 0.02043269 0.03125000
0 0.74278846 0.75240385 0.03125000 0.05048077
