0 0.20673077 0.65264423 0.01742788 0.04026442
0 0.31009615 0.95793269 0.04086538 0.06069712
0 0.29927885 0.98677885 0.02644231 0.02644231
0 0.35456731 0.98918269 0.02644231 0.02163462
0 0.21514423 0.77043269 0.02403846 0.03485577
0 0.21394231 0.96995192 0.03846154 0.06009615
0 0.19230769 0.87019231 0.01923077 0.04687500
0 0.20432692 0.64182692 0.02283654 0.04206731
0 0.15985577 0.64062500 0.03966346 0.05769231
0 0.18629808 0.70673077 0.02043269 0.04206731
0 0.21754808 0.63461538 0.01562500 0.03846154
0 0.17427885 0.70673077 0.02403846 0.03725962
0 0.21153846 0.92187500 0.02644231 0.06610577
0 0.01442308 0.57572115 0.02764423 0.06129808
0 0.25841346 0.70312500 0.02283654 0.04326923
0 0.09014423 0.50721154 0.02644231 0.04326923
0 0.35456731 0.69591346 0.01923077 0.04326923
0 0.40504808 0.63942308 0.03365385 0.04326923
0 0.28966346 0.48677885 0.02283654 0.04206731
0 0.16466346 0.50480769 0.01923077 0.04927885
0 0.21033654 0.50000000 0.02403846 0.03966346
0 0.40625000 0.47115385 0.01923077 0.02403846
0 0.37620192 0.66346154 0.01923077 0.04206731
0 0.34495192 0.57091346 0.02644231 0.03725962
0 0.27043269 0.89302885 0.04206731 0.05769231
0 0.67067308 0.80048077 0.02103365 0.04326923
0 0.84855769 0.97836538 0.04326923 0.04326923
0 0.71634615 0.98918269 0.03846154 0.02163462
0 0.70312500 0.81250000 0.02644231 0.04326923
0 0.63221154 0.93509615 0.03725962 0.05408654
0 0.70552885 0.90865385 0.01802885 0.03725962
0 0.76682692 0.81971154 0.03125000 0.03966346
0 0.68870192 0.97836538 0.03125000 0.04326923
0 0.79326923 0.94711538 0.03004808 0.05889423
0 0.88100962 0.87379808 0.02283654 0.04206731
0 0.97475962 0.65384615 0.02644231 0.04927885
0 0.65144231 0.71274038 0.01802885 0.04567308
0 0.68750000 0.72235577 0.02403846 0.04326923
0 0.84735577 0.59495192 0.03725962 0.07331731
0 0.69951923 0.62139423 0.02403846 0.03966346
0 0.84615385 0.80889423 0.02644231 0.03485577
0 0.87980769 0.61658654 0.03846154 0.04567308
0 0.90745192 0.50841346 0.03004808 0.03966346
0 0.62980769 0.73076923 0.02283654 0.03125000
0 0.90625000 0.65865385 0.02764423 0.03846154
0 0.58653846 0.54447115 0.02644231 0.05288462
0 0.96274038 0.83413462 0.02644231 0.06129808
0 0.91225962 0.88822115 0.02283654 0.03725962
