0 0.23677885 0.79447115 0.01562500 0.03125000
0 0.08413462 0.83413462 0.03125000 0.04807692
0 0.32211538 0.99278846 0.02884615 0.01442308
0 0.33894231 0.96153846 0.02644231 0.04927885
0 0.22355769 0.72355769 0.02163462 0.04326923
0 0.12139423 0.86298077 0.02043269 0.03846154
0 0.35937500 0.73677885 0.01322115 0.03365385
0 0.26442308 0.69711538 0.02644231 0.04447115
0 0.15024038 0.59735577 0.03605769 0.01682692
0 0.24038462 0.59735577 0.02884615 0.01682692
0 0.14903846 0.80889423 0.03125000 0.04206731
0 0.18509615 0.98197115 0.03846154 0.03605769
0 0.11658654 0.63942308 0.03485577 0.03966346
0 0.21514423 0.69471154 0.02764423 0.03966346
0 0.11899038 0.67548077 0.02043269 0.02644231
0 0.02163462 0.85817308 0.01802885 0.03485577
0 0.01081731 0.80649038 0.02163462 0.04567308
0 0.77403846 0.77163462 0.01923077 0.04326923
0 0.76562500 0.86778846 0.02524038 0.03485577
0 0.78966346 0.95192308 0.01802885 0.04447115
0 0.78725962 0.75360577 0.02283654 0.04206731
0 0.80168269 0.72956731 0.03485577 0.04927885
0 0.80168269 0.80408654 0.01802885 0.03605769
0 0.76442308 0.75120192 0.01802885 0.04206731
0 0.80649038 0.80048077 0.02283654 0.03605769
0 0.77644231 0.98076923 0.02283654 0.03846154
0 0.97235577 0.72355769 0.02644231 0.05769231
0 0.72355769 0.78725962 0.02163462 0.04447115
0 0.87259615 0.63581731 0.02644231 0.04447115
0 0.63701923 0.78605769 0.01802885 0.04206731
0 0.59014423 0.72836538 0.03125000 0.03846154
0 0.70552885 0.60336538 0.02163462 0.02884615
0 0.81850962 0.60937500 0.01682692 0.04086538
0 0.76562500 0.60456731 0.02163462 0.03125000
0 0.61899038 0.75600962 0.02283654 0.04927885
0 0.65264423 0.71754808 0.02524038 0.03365385
0 0.70673077 0.97355769 0.04807692 0.05288462
