0 0.57572115 0.62620192 0.01802885 0.03665865
0 0.67187500 0.90865385 0.03725962 0.05408654
0 0.90985577 0.91826923 0.02884615 0.05168269
0 0.66346154 0.94831731 0.02524038 0.05288462
0 0.71274038 0.95072115 0.02403846 0.04206731
0 0.58533654 0.73437500 0.02283654 0.03245192
0 0.58052885 0.92067308 0.03605769 0.06971154
0 0.56370192 0.82451923 0.01802885 0.04326923
0 0.57211538 0.61658654 0.02043269 0.03846154
0 0.53605769 0.61298077 0.03725962 0.05288462
0 0.55889423 0.67548077 0.01802885 0.03725962
0 0.58533654 0.61057692 0.01442308 0.03365385
0 0.54447115 0.67668269 0.02283654 0.03605769
0 0.57932692 0.87139423 0.02403846 0.06129808
0 0.39543269 0.55889423 0.02524038 0.05649038
0 0.62379808 0.67067308 0.02043269 0.04086538
0 0.46995192 0.49278846 0.02283654 0.03725962
0 0.71274038 0.66466346 0.01802885 0.04086538
0 0.75961538 0.61057692 0.02884615 0.03725962
0 0.65024038 0.47235577 0.02043269 0.03846154
0 0.53605769 0.48798077 0.01802885 0.04206731
0 0.57932692 0.48317308 0.02283654 0.03725962
0 0.76081731 0.44831731 0.01802885 0.04807692
0 0.93149038 0.42067308 0.03004808 0.05769231
0 0.73197115 0.63341346 0.01802885 0.03846154
0 0.99519231 0.40985577 0.00961538 0.05528846
0 0.71754808 0.40384615 0.02283654 0.03004808
0 0.73677885 0.42427885 0.02283654 0.03846154
0 0.56490385 0.40745192 0.01802885 0.02884615
0 0.70192308 0.55769231 0.02403846 0.03365385
0 0.63581731 0.84615385 0.03725962 0.05168269
