0 0.68149038 0.16225962 0.01622596 0.03185096
0 0.99399038 0.17427885 0.01201923 0.03605769
0 0.92307692 0.39423077 0.01682692 0.03485577
0 0.94350962 0.36177885 0.01322115 0.03966346
0 0.82932692 0.60216346 0.01442308 0.01201923
0 0.11298077 0.90865385 0.02463942 0.04326923
0 0.80408654 0.61538462 0.03125000 0.01442308
0 0.72475962 0.69951923 0.02764423 0.04086538
0 0.69110577 0.83173077 0.04567308 0.04326923
0 0.90504808 0.73798077 0.03125000 0.05408654
0 0.98317308 0.95192308 0.02764423 0.04927885
0 0.80048077 0.75360577 0.02163462 0.03125000
0 0.81850962 0.73918269 0.02403846 0.02764423
0 0.83052885 0.69350962 0.01682692 0.04086538
0 0.74759615 0.63100962 0.01923077 0.03725962
0 0.76201923 0.64182692 0.01682692 0.04567308
0 0.77043269 0.66225962 0.01682692 0.04567308
