0 0.67548077 0.50120192 0.03786058 0.05769231
0 0.88221154 0.53125000 0.02884615 0.01442308
0 0.61418269 0.44230769 0.05408654 0.08173077
0 0.60817308 0.23557692 0.02163462 0.04807692
0 0.66826923 0.18870192 0.01682692 0.03125000
0 0.66706731 0.23798077 0.02043269 0.06490385
0 0.70913462 0.15745192 0.03725962 0.06490385
0 0.60937500 0.06730769 0.02163462 0.04206731
0 0.59254808 0.03004808 0.02163462 0.03725962
0 0.74038462 0.02043269 0.03365385 0.04086538
0 0.83173077 0.02163462 0.02884615 0.04326923
0 0.68028846 0.18389423 0.02163462 0.04807692
0 0.69471154 0.00841346 0.02403846 0.01682692
0 0.67067308 0.86538462 0.02163462 0.04807692
0 0.67788462 0.93870192 0.02884615 0.04206731
0 0.64182692 0.88461538 0.02524038 0.04567308
0 0.63581731 0.80048077 0.03605769 0.05168269
0 0.61899038 0.88942308 0.02043269 0.04086538
0 0.66346154 0.85697115 0.01923077 0.04206731
0 0.61418269 0.86057692 0.02403846 0.03725962
0 0.73197115 0.99158654 0.04567308 0.01682692
0 0.71995192 0.82932692 0.02524038 0.04927885
0 0.78846154 0.77524038 0.02163462 0.03605769
0 0.62740385 0.75000000 0.02884615 0.04807692
0 0.79086538 0.82692308 0.02043269 0.06490385
0 0.83533654 0.75360577 0.03605769 0.06129808
0 0.72836538 0.65384615 0.02163462 0.04206731
0 0.62620192 0.63822115 0.01923077 0.04807692
0 0.69831731 0.61778846 0.02163462 0.03966346
0 0.87379808 0.61778846 0.03966346 0.06129808
0 0.96995192 0.58894231 0.03125000 0.05649038
0 0.80769231 0.77524038 0.02163462 0.04807692
0 0.79447115 0.54447115 0.02644231 0.01201923
0 0.81730769 0.57812500 0.02403846 0.04086538
0 0.67187500 0.55168269 0.01682692 0.02644231
