0 0.23677885 0.59735577 0.01562500 0.03365385
0 0.12980769 0.69230769 0.02043269 0.02884615
0 0.07451923 0.48437500 0.03365385 0.01201923
0 0.16346154 0.55048077 0.02043269 0.03245192
0 0.08533654 0.53365385 0.02764423 0.03966346
0 0.37259615 0.75961538 0.02043269 0.05288462
0 0.22355769 0.65504808 0.01923077 0.03846154
0 0.66105769 0.68990385 0.03485577 0.05288462
0 0.81850962 0.91346154 0.02884615 0.05288462
0 0.89543269 0.55649038 0.02884615 0.04206731
0 0.90384615 0.82211538 0.03004808 0.04807692
0 0.85096154 0.58413462 0.02283654 0.04807692
0 0.90384615 0.95793269 0.02764423 0.03004808
0 0.93389423 0.85817308 0.03245192 0.06490385
0 0.99639423 0.89182692 0.00721154 0.04807692
0 0.95072115 0.94110577 0.01923077 0.03485577
