0 0.93990385 0.50961538 0.02043269 0.03125000
0 0.98677885 0.39182692 0.01923077 0.03365385
0 0.99639423 0.50240385 0.00721154 0.02884615
0 0.99519231 0.58293269 0.00961538 0.02644231
0 0.93629808 0.23557692 0.02644231 0.04807692
0 0.96153846 0.50240385 0.01562500 0.02884615
0 0.28605769 0.78725962 0.03725962 0.04927885
0 0.39423077 0.64062500 0.03365385 0.02163462
0 0.37740385 0.70673077 0.03125000 0.03966346
0 0.40024038 0.75961538 0.03125000 0.04447115
0 0.45913462 0.69951923 0.03966346 0.05408654
0 0.08653846 0.64423077 0.03365385 0.02884615
0 0.23317308 0.65504808 0.03966346 0.02644231
0 0.22716346 0.63822115 0.03125000 0.01682692
