0 0.57692308 0.14423077 0.03485577 0.08533654
0 0.71754808 0.02764423 0.03245192 0.04206731
0 0.69831731 0.12980769 0.02043269 0.03966346
0 0.72596154 0.25480769 0.02163462 0.03485577
0 0.70793269 0.36899038 0.03125000 0.03725962
0 0.56490385 0.33533654 0.03245192 0.06250000
0 0.56730769 0.40985577 0.03004808 0.06250000
0 0.76562500 0.51682692 0.01201923 0.01442308
0 0.80889423 0.57091346 0.01442308 0.03004808
0 0.79206731 0.53485577 0.02043269 0.03966346
0 0.75841346 0.51562500 0.01201923 0.01201923
0 0.71274038 0.53605769 0.02884615 0.03966346
0 0.66466346 0.52283654 0.02163462 0.02644231
0 0.68028846 0.63581731 0.01562500 0.02884615
0 0.66105769 0.58774038 0.01923077 0.03725962
0 0.67788462 0.70072115 0.02043269 0.03125000
0 0.77283654 0.72836538 0.02884615 0.03125000
0 0.59014423 0.68870192 0.02043269 0.03966346
0 0.84615385 0.53725962 0.01201923 0.02163462
