0 0.55288462 0.48076923 0.00480769 0.01562500
0 0.48197115 0.29447115 0.01201923 0.02403846
0 0.44591346 0.40144231 0.00721154 0.01322115
0 0.37259615 0.50360577 0.00961538 0.01201923
0 0.43870192 0.72836538 0.03605769 0.04927885
0 0.42427885 0.98197115 0.01682692 0.03605769
0 0.52524038 0.77043269 0.02764423 0.04567308
0 0.48197115 0.72716346 0.02524038 0.04927885
0 0.75360577 0.82331731 0.03846154 0.05288462
0 0.42788462 0.59014423 0.03846154 0.04086538
0 0.56730769 0.86658654 0.02764423 0.04567308
0 0.73677885 0.77644231 0.03485577 0.06250000
0 0.37740385 0.96514423 0.01802885 0.04326923
0 0.46634615 0.99278846 0.02884615 0.01442308
0 0.50360577 0.96754808 0.01923077 0.03125000
