0 0.95312500 0.26201923 0.02463942 0.04026442
0 0.71153846 0.62980769 0.03725962 0.04206731
0 0.83293269 0.48557692 0.03004808 0.05528846
0 0.90384615 0.57451923 0.03004808 0.05288462
0 0.73197115 0.25600962 0.02524038 0.04807692
0 0.65745192 0.43509615 0.02644231 0.04447115
0 0.79687500 0.67187500 0.02644231 0.04326923
0 0.76322115 0.66346154 0.02283654 0.03365385
0 0.57812500 0.28125000 0.02644231 0.06971154
0 0.55769231 0.30649038 0.02163462 0.04206731
0 0.75721154 0.71153846 0.02884615 0.03365385
0 0.59735577 0.61658654 0.02043269 0.03365385
0 0.54687500 0.60576923 0.01682692 0.03846154
0 0.59975962 0.39302885 0.03365385 0.04447115
0 0.73076923 0.30889423 0.02524038 0.05048077
0 0.68149038 0.42307692 0.03485577 0.04687500
0 0.96033654 0.33533654 0.01322115 0.02884615
0 0.83413462 0.37980769 0.02524038 0.03725962
0 0.84254808 0.34014423 0.01682692 0.03485577
0 0.85336538 0.43870192 0.01442308 0.04206731
0 0.84254808 0.41225962 0.02644231 0.03004808
0 0.88341346 0.70793269 0.02163462 0.04086538
0 0.89062500 0.64302885 0.02283654 0.03966346
0 0.96875000 0.85817308 0.01802885 0.03725962
0 0.99399038 0.94110577 0.01201923 0.01682692
0 0.99158654 0.91826923 0.01682692 0.03846154
