0 0.56009615 0.51442308 0.02584135 0.03004808
0 0.90985577 0.32692308 0.02524038 0.03365385
0 0.84615385 0.32932692 0.03725962 0.04687500
0 0.76923077 0.35096154 0.01682692 0.03846154
0 0.76201923 0.18629808 0.02884615 0.06370192
0 0.76562500 0.38221154 0.02043269 0.03365385
0 0.84855769 0.17908654 0.02163462 0.05408654
0 0.94591346 0.22596154 0.03365385 0.06730769
0 0.85336538 0.09014423 0.03245192 0.05048077
0 0.93870192 0.19711538 0.02043269 0.03846154
0 0.44471154 0.98317308 0.02884615 0.03365385
0 0.42908654 0.77043269 0.02884615 0.05048077
0 0.03004808 0.82451923 0.03725962 0.05048077
0 0.24879808 0.96995192 0.03365385 0.05168269
0 0.22716346 0.69350962 0.02524038 0.04326923
0 0.20913462 0.69350962 0.01802885 0.03846154
0 0.37500000 0.98557692 0.01923077 0.02884615
