0 0.78846154 0.18509615 0.03064904 0.02944712
0 0.94350962 0.47716346 0.03125000 0.04567308
0 0.98677885 0.21875000 0.02644231 0.06250000
0 0.74879808 0.49639423 0.03605769 0.00721154
0 0.94110577 0.14062500 0.01923077 0.03966346
0 0.90985577 0.15504808 0.03004808 0.04206731
0 0.64783654 0.09615385 0.03125000 0.04326923
0 0.88822115 0.04687500 0.03125000 0.03966346
0 0.79086538 0.01442308 0.02403846 0.02884615
0 0.92307692 0.40384615 0.02644231 0.05048077
0 0.98437500 0.42187500 0.03004808 0.06370192
