0 0.25000000 0.94471154 0.01562500 0.02884615
0 0.00600962 0.74399038 0.01201923 0.02163462
0 0.45432692 0.37620192 0.02403846 0.03605769
0 0.62980769 0.44591346 0.03125000 0.05649038
0 0.72475962 0.37259615 0.03605769 0.02884615
0 0.71875000 0.40985577 0.02043269 0.04567308
0 0.75961538 0.53966346 0.03605769 0.04567308
0 0.74519231 0.63221154 0.03245192 0.03846154
0 0.63581731 0.63701923 0.03725962 0.07211538
0 0.64543269 0.68269231 0.02764423 0.05889423
0 0.64903846 0.89783654 0.03846154 0.04326923
0 0.75841346 0.95432692 0.04206731 0.05048077
0 0.75360577 0.99158654 0.03125000 0.01682692
0 0.76562500 0.90144231 0.03004808 0.04687500
0 0.82331731 0.86057692 0.03125000 0.06250000
0 0.80769231 0.93149038 0.03245192 0.05168269
0 0.74158654 0.91225962 0.02163462 0.03605769
