0 0.45673077 0.82211538 0.02644231 0.03545673
0 0.47355769 0.68629808 0.02764423 0.03846154
0 0.35937500 0.75000000 0.01802885 0.03485577
0 0.41586538 0.79567308 0.02283654 0.03966346
0 0.44230769 0.79326923 0.02043269 0.03245192
0 0.34975962 0.63701923 0.02043269 0.03245192
0 0.50000000 0.62620192 0.02524038 0.04447115
0 0.53004808 0.59975962 0.03004808 0.06370192
0 0.49278846 0.51682692 0.02884615 0.03245192
0 0.44230769 0.59495192 0.02884615 0.04206731
0 0.33774038 0.65745192 0.03245192 0.07211538
0 0.42307692 0.88221154 0.03966346 0.07692308
0 0.54567308 0.53125000 0.02764423 0.04927885
0 0.30408654 0.89302885 0.01923077 0.03966346
0 0.51562500 0.62019231 0.01562500 0.04687500
