0 0.16826923 0.94230769 0.02403846 0.04747596
0 0.37139423 0.70192308 0.02644231 0.05649038
0 0.09855769 0.71634615 0.03125000 0.06250000
0 0.18269231 0.77163462 0.01923077 0.03966346
0 0.24158654 0.94831731 0.02163462 0.04447115
0 0.10817308 0.61538462 0.03004808 0.05168269
0 0.28245192 0.65264423 0.02524038 0.04567308
0 0.13942308 0.77644231 0.03004808 0.05769231
0 0.27884615 0.87379808 0.02884615 0.05528846
0 0.26923077 0.73557692 0.02403846 0.05048077
0 0.08052885 0.53966346 0.04447115 0.07572115
0 0.12139423 0.68750000 0.02403846 0.06250000
0 0.12980769 0.85096154 0.02524038 0.05168269
