0 0.51562500 0.87259615 0.03125000 0.04687500
0 0.46875000 0.79807692 0.02764423 0.05288462
0 0.45312500 0.86778846 0.02884615 0.05288462
0 0.48076923 0.70913462 0.03125000 0.05649038
0 0.54447115 0.80649038 0.03725962 0.04807692
0 0.42307692 0.56250000 0.04086538 0.03725962
0 0.66105769 0.76923077 0.03725962 0.05528846
0 0.52764423 0.64543269 0.03605769 0.04807692
0 0.52403846 0.52163462 0.03966346 0.05528846
0 0.63221154 0.75961538 0.04326923 0.05889423
0 0.46514423 0.63822115 0.02884615 0.04807692
0 0.44110577 0.64302885 0.02764423 0.05168269
0 0.42067308 0.80769231 0.03245192 0.05889423
