0 0.70432692 0.72115385 0.02043269 0.03605769
0 0.75360577 0.58774038 0.01322115 0.04807692
0 0.88100962 0.64182692 0.01923077 0.03966346
0 0.72115385 0.61899038 0.01923077 0.04206731
0 0.55048077 0.66826923 0.02764423 0.05408654
0 0.63701923 0.79687500 0.02043269 0.03365385
0 0.72716346 0.78004808 0.01682692 0.03725962
0 0.78365385 0.76682692 0.02043269 0.03725962
0 0.65504808 0.99759615 0.02163462 0.00480769
0 0.80168269 0.58774038 0.01923077 0.04206731
0 0.74879808 0.65865385 0.01682692 0.04206731
