0 0.66947115 0.42067308 0.02343750 0.03906250
0 0.73317308 0.45192308 0.02524038 0.04807692
0 0.75000000 0.48197115 0.02884615 0.01201923
0 0.64423077 0.36538462 0.02403846 0.05168269
0 0.87259615 0.48197115 0.02403846 0.01201923
0 0.88100962 0.46274038 0.02524038 0.03365385
0 0.88581731 0.39302885 0.02644231 0.05168269
0 0.48557692 0.50841346 0.01322115 0.03004808
0 0.50600962 0.67427885 0.00721154 0.03605769
0 0.02644231 0.93750000 0.01322115 0.02403846
0 0.03846154 0.93389423 0.02403846 0.02884615
0 0.05769231 0.92908654 0.01562500 0.03004808
0 0.06370192 0.99639423 0.01201923 0.00721154
0 0.08052885 0.99639423 0.01201923 0.00721154
0 0.09735577 0.99399038 0.01682692 0.01201923
