0 0.70072115 0.00961538 0.03605769 0.01923077
0 0.72956731 0.10216346 0.02283654 0.04447115
0 0.84495192 0.18149038 0.02764423 0.06610577
0 0.92908654 0.02043269 0.02644231 0.04086538
0 0.99759615 0.12980769 0.00480769 0.05288462
0 0.66826923 0.04326923 0.03004808 0.05408654
0 0.99038462 0.30408654 0.01682692 0.03966346
0 0.73918269 0.39543269 0.01923077 0.03004808
0 0.78605769 0.18269231 0.02163462 0.03485577
0 0.92427885 0.24158654 0.02644231 0.04807692
0 0.85336538 0.25841346 0.03245192 0.03846154
0 0.92427885 0.11418269 0.01682692 0.03485577
0 0.76562500 0.37980769 0.02283654 0.03605769
0 0.70552885 0.10456731 0.02524038 0.05769231
0 0.64783654 0.33653846 0.02283654 0.03605769
0 0.75480769 0.27644231 0.02524038 0.03004808
0 0.97956731 0.24278846 0.02764423 0.04086538
0 0.70072115 0.07211538 0.02764423 0.06129808
0 0.67307692 0.01682692 0.02884615 0.03365385
0 0.73317308 0.01562500 0.03365385 0.03125000
0 0.84975962 0.16706731 0.01442308 0.02644231
0 0.59014423 0.86658654 0.02043269 0.03545673
0 0.54326923 0.99639423 0.01923077 0.00721154
0 0.59735577 0.93750000 0.02163462 0.04326923
