0 0.61298077 0.12620192 0.00961538 0.05528846
0 0.69591346 0.08653846 0.02884615 0.04687500
0 0.98557692 0.11298077 0.02884615 0.03846154
0 0.33774038 0.97716346 0.04086538 0.04567308
0 0.42788462 0.86057692 0.02163462 0.03365385
0 0.43389423 0.59014423 0.01682692 0.03966346
0 0.25240385 0.77283654 0.03365385 0.03846154
0 0.20552885 0.86057692 0.03004808 0.05168269
0 0.30168269 0.71634615 0.02163462 0.05528846
0 0.22836538 0.92307692 0.03365385 0.03846154
0 0.28485577 0.85216346 0.02524038 0.05528846
0 0.54086538 0.60216346 0.04206731 0.06850962
0 0.33774038 0.71995192 0.02283654 0.02884615
0 0.34495192 0.79447115 0.01682692 0.03365385
0 0.36057692 0.81370192 0.01201923 0.04326923
0 0.34495192 0.84615385 0.03365385 0.05168269
0 0.18389423 0.58173077 0.02043269 0.03125000
0 0.17187500 0.60817308 0.02043269 0.03725962
