0 0.69951923 0.31730769 0.02944712 0.05528846
0 0.77283654 0.02644231 0.02764423 0.03966346
0 0.70552885 0.07932692 0.02043269 0.03365385
0 0.80889423 0.16466346 0.02644231 0.04206731
0 0.73798077 0.28846154 0.02163462 0.07331731
0 0.69591346 0.25000000 0.03125000 0.04927885
0 0.77043269 0.15264423 0.02644231 0.04687500
0 0.73798077 0.20913462 0.03004808 0.04447115
0 0.61177885 0.33653846 0.00721154 0.04326923
0 0.75000000 0.07331731 0.01802885 0.03365385
0 0.67908654 0.08293269 0.02283654 0.03004808
0 0.66826923 0.35817308 0.02524038 0.05528846
0 0.64302885 0.15384615 0.01682692 0.03004808
0 0.65144231 0.14062500 0.01802885 0.02764423
0 0.99038462 0.88461538 0.01923077 0.03365385
0 0.93990385 0.81850962 0.02463942 0.02764423
0 0.99399038 0.67548077 0.01201923 0.04326923
0 0.84254808 0.70072115 0.02283654 0.03004808
0 0.99399038 0.54567308 0.01201923 0.04326923
0 0.97475962 0.73437500 0.02283654 0.03605769
0 0.91826923 0.87019231 0.02163462 0.03004808
0 0.94831731 0.65264423 0.02283654 0.03485577
0 0.91225962 0.90144231 0.02283654 0.03365385
0 0.80528846 0.94831731 0.02163462 0.03605769
0 0.85937500 0.78725962 0.02524038 0.03365385
0 0.85456731 0.67908654 0.02163462 0.03125000
