0 0.89423077 0.13100962 0.02644231 0.03786058
0 0.93149038 0.27524038 0.01682692 0.03725962
0 0.99519231 0.22596154 0.00961538 0.04807692
0 0.97716346 0.02163462 0.01802885 0.03725962
0 0.92548077 0.11057692 0.03245192 0.04447115
0 0.69951923 0.00600962 0.02403846 0.01201923
0 0.82572115 0.02764423 0.02403846 0.04086538
0 0.98798077 0.00841346 0.01923077 0.01682692
0 0.79447115 0.44230769 0.01682692 0.04086538
0 0.94591346 0.33413462 0.01923077 0.03725962
0 0.77163462 0.60576923 0.02884615 0.03365385
0 0.56129808 0.71274038 0.00721154 0.03605769
