0 0.79086538 0.19350962 0.03004808 0.04206731
0 0.78605769 0.39903846 0.03846154 0.06490385
0 0.72235577 0.42548077 0.04927885 0.07572115
0 0.76682692 0.11658654 0.03846154 0.05408654
0 0.82812500 0.38581731 0.04086538 0.05889423
0 0.90024038 0.44711538 0.02884615 0.05288462
0 0.92788462 0.06370192 0.04567308 0.07932692
0 0.91225962 0.29326923 0.02524038 0.05288462
0 0.74639423 0.45913462 0.04206731 0.03846154
0 0.84855769 0.23197115 0.02163462 0.04687500
0 0.83894231 0.31370192 0.03365385 0.04086538
0 0.47115385 0.94711538 0.03966346 0.04627404
0 0.51201923 0.99278846 0.02403846 0.01442308
0 0.34975962 0.89302885 0.02884615 0.05649038
0 0.51562500 0.52524038 0.02163462 0.03125000
0 0.44350962 0.96153846 0.02764423 0.04086538
0 0.32692308 0.99399038 0.02884615 0.01201923
0 0.38942308 0.92067308 0.02884615 0.05649038
0 0.41586538 0.68509615 0.02764423 0.05889423
0 0.58052885 0.58653846 0.02163462 0.03725962
0 0.49639423 0.52764423 0.01682692 0.03605769
0 0.44711538 0.52283654 0.02884615 0.02644231
0 0.86177885 0.90024038 0.01802885 0.02283654
0 0.75721154 0.67307692 0.01682692 0.02764423
0 0.70673077 0.54326923 0.00961538 0.02644231
