0 0.87620192 0.42908654 0.03605769 0.04086538
0 0.98918269 0.43509615 0.02163462 0.02884615
0 0.67548077 0.29206731 0.03725962 0.04687500
0 0.57932692 0.32572115 0.03365385 0.04687500
0 0.96634615 0.44110577 0.03365385 0.01682692
0 0.86298077 0.10817308 0.01682692 0.04206731
0 0.85096154 0.10576923 0.01562500 0.04687500
0 0.83653846 0.86298077 0.02223558 0.03966346
0 0.90504808 0.91105769 0.02223558 0.03846154
0 0.71875000 0.97836538 0.02403846 0.04086538
0 0.92307692 0.64062500 0.02043269 0.03846154
0 0.66105769 0.65745192 0.02403846 0.05288462
0 0.74639423 0.83293269 0.01923077 0.03725962
0 0.77884615 0.91105769 0.02043269 0.04447115
0 0.83293269 0.79807692 0.02163462 0.05048077
0 0.66706731 0.64062500 0.02884615 0.07091346
0 0.85096154 0.87620192 0.01562500 0.02884615
0 0.79086538 0.84975962 0.03004808 0.05769231
0 0.78846154 0.77884615 0.02163462 0.05408654
0 0.69230769 0.92548077 0.02524038 0.05048077
