0 0.97596154 0.17908654 0.02283654 0.04687500
0 0.09855769 0.59375000 0.03004808 0.04206731
0 0.09375000 0.79086538 0.03846154 0.06370192
0 0.14903846 0.81370192 0.05168269 0.07812500
0 0.10216346 0.52043269 0.03846154 0.05288462
0 0.04567308 0.71033654 0.02524038 0.04927885
0 0.03966346 0.77403846 0.03966346 0.05769231
0 0.03966346 0.62379808 0.03004808 0.04687500
0 0.12620192 0.85096154 0.04447115 0.04206731
0 0.58774038 0.81490385 0.01682692 0.04807692
0 0.62740385 0.74399038 0.02644231 0.05168269
0 0.64302885 0.81129808 0.02764423 0.05168269
0 0.61658654 0.65745192 0.03004808 0.05528846
0 0.67187500 0.51562500 0.03966346 0.03605769
0 0.63100962 0.97836538 0.03605769 0.04326923
0 0.58894231 0.97716346 0.01923077 0.04567308
0 0.58293269 0.59495192 0.00721154 0.04567308
0 0.58653846 0.47596154 0.01442308 0.05288462
0 0.63100962 0.59014423 0.02764423 0.04687500
0 0.65384615 0.59375000 0.02644231 0.04927885
0 0.67427885 0.75240385 0.03125000 0.05649038
