0 0.54687500 0.12620192 0.01201923 0.01742788
0 0.56971154 0.09975962 0.01382212 0.04026442
0 0.87139423 0.20552885 0.01201923 0.01682692
0 0.87259615 0.21995192 0.01081731 0.01802885
0 0.45432692 0.58653846 0.01862981 0.03846154
0 0.21394231 0.70312500 0.02524038 0.04567308
0 0.09975962 0.96514423 0.04086538 0.06971154
0 0.13221154 0.65865385 0.03125000 0.04807692
0 0.23437500 0.56610577 0.03245192 0.05649038
0 0.17187500 0.79086538 0.02764423 0.06250000
0 0.09615385 0.73317308 0.03485577 0.04807692
0 0.15264423 0.55048077 0.01682692 0.04326923
0 0.21754808 0.55048077 0.03485577 0.04086538
0 0.23918269 0.70192308 0.02524038 0.04927885
0 0.01562500 0.58774038 0.03125000 0.05528846
0 0.05528846 0.53846154 0.03365385 0.01923077
0 0.05769231 0.71634615 0.03485577 0.04447115
0 0.07331731 0.60937500 0.03605769 0.04326923
0 0.44711538 0.61658654 0.02524038 0.04807692
0 0.88100962 0.63100962 0.01201923 0.01682692
0 0.87980769 0.62740385 0.00540865 0.01442308
0 0.86778846 0.61899038 0.00841346 0.01322115
0 0.94951923 0.64302885 0.00841346 0.02283654
0 0.99519231 0.64423077 0.00841346 0.01442308
0 0.95432692 0.66706731 0.00961538 0.02163462
0 0.97235577 0.66706731 0.01201923 0.02524038
