0 0.17548077 0.80288462 0.02403846 0.03485577
0 0.19230769 0.66466346 0.02944712 0.04146635
0 0.07572115 0.72956731 0.01802885 0.03605769
0 0.13341346 0.77644231 0.02283654 0.04086538
0 0.15985577 0.77403846 0.02163462 0.03245192
0 0.06610577 0.61418269 0.02163462 0.03245192
0 0.21875000 0.60336538 0.02644231 0.04567308
0 0.25120192 0.57572115 0.03125000 0.06490385
0 0.21274038 0.49158654 0.02884615 0.03245192
0 0.16105769 0.57091346 0.02884615 0.04206731
0 0.05288462 0.63581731 0.03245192 0.07331731
0 0.14062500 0.86538462 0.04086538 0.07812500
0 0.26682692 0.50721154 0.02764423 0.05048077
0 0.01923077 0.87620192 0.01923077 0.04086538
0 0.23557692 0.59735577 0.01682692 0.04687500
0 0.56370192 0.64062500 0.03605769 0.04567308
