0 0.84735577 0.18509615 0.02403846 0.03725962
0 0.80168269 0.08774038 0.02764423 0.05168269
0 0.82211538 0.02043269 0.02403846 0.04086538
0 0.97115385 0.41105769 0.02524038 0.04206731
0 0.97115385 0.27403846 0.02524038 0.04206731
0 0.97475962 0.02403846 0.03125000 0.04807692
0 0.96514423 0.91947115 0.04086538 0.06009615
0 0.70312500 0.77043269 0.03665865 0.05528846
0 0.80048077 0.71033654 0.03365385 0.05408654
0 0.99399038 0.57572115 0.01201923 0.04086538
0 0.98317308 0.57331731 0.01923077 0.04206731
