0 0.66826923 0.37620192 0.01923077 0.04086538
0 0.88221154 0.46033654 0.03846154 0.05528846
0 0.68870192 0.47956731 0.03605769 0.01682692
0 0.86298077 0.41105769 0.02403846 0.04206731
0 0.45793269 0.54326923 0.03485577 0.04206731
0 0.31971154 0.52403846 0.03846154 0.07211538
0 0.32211538 0.58774038 0.02644231 0.05889423
0 0.33894231 0.85697115 0.04326923 0.04687500
0 0.35937500 0.99158654 0.04567308 0.01682692
0 0.47235577 0.85096154 0.03846154 0.04687500
0 0.45192308 0.96754808 0.03485577 0.05889423
0 0.48317308 0.90504808 0.03365385 0.05528846
0 0.52764423 0.83413462 0.03245192 0.06370192
0 0.50721154 0.90384615 0.03245192 0.05048077
0 0.51562500 0.97836538 0.04086538 0.04326923
0 0.42427885 0.82331731 0.02403846 0.03846154
0 0.88461538 0.49759615 0.03846154 0.01923077
0 0.88701923 0.53485577 0.02644231 0.05889423
0 0.90384615 0.80408654 0.04326923 0.04687500
0 0.92427885 0.95432692 0.04567308 0.04687500
0 0.98798077 0.76923077 0.02403846 0.03846154
