0 0.65264423 0.10697115 0.04326923 0.03185096
0 0.19350962 0.74519231 0.04447115 0.04927885
0 0.20673077 0.88701923 0.05048077 0.05288462
0 0.31490385 0.73677885 0.03485577 0.04206731
0 0.29326923 0.85817308 0.03245192 0.05408654
0 0.33293269 0.78605769 0.03245192 0.05408654
0 0.35817308 0.73437500 0.03125000 0.06250000
0 0.33774038 0.79206731 0.03245192 0.05288462
0 0.35336538 0.87740385 0.03605769 0.06250000
0 0.25841346 0.70072115 0.03725962 0.05288462
0 0.93990385 0.80889423 0.02343750 0.03185096
0 0.92788462 0.63822115 0.02644231 0.04687500
0 0.79927885 0.52283654 0.01682692 0.02644231
0 0.86899038 0.92908654 0.02403846 0.04086538
0 0.83413462 0.60216346 0.01682692 0.03125000
0 0.96394231 0.61057692 0.02403846 0.06370192
