0 0.98197115 0.42307692 0.03605769 0.04326923
0 0.97956731 0.46274038 0.01682692 0.03725962
0 0.96033654 0.26081731 0.01923077 0.04326923
0 0.20673077 0.58774038 0.02884615 0.03605769
0 0.18870192 0.82692308 0.03125000 0.04807692
0 0.15024038 0.92187500 0.02884615 0.04927885
0 0.44711538 0.69951923 0.02884615 0.04807692
0 0.15264423 0.82932692 0.03125000 0.06730769
0 0.24038462 0.94110577 0.03485577 0.04326923
0 0.56610577 0.67908654 0.02043269 0.03725962
0 0.28004808 0.71033654 0.02524038 0.05168269
0 0.31490385 0.98557692 0.01923077 0.02884615
0 0.56129808 0.69711538 0.02524038 0.05168269
0 0.34014423 0.80528846 0.03605769 0.04326923
0 0.38100962 0.81490385 0.03605769 0.04687500
0 0.26081731 0.69471154 0.01682692 0.04807692
