0 0.21514423 0.40144231 0.01862981 0.02343750
0 0.24038462 0.38942308 0.01802885 0.03004808
0 0.28245192 0.45192308 0.02043269 0.03725962
0 0.16225962 0.54447115 0.01442308 0.03004808
0 0.24038462 0.58413462 0.02403846 0.03605769
0 0.31129808 0.51802885 0.01322115 0.03365385
0 0.32692308 0.64663462 0.01322115 0.03245192
0 0.35576923 0.63221154 0.01802885 0.03245192
0 0.37259615 0.71033654 0.01442308 0.03004808
0 0.35576923 0.67427885 0.02043269 0.04086538
0 0.31971154 0.64423077 0.01081731 0.02764423
0 0.27403846 0.67668269 0.02884615 0.04086538
0 0.22596154 0.65625000 0.02283654 0.03725962
0 0.21394231 0.54206731 0.02403846 0.04567308
0 0.23918269 0.77644231 0.01802885 0.03004808
0 0.21875000 0.72115385 0.01923077 0.03846154
0 0.23557692 0.84495192 0.02043269 0.03245192
0 0.14783654 0.57331731 0.02043269 0.03365385
0 0.33413462 0.87379808 0.02884615 0.03245192
0 0.14903846 0.83052885 0.02043269 0.04206731
0 0.32331731 0.55889423 0.02403846 0.03725962
0 0.15024038 0.59735577 0.01322115 0.02764423
0 0.13341346 0.58533654 0.01322115 0.02043269
0 0.40745192 0.67788462 0.01322115 0.02283654
0 0.73918269 0.46754808 0.02403846 0.01802885
0 0.73918269 0.85216346 0.01081731 0.03245192
0 0.65625000 0.87620192 0.01442308 0.04086538
0 0.66586538 0.92788462 0.01322115 0.02764423
