0 0.48076923 0.08774038 0.02403846 0.04447115
0 0.42548077 0.11538462 0.01442308 0.03846154
0 0.54447115 0.09375000 0.02163462 0.03245192
0 0.85096154 0.07812500 0.02524038 0.06009615
0 0.64062500 0.14543269 0.02403846 0.03245192
0 0.63701923 0.23437500 0.02043269 0.02884615
0 0.81250000 0.07572115 0.01682692 0.04567308
0 0.65865385 0.21875000 0.01682692 0.03485577
0 0.73557692 0.16586538 0.03004808 0.03125000
0 0.56370192 0.02163462 0.03125000 0.04326923
0 0.84134615 0.71274038 0.00961538 0.01442308
0 0.60697115 0.74879808 0.01081731 0.02043269
0 0.65985577 0.87620192 0.00961538 0.01923077
