0 0.95072115 0.37860577 0.02403846 0.03786058
0 0.93389423 0.35576923 0.02463942 0.03425481
0 0.93870192 0.16225962 0.03245192 0.04867788
0 0.93269231 0.02524038 0.01923077 0.05048077
0 0.08052885 0.52163462 0.02644231 0.02403846
0 0.12500000 0.78966346 0.04687500 0.05288462
0 0.14062500 0.93149038 0.05048077 0.05288462
0 0.24399038 0.78125000 0.03725962 0.04567308
0 0.22355769 0.90504808 0.03245192 0.05408654
0 0.26201923 0.83173077 0.03245192 0.05408654
0 0.28966346 0.78245192 0.03125000 0.06250000
0 0.26682692 0.83774038 0.03245192 0.05288462
0 0.28485577 0.92427885 0.03605769 0.06250000
0 0.18870192 0.74759615 0.03725962 0.05288462
0 0.93389423 0.99399038 0.04086538 0.01201923
0 0.85456731 0.63701923 0.02283654 0.05769231
0 0.89182692 0.72115385 0.02163462 0.05048077
0 0.87139423 0.55889423 0.02163462 0.04687500
0 0.99639423 0.92067308 0.00721154 0.03846154
0 0.99759615 0.61177885 0.00480769 0.04086538
