0 0.71153846 0.01562500 0.02884615 0.03125000
0 0.69951923 0.09014423 0.03125000 0.03725962
0 0.68389423 0.47475962 0.03125000 0.02644231
0 0.20312500 0.49879808 0.02644231 0.02163462
0 0.23798077 0.76201923 0.04687500 0.05168269
0 0.23798077 0.91947115 0.04807692 0.04927885
0 0.35697115 0.75721154 0.03966346 0.04807692
0 0.33894231 0.87379808 0.03605769 0.06009615
0 0.38100962 0.80408654 0.03725962 0.05889423
0 0.41466346 0.73918269 0.03245192 0.06490385
0 0.39302885 0.81250000 0.03485577 0.05528846
0 0.40504808 0.90024038 0.04086538 0.07211538
0 0.31009615 0.72475962 0.02283654 0.03966346
