0 0.27764423 0.68269231 0.01502404 0.02403846
0 0.31610577 0.63942308 0.01682692 0.03245192
0 0.33894231 0.48557692 0.00961538 0.01682692
0 0.33894231 0.49038462 0.01442308 0.01442308
0 0.33173077 0.50120192 0.01081731 0.01442308
0 0.32572115 0.50961538 0.01442308 0.01562500
0 0.39903846 0.63701923 0.01081731 0.02403846
0 0.52283654 0.52644231 0.02163462 0.01562500
0 0.53004808 0.90024038 0.01081731 0.03125000
0 0.38581731 0.78004808 0.01442308 0.02043269
0 0.26081731 0.84014423 0.01442308 0.02524038
0 0.34134615 0.87019231 0.01562500 0.02043269
0 0.40264423 0.84134615 0.01081731 0.01442308
0 0.40865385 0.90504808 0.01442308 0.02403846
0 0.42427885 0.92908654 0.01081731 0.02403846
0 0.44471154 0.92788462 0.02043269 0.03605769
0 0.45552885 0.97596154 0.01442308 0.02884615
0 0.42908654 0.98677885 0.02403846 0.02163462
0 0.39302885 0.94951923 0.02163462 0.03125000
0 0.36418269 0.98437500 0.02043269 0.02884615
0 0.32331731 0.94711538 0.01322115 0.01923077
0 0.28846154 0.91105769 0.01923077 0.03125000
0 0.24158654 0.89783654 0.01322115 0.02043269
0 0.25120192 0.92788462 0.01322115 0.02043269
0 0.39663462 0.60937500 0.01081731 0.02043269
