0 0.88100962 0.25360577 0.03185096 0.04987981
0 0.85456731 0.27644231 0.02403846 0.04927885
0 0.84014423 0.42668269 0.02884615 0.03245192
0 0.91586538 0.21875000 0.03004808 0.05288462
0 0.78846154 0.08653846 0.02524038 0.03725962
0 0.77644231 0.18750000 0.01322115 0.03365385
0 0.71634615 0.03004808 0.02764423 0.04807692
0 0.78004808 0.02403846 0.01442308 0.03004808
0 0.75961538 0.05168269 0.02283654 0.04447115
0 0.84735577 0.03365385 0.02043269 0.03966346
0 0.93750000 0.01442308 0.01923077 0.02884615
0 0.96153846 0.00721154 0.01923077 0.01442308
0 0.86057692 0.17908654 0.02524038 0.04447115
0 0.81129808 0.24639423 0.02884615 0.06129808
0 0.82932692 0.30288462 0.03245192 0.05288462
0 0.05528846 0.73677885 0.01682692 0.03064904
0 0.37139423 0.86177885 0.03245192 0.05769231
0 0.40865385 0.99158654 0.04326923 0.01682692
0 0.15264423 0.78966346 0.02884615 0.04447115
0 0.00721154 0.98677885 0.00961538 0.02644231
0 0.06250000 0.66105769 0.02043269 0.04206731
0 0.18509615 0.77884615 0.01923077 0.03725962
0 0.33293269 0.67427885 0.01442308 0.03245192
0 0.33774038 0.64783654 0.01562500 0.02524038
0 0.52764423 0.71274038 0.02163462 0.03605769
0 0.02403846 0.63341346 0.02403846 0.03966346
0 0.13461538 0.74399038 0.03004808 0.03966346
0 0.10216346 0.91826923 0.03846154 0.05288462
0 0.07211538 0.62740385 0.02524038 0.03485577
0 0.16706731 0.61899038 0.02163462 0.02163462
0 0.25721154 0.79447115 0.01802885 0.03365385
0 0.27163462 0.74519231 0.03004808 0.04206731
0 0.29567308 0.73317308 0.02043269 0.03846154
0 0.58413462 0.84975962 0.01742788 0.04026442
0 0.61538462 0.85937500 0.02524038 0.04447115
0 0.55649038 0.96033654 0.03605769 0.06971154
0 0.61298077 0.94471154 0.01562500 0.03485577
0 0.65745192 0.88100962 0.03245192 0.03846154
0 0.58894231 0.99038462 0.02884615 0.01923077
0 0.68629808 0.96754808 0.02524038 0.05168269
0 0.77283654 0.90745192 0.02043269 0.03846154
0 0.82932692 0.73076923 0.02403846 0.04447115
0 0.56610577 0.78004808 0.01562500 0.03846154
0 0.59855769 0.77764423 0.02283654 0.03966346
0 0.74038462 0.66947115 0.03365385 0.06730769
0 0.60697115 0.68750000 0.02043269 0.03004808
0 0.74278846 0.86658654 0.02283654 0.03004808
0 0.77403846 0.68509615 0.01923077 0.03966346
0 0.54086538 0.78846154 0.00480769 0.02884615
0 0.80288462 0.70312500 0.02884615 0.03846154
0 0.83774038 0.88942308 0.02403846 0.05408654
0 0.80048077 0.94350962 0.01923077 0.04447115
