0 0.88581731 0.32091346 0.03004808 0.04567308
0 0.53365385 0.29326923 0.01201923 0.03125000
0 0.56971154 0.29447115 0.01682692 0.03485577
0 0.54206731 0.12019231 0.01562500 0.03245192
0 0.99038462 0.04086538 0.01923077 0.04326923
0 0.65985577 0.19110577 0.01562500 0.03605769
0 0.69591346 0.15985577 0.02043269 0.02764423
0 0.58413462 0.12500000 0.01923077 0.03485577
0 0.70673077 0.12379808 0.02644231 0.04567308
0 0.71514423 0.03966346 0.01442308 0.04326923
0 0.04206731 0.62620192 0.01742788 0.03545673
0 0.35697115 0.56370192 0.01562500 0.03605769
0 0.35697115 0.72716346 0.01562500 0.03125000
0 0.43149038 0.81610577 0.01562500 0.03004808
0 0.51923077 0.79447115 0.01682692 0.03485577
0 0.56610577 0.56610577 0.01201923 0.03966346
0 0.61418269 0.55288462 0.01682692 0.03004808
0 0.67548077 0.54567308 0.01442308 0.03245192
0 0.79326923 0.52163462 0.01442308 0.02764423
0 0.79567308 0.49519231 0.01442308 0.02644231
0 0.81850962 0.77403846 0.02043269 0.03846154
0 0.83293269 0.72716346 0.01682692 0.02644231
0 0.80288462 0.84735577 0.01923077 0.02283654
0 0.81370192 0.82932692 0.01201923 0.02043269
0 0.81730769 0.84615385 0.01201923 0.03004808
0 0.67668269 0.82812500 0.01442308 0.04326923
0 0.94471154 0.86778846 0.02283654 0.04206731
0 0.83774038 0.62500000 0.00841346 0.02283654
0 0.99158654 0.86899038 0.01682692 0.03966346
0 0.60697115 0.66947115 0.00841346 0.01562500
0 0.84975962 0.63822115 0.01201923 0.02043269
0 0.59615385 0.67307692 0.00841346 0.02043269
