0 0.82211538 0.60216346 0.02403846 0.01201923
0 0.74759615 0.45192308 0.02043269 0.04447115
0 0.51081731 0.52644231 0.01201923 0.03365385
0 0.72596154 0.36658654 0.01682692 0.04086538
0 0.74158654 0.28365385 0.02884615 0.04447115
0 0.84615385 0.01562500 0.02403846 0.03125000
0 0.51923077 0.14062500 0.01562500 0.03365385
0 0.55168269 0.12139423 0.01802885 0.02524038
0 0.56850962 0.08533654 0.02163462 0.04206731
0 0.57572115 0.01442308 0.01201923 0.02884615
0 0.09975962 0.62019231 0.04567308 0.02403846
0 0.14062500 0.86778846 0.02524038 0.03725962
0 0.62860577 0.88822115 0.01682692 0.03605769
0 0.64302885 0.77644231 0.01682692 0.03846154
0 0.65985577 0.69711538 0.02043269 0.04447115
