0 0.53605769 0.23317308 0.01201923 0.02043269
0 0.58293269 0.18269231 0.01802885 0.03305288
0 0.62860577 0.03365385 0.00961538 0.01802885
0 0.62500000 0.04206731 0.01322115 0.01562500
0 0.61778846 0.05889423 0.01201923 0.01562500
0 0.61418269 0.07091346 0.01682692 0.01682692
0 0.69471154 0.18389423 0.00841346 0.01802885
0 0.69711538 0.20673077 0.00961538 0.02043269
0 0.68870192 0.20552885 0.01201923 0.02644231
0 0.75841346 0.08894231 0.02524038 0.01802885
0 0.83894231 0.44110577 0.01201923 0.03365385
0 0.68028846 0.36658654 0.01562500 0.02403846
0 0.52644231 0.41706731 0.01322115 0.02524038
0 0.62500000 0.44831731 0.01682692 0.02043269
0 0.69110577 0.41826923 0.00961538 0.01322115
0 0.70432692 0.48076923 0.01322115 0.02163462
0 0.71274038 0.50600962 0.01201923 0.02163462
0 0.73076923 0.50721154 0.01562500 0.03004808
0 0.68028846 0.51802885 0.02403846 0.02163462
0 0.59254808 0.51923077 0.01201923 0.01923077
0 0.56129808 0.52043269 0.01682692 0.01682692
0 0.51562500 0.47596154 0.01322115 0.02043269
0 0.52644231 0.50841346 0.01322115 0.02163462
0 0.25600962 0.77043269 0.01382212 0.02103365
0 0.29687500 0.77163462 0.02343750 0.04447115
0 0.30048077 0.82091346 0.00961538 0.03004808
0 0.18629808 0.91346154 0.02403846 0.04206731
0 0.27403846 0.97115385 0.01802885 0.03245192
0 0.33413462 0.88100962 0.01562500 0.02884615
0 0.25961538 0.84615385 0.02163462 0.04567308
0 0.15865385 0.96514423 0.01322115 0.02884615
0 0.34735577 0.86658654 0.01322115 0.03004808
0 0.31009615 0.68750000 0.01802885 0.02403846
0 0.16947115 0.96394231 0.01322115 0.02163462
0 0.32572115 0.70312500 0.01802885 0.02403846
0 0.23076923 0.59254808 0.01682692 0.03245192
0 0.26081731 0.56250000 0.01802885 0.02524038
0 0.22956731 0.55168269 0.01562500 0.02884615
0 0.24278846 0.56009615 0.01322115 0.02524038
0 0.24879808 0.57572115 0.01201923 0.02163462
0 0.74038462 0.57932692 0.03004808 0.03725962
0 0.59014423 0.57091346 0.03846154 0.07331731
0 0.59495192 0.65745192 0.03365385 0.07091346
0 0.67548077 0.98317308 0.03846154 0.03365385
0 0.76442308 0.98677885 0.03846154 0.02644231
0 0.72596154 0.97235577 0.03245192 0.04326923
