0 0.87980769 0.11778846 0.02043269 0.04807692
0 0.76081731 0.28966346 0.06009615 0.06009615
0 0.86418269 0.18629808 0.02524038 0.05649038
0 0.89302885 0.28245192 0.02524038 0.04326923
0 0.90745192 0.15985577 0.02524038 0.04687500
0 0.91947115 0.06610577 0.03365385 0.04807692
0 0.94951923 0.15144231 0.01923077 0.03846154
0 0.89062500 0.11778846 0.02884615 0.03846154
0 0.94471154 0.11899038 0.03004808 0.05168269
0 0.81971154 0.24519231 0.05168269 0.07692308
0 0.88822115 0.31009615 0.02644231 0.01923077
0 0.82692308 0.02884615 0.02764423 0.03245192
0 0.77524038 0.00480769 0.01682692 0.00961538
0 0.77403846 0.04567308 0.01923077 0.06129808
0 0.17187500 0.48557692 0.01742788 0.03906250
0 0.06009615 0.79927885 0.04026442 0.05709135
0 0.08894231 0.83293269 0.02524038 0.05288462
0 0.10697115 0.97235577 0.02884615 0.03245192
0 0.02644231 0.78966346 0.03004808 0.05288462
0 0.15384615 0.61418269 0.02403846 0.03365385
0 0.16586538 0.72956731 0.01322115 0.03365385
0 0.15384615 0.48317308 0.02043269 0.03846154
0 0.22355769 0.54086538 0.02764423 0.04807692
0 0.16586538 0.56009615 0.01442308 0.03004808
0 0.13701923 0.51081731 0.01322115 0.03245192
0 0.17788462 0.56730769 0.01802885 0.03365385
0 0.28605769 0.36658654 0.03365385 0.07091346
0 0.10937500 0.56971154 0.01802885 0.03725962
0 0.26322115 0.36298077 0.02283654 0.03725962
0 0.00961538 0.56129808 0.01802885 0.03966346
0 0.03365385 0.36538462 0.02283654 0.04326923
0 0.18870192 0.40144231 0.01802885 0.04206731
0 0.16706731 0.39903846 0.02524038 0.04326923
0 0.00841346 0.48557692 0.01682692 0.03365385
0 0.08774038 0.74038462 0.02764423 0.05168269
0 0.00480769 0.33533654 0.00961538 0.03125000
0 0.14182692 0.79086538 0.02884615 0.06129808
0 0.13822115 0.85216346 0.03846154 0.07451923
0 0.73557692 0.42307692 0.04807692 0.03846154
0 0.78245192 0.42427885 0.03966346 0.05649038
0 0.82692308 0.36538462 0.03245192 0.04807692
0 0.94591346 0.51081731 0.01923077 0.03004808
0 0.85216346 0.53846154 0.01802885 0.03365385
0 0.89062500 0.49639423 0.02043269 0.04447115
0 0.84254808 0.48798077 0.02283654 0.03966346
0 0.83293269 0.54687500 0.02403846 0.07211538
0 0.81009615 0.53245192 0.03725962 0.04206731
0 0.79567308 0.48317308 0.03245192 0.05649038
0 0.78846154 0.60697115 0.02764423 0.06250000
0 0.71153846 0.53966346 0.02884615 0.03846154
0 0.94831731 0.59615385 0.02403846 0.03966346
0 0.85937500 0.65024038 0.02403846 0.03245192
0 0.87139423 0.84014423 0.02043269 0.02764423
0 0.72355769 0.92187500 0.02764423 0.04807692
0 0.63701923 0.98918269 0.01923077 0.02163462
0 0.84014423 0.92187500 0.03966346 0.06490385
0 0.86538462 0.81129808 0.03725962 0.05168269
0 0.94711538 0.98918269 0.02403846 0.02163462
0 0.93269231 0.97596154 0.02884615 0.04447115
0 0.95913462 0.83293269 0.02524038 0.04447115
0 0.96634615 0.89182692 0.03245192 0.07091346
