0 0.63461538 0.01923077 0.02403846 0.03846154
0 0.63581731 0.20793269 0.03125000 0.04326923
0 0.63461538 0.37620192 0.03966346 0.03966346
0 0.73677885 0.28245192 0.04326923 0.05288462
0 0.75120192 0.32091346 0.03725962 0.06129808
0 0.74759615 0.21514423 0.04326923 0.06971154
0 0.76081731 0.16947115 0.03725962 0.07331731
0 0.83894231 0.16706731 0.03485577 0.06971154
0 0.80769231 0.22475962 0.03846154 0.06129808
0 0.83533654 0.34615385 0.04326923 0.07572115
0 0.48437500 0.50600962 0.01442308 0.03125000
0 0.62259615 0.80769231 0.01201923 0.03725962
0 0.46514423 0.65384615 0.01562500 0.02403846
0 0.48798077 0.72235577 0.01081731 0.01562500
0 0.49519231 0.79687500 0.01802885 0.03004808
0 0.51081731 0.83052885 0.01081731 0.02283654
0 0.53605769 0.82692308 0.02403846 0.04567308
0 0.54687500 0.88461538 0.01442308 0.03004808
0 0.52283654 0.88461538 0.02403846 0.02283654
0 0.48197115 0.84495192 0.02764423 0.03846154
0 0.45192308 0.88701923 0.00480769 0.03365385
0 0.47836538 0.47235577 0.01201923 0.02283654
