0 0.50360577 0.25000000 0.02403846 0.03064904
0 0.45432692 0.24278846 0.02043269 0.03305288
0 0.51562500 0.16105769 0.01622596 0.02524038
0 0.51201923 0.18389423 0.01081731 0.02163462
0 0.54326923 0.15024038 0.01442308 0.03245192
0 0.54807692 0.29927885 0.01682692 0.02884615
0 0.61298077 0.37980769 0.01442308 0.02644231
0 0.69350962 0.35937500 0.02163462 0.02403846
0 0.73197115 0.14903846 0.01081731 0.03605769
0 0.77764423 0.13822115 0.01562500 0.02644231
0 0.83413462 0.13701923 0.01081731 0.02403846
0 0.93990385 0.11418269 0.01201923 0.02403846
0 0.93870192 0.08894231 0.01442308 0.02403846
0 0.97115385 0.36057692 0.01923077 0.04927885
0 0.97836538 0.29927885 0.01201923 0.03125000
0 0.94831731 0.41346154 0.01201923 0.02403846
0 0.95913462 0.40745192 0.01081731 0.01682692
0 0.95673077 0.39182692 0.01201923 0.01682692
0 0.83653846 0.38942308 0.01562500 0.04447115
0 0.98076923 0.19711538 0.01081731 0.02043269
0 0.76081731 0.25000000 0.00600962 0.02043269
0 0.99399038 0.20913462 0.01081731 0.01923077
0 0.76923077 0.24519231 0.01201923 0.02163462
0 0.48197115 0.10697115 0.01562500 0.02163462
0 0.06009615 0.94110577 0.02043269 0.03725962
0 0.08413462 0.96995192 0.01081731 0.02644231
0 0.06850962 0.97475962 0.01201923 0.02043269
0 0.01562500 0.62139423 0.01562500 0.03004808
0 0.00360577 0.62139423 0.00721154 0.01682692
0 0.01682692 0.59735577 0.01201923 0.02644231
0 0.55769231 0.55408654 0.01081731 0.01562500
0 0.55769231 0.59615385 0.00961538 0.01923077
0 0.56009615 0.57932692 0.00961538 0.01923077
0 0.57451923 0.54687500 0.01201923 0.02403846
0 0.43750000 0.54567308 0.01201923 0.03966346
0 0.48437500 0.85576923 0.01442308 0.01923077
0 0.63942308 0.76081731 0.02644231 0.03485577
0 0.66706731 0.59975962 0.02043269 0.02644231
0 0.70552885 0.60456731 0.01442308 0.02524038
0 0.76322115 0.52043269 0.01923077 0.01923077
0 0.47596154 0.84495192 0.00961538 0.01923077
0 0.84134615 0.72596154 0.00961538 0.02644231
0 0.89182692 0.58653846 0.00961538 0.02163462
