0 0.99278846 0.38221154 0.01442308 0.04326923
0 0.90625000 0.05168269 0.03004808 0.05048077
0 0.35937500 0.94230769 0.01802885 0.05528846
0 0.00240385 0.67668269 0.00480769 0.03125000
0 0.00360577 0.64302885 0.00721154 0.02644231
0 0.23798077 0.66947115 0.01322115 0.03004808
0 0.55649038 0.87139423 0.01562500 0.03725962
0 0.56370192 0.79447115 0.01682692 0.02884615
0 0.63461538 0.78605769 0.01562500 0.03365385
0 0.53966346 0.76322115 0.01562500 0.03004808
0 0.53725962 0.67788462 0.01562500 0.03245192
0 0.19110577 0.44711538 0.01682692 0.03846154
0 0.22836538 0.46274038 0.02043269 0.04927885
0 0.01201923 0.95192308 0.02403846 0.04326923
0 0.00600962 0.66105769 0.01201923 0.02884615
0 0.01081731 0.61778846 0.01802885 0.02884615
