0 0.66826923 0.09855769 0.04206731 0.05889423
0 0.90625000 0.10216346 0.03004808 0.05288462
0 0.90745192 0.20312500 0.03004808 0.04206731
0 0.65024038 0.13942308 0.02644231 0.05408654
0 0.62019231 0.26081731 0.04326923 0.01682692
0 0.70913462 0.11899038 0.02764423 0.04567308
0 0.56370192 0.01923077 0.01682692 0.03846154
0 0.58052885 0.08052885 0.02403846 0.06250000
0 0.63701923 0.03725962 0.03004808 0.05408654
0 0.58774038 0.13942308 0.04927885 0.07091346
0 0.07572115 0.85697115 0.05168269 0.06911058
0 0.26442308 0.69951923 0.03485577 0.06009615
0 0.31610577 0.81370192 0.04927885 0.07091346
0 0.05769231 0.90144231 0.02283654 0.04567308
0 0.00961538 0.94591346 0.01923077 0.05048077
0 0.05649038 0.61177885 0.03004808 0.06250000
0 0.00600962 0.59975962 0.01201923 0.04086538
0 0.32331731 0.49038462 0.01682692 0.03605769
0 0.33052885 0.45312500 0.01923077 0.03245192
0 0.41586538 0.50120192 0.02644231 0.03245192
0 0.24158654 0.32572115 0.02403846 0.04807692
0 0.42187500 0.30528846 0.03485577 0.05769231
0 0.04927885 0.31129808 0.03485577 0.06850962
0 0.03725962 0.50600962 0.02283654 0.03004808
0 0.08173077 0.34855769 0.04086538 0.05048077
0 0.10456731 0.39783654 0.02163462 0.03004808
0 0.17187500 0.53485577 0.02163462 0.04807692
0 0.14182692 0.57331731 0.02764423 0.03004808
0 0.10817308 0.55889423 0.03125000 0.04927885
0 0.92307692 0.98076923 0.01923077 0.03846154
