0 0.90985577 0.11538462 0.01442308 0.02283654
0 0.86177885 0.06490385 0.01682692 0.03245192
0 0.75120192 0.06730769 0.00841346 0.01802885
0 0.74759615 0.08894231 0.00961538 0.02043269
0 0.75721154 0.08774038 0.01201923 0.02644231
0 0.60697115 0.32331731 0.01201923 0.03365385
0 0.76442308 0.24879808 0.01562500 0.02403846
0 0.91947115 0.29927885 0.01322115 0.02524038
0 0.82091346 0.33052885 0.01682692 0.02043269
0 0.75360577 0.30048077 0.00961538 0.01322115
0 0.74158654 0.36298077 0.01322115 0.02163462
0 0.73317308 0.38822115 0.01201923 0.02163462
0 0.71394231 0.38942308 0.01562500 0.03004808
0 0.69951923 0.43870192 0.01322115 0.02884615
0 0.74519231 0.45552885 0.01201923 0.03004808
0 0.76562500 0.40504808 0.02403846 0.02884615
0 0.79567308 0.44831731 0.02163462 0.04687500
0 0.85096154 0.40264423 0.01322115 0.02043269
0 0.88461538 0.41105769 0.01682692 0.03004808
0 0.83293269 0.48437500 0.01322115 0.02524038
0 0.80528846 0.53245192 0.01201923 0.02644231
0 0.69230769 0.61057692 0.02403846 0.01442308
0 0.82451923 0.60576923 0.01923077 0.02403846
0 0.91105769 0.56730769 0.01802885 0.04086538
0 0.93028846 0.35817308 0.01322115 0.02043269
0 0.91947115 0.39062500 0.01322115 0.02163462
