0 0.19951923 0.54807692 0.04807692 0.06550481
0 0.21033654 0.59375000 0.02524038 0.05288462
0 0.25480769 0.73076923 0.04206731 0.04206731
0 0.15625000 0.59254808 0.02524038 0.04447115
0 0.29206731 0.36658654 0.02403846 0.03365385
0 0.29086538 0.57331731 0.03846154 0.07572115
0 0.31250000 0.46274038 0.01923077 0.04567308
0 0.31850962 0.31129808 0.02163462 0.02644231
0 0.32932692 0.31129808 0.02403846 0.02644231
0 0.29687500 0.51562500 0.02524038 0.06490385
0 0.25000000 0.31009615 0.01923077 0.02403846
0 0.15625000 0.30769231 0.01923077 0.01923077
0 0.23557692 0.48798077 0.04086538 0.05649038
0 0.71153846 0.32692308 0.02103365 0.02944712
