0 0.82692308 0.27764423 0.01682692 0.04206731
0 0.61177885 0.25961538 0.02644231 0.06370192
0 0.89423077 0.32572115 0.02884615 0.04567308
0 0.83653846 0.33894231 0.02403846 0.01923077
0 0.67668269 0.32692308 0.02163462 0.04326923
0 0.89062500 0.13221154 0.03004808 0.04807692
0 0.66826923 0.25240385 0.02524038 0.05288462
0 0.87019231 0.21274038 0.02524038 0.05528846
0 0.37019231 0.74158654 0.00961538 0.02163462
0 0.35456731 0.73677885 0.01201923 0.02163462
0 0.34855769 0.71634615 0.01201923 0.02163462
0 0.32692308 0.59615385 0.01442308 0.04206731
0 0.29326923 0.62259615 0.01201923 0.02283654
0 0.12500000 0.49639423 0.00961538 0.01682692
0 0.36778846 0.45432692 0.02644231 0.04687500
0 0.38341346 0.49639423 0.01201923 0.02163462
0 0.38822115 0.54206731 0.00240385 0.03605769
0 0.38461538 0.55168269 0.00841346 0.01682692
0 0.38461538 0.53245192 0.00961538 0.02163462
0 0.33653846 0.48197115 0.01802885 0.02163462
0 0.32211538 0.51322115 0.01322115 0.02524038
0 0.26442308 0.52163462 0.00841346 0.01442308
0 0.11298077 0.35937500 0.01442308 0.02163462
0 0.47355769 0.98918269 0.02403846 0.02163462
0 0.49639423 0.70552885 0.02884615 0.04206731
0 0.48557692 0.58413462 0.02283654 0.03485577
0 0.42427885 0.93990385 0.02043269 0.04447115
0 0.55168269 0.91947115 0.02884615 0.02884615
0 0.60937500 0.88581731 0.05048077 0.05168269
0 0.54687500 0.72716346 0.02524038 0.04206731
0 0.78004808 0.81370192 0.03125000 0.05048077
0 0.79807692 0.86658654 0.03725962 0.03846154
0 0.57932692 0.75600962 0.02163462 0.03485577
0 0.51682692 0.96875000 0.01682692 0.03004808
