0 0.77043269 0.41225962 0.01382212 0.01622596
0 0.80528846 0.41826923 0.01562500 0.02884615
0 0.80769231 0.46995192 0.01081731 0.03125000
0 0.69591346 0.56370192 0.02163462 0.03125000
0 0.84014423 0.52403846 0.01442308 0.02524038
0 0.77043269 0.47956731 0.02043269 0.02884615
0 0.85216346 0.50721154 0.01322115 0.02884615
0 0.83413462 0.35456731 0.01802885 0.03125000
0 0.81971154 0.34375000 0.01802885 0.02163462
0 0.74399038 0.24519231 0.01562500 0.03004808
0 0.76562500 0.22716346 0.01802885 0.03966346
0 0.75600962 0.24639423 0.00961538 0.01802885
0 0.74158654 0.22115385 0.01322115 0.02644231
0 0.56610577 0.96995192 0.01923077 0.05468750
0 0.58413462 0.98677885 0.00961538 0.02644231
0 0.16225962 0.64543269 0.01742788 0.03365385
0 0.11538462 0.67788462 0.01562500 0.04326923
0 0.11418269 0.87019231 0.03004808 0.05769231
0 0.01562500 0.83413462 0.01322115 0.03125000
0 0.12860577 0.90264423 0.01442308 0.03125000
