0 0.06129808 0.54807692 0.03245192 0.03846154
0 0.19230769 0.53125000 0.03846154 0.07331731
0 0.18870192 0.59014423 0.02764423 0.05769231
0 0.17427885 0.84254808 0.03966346 0.04447115
0 0.15625000 0.98197115 0.04326923 0.03605769
0 0.04807692 0.83774038 0.03725962 0.04447115
0 0.06730769 0.94591346 0.03365385 0.05649038
0 0.03846154 0.88581731 0.03245192 0.05288462
0 0.00480769 0.81730769 0.00961538 0.06250000
0 0.01442308 0.88581731 0.02884615 0.04447115
0 0.01081731 0.96875000 0.02163462 0.06250000
0 0.09134615 0.81129808 0.02283654 0.03725962
0 0.80528846 0.54807692 0.01562500 0.03365385
0 0.78966346 0.57331731 0.01322115 0.02403846
