0 0.72355769 0.04807692 0.03485577 0.04447115
0 0.70312500 0.15384615 0.02163462 0.04086538
0 0.73197115 0.28485577 0.02283654 0.03605769
0 0.71274038 0.40264423 0.03245192 0.03966346
0 0.55048077 0.48798077 0.03365385 0.03846154
0 0.39423077 0.52283654 0.02644231 0.05769231
0 0.44471154 0.82331731 0.04447115 0.04927885
0 0.46875000 0.97115385 0.04927885 0.05048077
0 0.57091346 0.81370192 0.03245192 0.04086538
0 0.54447115 0.94350962 0.03004808 0.04927885
0 0.58533654 0.90625000 0.03605769 0.05528846
0 0.60576923 0.82692308 0.02403846 0.06250000
0 0.58533654 0.88100962 0.03605769 0.05769231
0 0.60576923 0.95913462 0.02403846 0.06250000
0 0.50841346 0.78605769 0.03725962 0.05288462
0 0.98918269 0.56971154 0.02163462 0.07211538
0 0.99278846 0.65384615 0.01442308 0.06250000
