0 0.53846154 0.12139423 0.01923077 0.03605769
0 0.17908654 0.56971154 0.03125000 0.04326923
0 0.83052885 0.68629808 0.02704327 0.03185096
0 0.81490385 0.81129808 0.01802885 0.03665865
0 0.74278846 0.77524038 0.03185096 0.04927885
0 0.79807692 0.87259615 0.01562500 0.03966346
0 0.89663462 0.57091346 0.03365385 0.03725962
0 0.64903846 0.70072115 0.02524038 0.04927885
0 0.94230769 0.97475962 0.02043269 0.04807692
0 0.67187500 0.76201923 0.02043269 0.03485577
0 0.70913462 0.90384615 0.02043269 0.03004808
0 0.68389423 0.68629808 0.01923077 0.03485577
0 0.81490385 0.65384615 0.03004808 0.03966346
0 0.77043269 0.56850962 0.01923077 0.03245192
0 0.75600962 0.55168269 0.01682692 0.00721154
