0 0.45673077 0.50600962 0.05468750 0.04747596
0 0.31490385 0.84735577 0.05588942 0.07331731
0 0.12500000 0.68750000 0.03485577 0.06129808
0 0.07572115 0.80288462 0.04927885 0.07091346
0 0.33293269 0.89062500 0.02283654 0.04567308
0 0.38822115 0.93028846 0.03485577 0.05168269
0 0.33774038 0.59375000 0.03004808 0.06250000
0 0.49158654 0.77403846 0.01802885 0.04086538
0 0.46033654 0.80649038 0.01923077 0.03485577
0 0.49879808 0.56129808 0.03004808 0.04927885
0 0.46995192 0.65985577 0.01201923 0.02524038
0 0.41826923 0.49639423 0.02644231 0.03125000
0 0.50600962 0.71754808 0.02644231 0.06971154
0 0.38942308 0.58052885 0.01923077 0.03966346
0 0.06850962 0.47475962 0.01682692 0.03605769
0 0.06129808 0.43870192 0.01923077 0.03245192
0 0.49399038 0.41586538 0.02644231 0.01442308
0 0.35456731 0.48076923 0.02163462 0.03004808
0 0.40264423 0.70432692 0.03004808 0.05408654
0 0.42067308 0.80769231 0.03605769 0.04086538
0 0.45913462 0.84375000 0.02524038 0.04567308
0 0.50961538 0.44951923 0.01923077 0.03846154
0 0.21754808 0.52043269 0.02163462 0.04807692
0 0.24879808 0.56129808 0.02764423 0.03004808
0 0.27884615 0.54206731 0.03004808 0.04807692
0 0.83293269 0.41826923 0.02644231 0.01923077
0 0.68149038 0.92067308 0.02163462 0.07091346
0 0.62259615 0.47475962 0.02644231 0.04567308
0 0.64062500 0.87860577 0.03245192 0.04927885
0 0.66586538 0.71274038 0.03846154 0.04927885
0 0.63461538 0.42427885 0.02884615 0.03125000
0 0.87139423 0.71274038 0.03846154 0.04326923
0 0.69591346 0.53245192 0.02283654 0.04086538
0 0.60336538 0.89182692 0.04086538 0.09375000
0 0.76923077 0.58173077 0.03966346 0.04326923
0 0.59855769 0.61538462 0.05168269 0.06610577
0 0.63341346 0.74639423 0.03245192 0.05649038
0 0.66466346 0.54447115 0.03004808 0.04927885
0 0.68509615 0.42668269 0.02884615 0.03605769
0 0.89783654 0.86298077 0.01442308 0.02644231
0 0.87860577 0.87259615 0.01322115 0.03245192
0 0.84615385 0.88341346 0.01802885 0.03004808
