0 0.54927885 0.50961538 0.03125000 0.01923077
0 0.46153846 0.53725962 0.03846154 0.07451923
0 0.47115385 0.57451923 0.02163462 0.04567308
0 0.46634615 0.76322115 0.02884615 0.04086538
0 0.46875000 0.92668269 0.03966346 0.04086538
0 0.56850962 0.83413462 0.04086538 0.04927885
0 0.57812500 0.87980769 0.02884615 0.04927885
0 0.57572115 0.75240385 0.02884615 0.04567308
0 0.64302885 0.73076923 0.01201923 0.06730769
0 0.62980769 0.78966346 0.03485577 0.05408654
0 0.63942308 0.89783654 0.01923077 0.06971154
0 0.56490385 0.79807692 0.02403846 0.04567308
0 0.97956731 0.97355769 0.01201923 0.01562500
0 0.97956731 0.96995192 0.00661058 0.01442308
0 0.99158654 0.96153846 0.00841346 0.01322115
0 0.91105769 0.98437500 0.00841346 0.02283654
0 0.84975962 0.98437500 0.01322115 0.01682692
0 0.84014423 0.97475962 0.00841346 0.01923077
0 0.86298077 0.84735577 0.01322115 0.02163462
0 0.82572115 0.90024038 0.01201923 0.02403846
0 0.74038462 0.87019231 0.01682692 0.02403846
0 0.69711538 0.82692308 0.01322115 0.02283654
0 0.68629808 0.82331731 0.01322115 0.01923077
0 0.74879808 0.79807692 0.01201923 0.02403846
0 0.74519231 0.72956731 0.01322115 0.02163462
0 0.74759615 0.70432692 0.01682692 0.02403846
0 0.82932692 0.75480769 0.01322115 0.02283654
0 0.83173077 0.67548077 0.02403846 0.03605769
0 0.91346154 0.64903846 0.01201923 0.01442308
0 0.91346154 0.68990385 0.00841346 0.02163462
0 0.81370192 0.59975962 0.01322115 0.02163462
0 0.79567308 0.59615385 0.01322115 0.02644231
0 0.74879808 0.50480769 0.02163462 0.00961538
0 0.67668269 0.58894231 0.01923077 0.04567308
0 0.86538462 0.98677885 0.00841346 0.01442308
0 0.70192308 0.89783654 0.01442308 0.01802885
0 0.79206731 0.50600962 0.01201923 0.01201923
