0 0.91947115 0.29687500 0.02163462 0.03725962
0 0.85216346 0.25480769 0.02403846 0.04927885
0 0.60096154 0.13942308 0.01923077 0.03846154
0 0.62860577 0.13461538 0.01682692 0.02644231
0 0.50841346 0.05649038 0.01802885 0.03245192
0 0.51201923 0.01802885 0.01802885 0.02163462
0 0.48918269 0.00961538 0.02163462 0.01923077
0 0.25360577 0.40625000 0.01201923 0.01442308
0 0.51562500 0.76442308 0.01382212 0.02824519
0 0.50721154 0.76442308 0.01682692 0.02403846
0 0.65985577 0.77884615 0.01442308 0.02163462
0 0.67307692 0.84975962 0.01081731 0.02283654
0 0.62980769 0.65985577 0.01322115 0.02163462
0 0.67067308 0.73437500 0.01322115 0.02644231
0 0.77403846 0.64663462 0.01802885 0.02403846
0 0.76201923 0.67187500 0.01322115 0.03725962
0 0.80288462 0.64423077 0.01802885 0.02644231
0 0.74879808 0.64423077 0.01081731 0.02403846
0 0.74278846 0.55889423 0.01322115 0.01923077
0 0.73317308 0.54206731 0.01802885 0.02644231
0 0.65745192 0.59254808 0.01442308 0.02644231
0 0.65745192 0.49759615 0.01682692 0.03725962
0 0.58173077 0.51682692 0.01081731 0.02283654
0 0.68269231 0.43149038 0.01442308 0.01923077
0 0.67788462 0.46153846 0.01923077 0.03365385
0 0.81250000 0.41586538 0.02403846 0.03365385
0 0.66346154 0.85697115 0.01081731 0.02163462
0 0.77884615 0.73197115 0.01682692 0.01923077
0 0.49759615 0.78605769 0.00961538 0.03245192
0 0.58533654 0.48197115 0.00961538 0.01802885
0 0.58533654 0.81850962 0.01081731 0.01923077
0 0.59014423 0.83894231 0.01322115 0.02283654
0 0.64903846 0.84735577 0.00480769 0.01442308
0 0.59855769 0.50240385 0.00961538 0.02163462
