0 0.87259615 0.29206731 0.03725962 0.05889423
0 0.84615385 0.30889423 0.02403846 0.04807692
0 0.81129808 0.40745192 0.03605769 0.03966346
0 0.87980769 0.14302885 0.03846154 0.06610577
0 0.82932692 0.10096154 0.02644231 0.05408654
0 0.90865385 0.03365385 0.02043269 0.03846154
0 0.81730769 0.16586538 0.02524038 0.04807692
0 0.79807692 0.25841346 0.01923077 0.04567308
0 0.79567308 0.31490385 0.01442308 0.06730769
0 0.98317308 0.01201923 0.02403846 0.02403846
0 0.93750000 0.04687500 0.02043269 0.03365385
0 0.50480769 0.53125000 0.01923077 0.04326923
0 0.61538462 0.71394231 0.03545673 0.05468750
0 0.76201923 0.81850962 0.04086538 0.05528846
0 0.59855769 0.82331731 0.02644231 0.05408654
0 0.54086538 0.90625000 0.02043269 0.04567308
0 0.62500000 0.78605769 0.02403846 0.04326923
0 0.52163462 0.59615385 0.02644231 0.06009615
0 0.50120192 0.75600962 0.02884615 0.03966346
0 0.49399038 0.71514423 0.02644231 0.04447115
0 0.47716346 0.55168269 0.02403846 0.04447115
0 0.45072115 0.55889423 0.01923077 0.03846154
0 0.49759615 0.52644231 0.01442308 0.03365385
0 0.44951923 0.54086538 0.03004808 0.05048077
0 0.56370192 0.66466346 0.05048077 0.07572115
0 0.49759615 0.69711538 0.02403846 0.03846154
0 0.81850962 0.61057692 0.01923077 0.04807692
0 0.93509615 0.78605769 0.05528846 0.06790865
0 0.91346154 0.90264423 0.02524038 0.05288462
0 0.85216346 0.97115385 0.02043269 0.04927885
0 0.93750000 0.85817308 0.03125000 0.05408654
0 0.83413462 0.67788462 0.02524038 0.05528846
0 0.81009615 0.84254808 0.02884615 0.03966346
0 0.80528846 0.77283654 0.02524038 0.04326923
0 0.79567308 0.65264423 0.01442308 0.04567308
0 0.80649038 0.61057692 0.02884615 0.03846154
0 0.87620192 0.73557692 0.05048077 0.07572115
0 0.80889423 0.81370192 0.02524038 0.04326923
0 0.86899038 0.52283654 0.02644231 0.02644231
0 0.92307692 0.53846154 0.01923077 0.05769231
