0 0.52884615 0.23798077 0.00600962 0.01382212
0 0.53966346 0.23076923 0.00961538 0.01442308
0 0.41586538 0.12019231 0.01322115 0.02043269
0 0.41346154 0.27524038 0.00841346 0.01442308
0 0.45552885 0.28125000 0.00961538 0.02043269
0 0.46754808 0.26081731 0.00961538 0.01322115
0 0.23918269 0.88822115 0.01562500 0.03485577
0 0.13100962 0.97355769 0.01562500 0.02644231
0 0.20432692 0.95913462 0.01442308 0.03125000
0 0.11418269 0.94831731 0.01442308 0.02884615
0 0.10697115 0.86538462 0.01442308 0.02884615
0 0.86899038 0.85216346 0.01562500 0.03125000
0 0.82091346 0.87500000 0.01802885 0.04447115
0 0.44110577 0.90384615 0.01442308 0.03125000
0 0.43028846 0.91225962 0.01802885 0.03966346
0 0.89182692 0.62980769 0.01923077 0.02403846
0 0.45072115 0.64903846 0.02524038 0.03125000
0 0.44230769 0.62379808 0.01923077 0.01201923
