0 0.83894231 0.04326923 0.02163462 0.04447115
0 0.99278846 0.39663462 0.01442308 0.06250000
0 0.97836538 0.41586538 0.02644231 0.05168269
0 0.93990385 0.51081731 0.03846154 0.01682692
0 0.88581731 0.25600962 0.03605769 0.06971154
0 0.87620192 0.32091346 0.02283654 0.03966346
0 0.87019231 0.05528846 0.02644231 0.04326923
0 0.80168269 0.17668269 0.03605769 0.05408654
0 0.87379808 0.15144231 0.01682692 0.03605769
0 0.93389423 0.06250000 0.03125000 0.03966346
0 0.85817308 0.22836538 0.03125000 0.05889423
0 0.96033654 0.18870192 0.02884615 0.05889423
0 0.94711538 0.26081731 0.02764423 0.05168269
0 0.92548077 0.36177885 0.02644231 0.04807692
0 0.90985577 0.42427885 0.04447115 0.07451923
0 0.41706731 0.64663462 0.03245192 0.04807692
0 0.57211538 0.75961538 0.01442308 0.04807692
0 0.47956731 0.97956731 0.02163462 0.04086538
0 0.46394231 0.86778846 0.03125000 0.05769231
0 0.44230769 0.76562500 0.04326923 0.06971154
0 0.41105769 0.66105769 0.02884615 0.07091346
0 0.33293269 0.82451923 0.02403846 0.03485577
0 0.30048077 0.89543269 0.03245192 0.03846154
0 0.30649038 0.83052885 0.02644231 0.03846154
0 0.30288462 0.66826923 0.02644231 0.04807692
0 0.24759615 0.68629808 0.02403846 0.03605769
0 0.19230769 0.65745192 0.04447115 0.05408654
0 0.29086538 0.72716346 0.03485577 0.07572115
0 0.20552885 0.70312500 0.02884615 0.03966346
