0 0.69711538 0.36418269 0.03365385 0.05048077
0 0.82331731 0.41346154 0.02043269 0.08894231
0 0.84735577 0.49158654 0.02524038 0.04206731
0 0.83653846 0.56610577 0.02884615 0.03485577
0 0.68990385 0.56250000 0.03725962 0.07091346
0 0.69591346 0.64182692 0.03245192 0.06730769
0 0.77524038 0.96394231 0.03485577 0.04447115
0 0.85937500 0.97355769 0.03725962 0.05168269
0 0.90384615 0.99158654 0.03365385 0.01682692
0 0.82451923 0.94711538 0.02884615 0.03966346
0 0.47235577 0.44951923 0.01923077 0.03365385
