0 0.67427885 0.16225962 0.01862981 0.03004808
0 0.71033654 0.13341346 0.02163462 0.03665865
0 0.78004808 0.09975962 0.01322115 0.02884615
0 0.94951923 0.00600962 0.02403846 0.01201923
0 0.90865385 0.39663462 0.00961538 0.02403846
0 0.77043269 0.25000000 0.01442308 0.02283654
0 0.64903846 0.32451923 0.01802885 0.03245192
0 0.73197115 0.35216346 0.01442308 0.01923077
0 0.79206731 0.31971154 0.01081731 0.01442308
0 0.80168269 0.37620192 0.01562500 0.02764423
0 0.81009615 0.40625000 0.00961538 0.00480769
0 0.83653846 0.39543269 0.02884615 0.02644231
0 0.67788462 0.37139423 0.02524038 0.04326923
0 0.63100962 0.39783654 0.01682692 0.02163462
0 0.63221154 0.36899038 0.01562500 0.02403846
0 0.79206731 0.12379808 0.01442308 0.02283654
0 0.00240385 0.74879808 0.00480769 0.02644231
0 0.74038462 0.44110577 0.01322115 0.03245192
0 0.76562500 0.43028846 0.02043269 0.03846154
0 0.78004808 0.50600962 0.01442308 0.03004808
0 0.75961538 0.47355769 0.01923077 0.03485577
0 0.72596154 0.44471154 0.01081731 0.02764423
0 0.68269231 0.47235577 0.02764423 0.03846154
0 0.63581731 0.45432692 0.02283654 0.03725962
0 0.65144231 0.57211538 0.01802885 0.03245192
0 0.63341346 0.52403846 0.01923077 0.03846154
0 0.64783654 0.63822115 0.01923077 0.02884615
0 0.74639423 0.66466346 0.03004808 0.03485577
0 0.55408654 0.62139423 0.02043269 0.03966346
0 0.56250000 0.41586538 0.01442308 0.01442308
0 0.81850962 0.47956731 0.01081731 0.02283654
