0 0.03004808 0.80649038 0.01502404 0.02704327
0 0.04927885 0.78605769 0.01682692 0.03064904
0 0.07692308 0.74639423 0.01081731 0.02163462
0 0.11418269 0.78485577 0.00961538 0.02163462
0 0.13221154 0.82451923 0.01322115 0.02163462
0 0.11418269 0.83894231 0.01201923 0.02163462
0 0.09375000 0.87019231 0.01682692 0.03125000
0 0.10336538 0.86298077 0.00961538 0.02043269
0 0.14062500 0.89062500 0.01442308 0.02524038
0 0.22115385 0.78125000 0.02524038 0.05168269
0 0.49158654 0.79567308 0.01682692 0.02043269
0 0.34495192 0.75240385 0.01682692 0.02764423
0 0.03125000 0.67908654 0.00961538 0.02043269
0 0.00360577 0.57932692 0.00721154 0.02403846
0 0.01562500 0.49158654 0.00841346 0.02043269
0 0.06009615 0.40384615 0.01442308 0.02163462
0 0.08293269 0.42307692 0.00961538 0.02043269
0 0.06730769 0.48076923 0.01201923 0.02764423
0 0.09735577 0.50000000 0.01322115 0.02644231
0 0.10697115 0.54447115 0.01322115 0.03365385
0 0.09855769 0.59855769 0.01322115 0.02043269
0 0.07451923 0.61899038 0.01322115 0.02524038
0 0.07331731 0.63461538 0.00841346 0.02043269
0 0.36057692 0.76923077 0.00961538 0.02043269
0 0.36899038 0.78125000 0.00841346 0.02524038
0 0.37740385 0.78125000 0.00841346 0.02163462
0 0.57091346 0.90264423 0.01802885 0.01682692
0 0.57932692 0.92668269 0.01322115 0.01322115
0 0.62259615 0.57812500 0.01201923 0.02764423
0 0.68870192 0.45673077 0.00961538 0.02163462
0 0.72115385 0.43990385 0.00961538 0.02163462
0 0.78725962 0.47235577 0.01442308 0.02644231
0 0.67307692 0.43509615 0.00961538 0.02043269
0 0.83894231 0.52283654 0.01682692 0.02764423
0 0.86177885 0.49639423 0.01201923 0.01682692
0 0.89663462 0.79927885 0.01442308 0.02764423
