0 0.50961538 0.46995192 0.01442308 0.02103365
0 0.46274038 0.41826923 0.01983173 0.03485577
0 0.43028846 0.30649038 0.01682692 0.01682692
0 0.34615385 0.41105769 0.00841346 0.01802885
0 0.34495192 0.43750000 0.00961538 0.01802885
0 0.35576923 0.44230769 0.01201923 0.02644231
0 0.29206731 0.32331731 0.02524038 0.01802885
0 0.20312500 0.67307692 0.01201923 0.03365385
0 0.36177885 0.60576923 0.01322115 0.02163462
0 0.52043269 0.65384615 0.01322115 0.02524038
0 0.42067308 0.68629808 0.01682692 0.02043269
0 0.35216346 0.65504808 0.00961538 0.01322115
0 0.33774038 0.71634615 0.01322115 0.02163462
0 0.33052885 0.74399038 0.00961538 0.02163462
0 0.31370192 0.74759615 0.01562500 0.03004808
0 0.29687500 0.79447115 0.01322115 0.02884615
0 0.34254808 0.81129808 0.01201923 0.03004808
0 0.36778846 0.75961538 0.02163462 0.02644231
0 0.39543269 0.80288462 0.02163462 0.04687500
0 0.45192308 0.75721154 0.01322115 0.02043269
0 0.48557692 0.77163462 0.01802885 0.03004808
0 0.43028846 0.84254808 0.01322115 0.02524038
0 0.40384615 0.88822115 0.00961538 0.02524038
0 0.28846154 0.98197115 0.02403846 0.03605769
0 0.42668269 0.96514423 0.01802885 0.02884615
0 0.51081731 0.92427885 0.01682692 0.03846154
0 0.53004808 0.71394231 0.01322115 0.02043269
0 0.52043269 0.74639423 0.01322115 0.02163462
0 0.98677885 0.95312500 0.02644231 0.06009615
0 0.95552885 0.54326923 0.02043269 0.03846154
0 0.88461538 0.72115385 0.01682692 0.02884615
0 0.77884615 0.87740385 0.02884615 0.04687500
0 0.97956731 0.59615385 0.01802885 0.03605769
0 0.84254808 0.55528846 0.02884615 0.04086538
0 0.81850962 0.72596154 0.02524038 0.04567308
0 0.80528846 0.85096154 0.02163462 0.05528846
0 0.87139423 0.88461538 0.02403846 0.05769231
0 0.85096154 0.51923077 0.02403846 0.03365385
0 0.87139423 0.68269231 0.01682692 0.03365385
0 0.96995192 0.69831731 0.02043269 0.03004808
0 0.82451923 0.52764423 0.02644231 0.03365385
0 0.98798077 0.83052885 0.02403846 0.05528846
