0 0.90024038 0.49278846 0.02944712 0.06310096
0 0.74519231 0.74278846 0.01081731 0.02283654
0 0.78725962 0.68629808 0.01682692 0.03185096
0 0.89182692 0.70793269 0.01201923 0.02884615
0 0.97115385 0.58774038 0.02403846 0.01682692
0 0.88221154 0.87259615 0.01562500 0.02163462
0 0.72836538 0.92307692 0.01322115 0.02524038
0 0.82692308 0.95552885 0.01682692 0.02043269
0 0.89543269 0.92548077 0.01081731 0.01322115
0 0.90625000 0.98918269 0.01442308 0.02163462
0 0.71634615 0.98557692 0.01322115 0.02043269
