0 0.68629808 0.49399038 0.02043269 0.03725962
0 0.67187500 0.56490385 0.01562500 0.02283654
0 0.67788462 0.54206731 0.01201923 0.01923077
0 0.68629808 0.56129808 0.01201923 0.02884615
0 0.55408654 0.54927885 0.01201923 0.04086538
0 0.59254808 0.85576923 0.01322115 0.02524038
0 0.78605769 0.75360577 0.03125000 0.03966346
0 0.80649038 0.58052885 0.02283654 0.04086538
0 0.85817308 0.59855769 0.01923077 0.04326923
0 0.90625000 0.47956731 0.02283654 0.04086538
0 0.58894231 0.83653846 0.00841346 0.02043269
0 0.98437500 0.72716346 0.02043269 0.03605769
