0 0.47596154 0.84375000 0.02403846 0.03365385
0 0.66346154 0.52764423 0.02343750 0.04206731
0 0.82932692 0.52043269 0.03605769 0.06850962
0 0.89663462 0.48557692 0.02884615 0.04927885
0 0.91826923 0.53365385 0.03485577 0.06850962
0 0.91947115 0.63581731 0.03125000 0.03966346
0 0.91225962 0.68389423 0.03485577 0.04086538
0 0.84495192 0.72956731 0.03605769 0.06971154
0 0.84975962 0.76562500 0.02043269 0.04447115
0 0.84735577 0.93870192 0.03125000 0.04447115
0 0.93870192 0.99278846 0.04086538 0.01442308
0 0.94591346 0.94471154 0.03846154 0.06009615
0 0.95312500 0.88822115 0.03365385 0.06610577
0 0.99278846 0.95072115 0.01442308 0.05528846
