0 0.40865385 0.40024038 0.01923077 0.04086538
0 0.37019231 0.79567308 0.02283654 0.03425481
0 0.39663462 0.84375000 0.00480769 0.02884615
0 0.10697115 0.82451923 0.01742788 0.03846154
0 0.13100962 0.79447115 0.01322115 0.02524038
0 0.30889423 0.64663462 0.02163462 0.01442308
0 0.06009615 0.69471154 0.01201923 0.03365385
0 0.03485577 0.70793269 0.01322115 0.03004808
0 0.64783654 0.99278846 0.01682692 0.01442308
0 0.61538462 0.97956731 0.01923077 0.04086538
0 0.50000000 0.88942308 0.02163462 0.04086538
0 0.40745192 0.91225962 0.01682692 0.03605769
0 0.95913462 0.80168269 0.02524038 0.03725962
