0 0.66466346 0.29687500 0.01923077 0.04026442
0 0.44591346 0.96033654 0.05889423 0.06370192
0 0.68750000 0.77403846 0.01983173 0.03786058
0 0.64903846 0.76322115 0.01983173 0.03305288
0 0.71394231 0.68389423 0.01502404 0.02644231
0 0.70552885 0.69951923 0.00961538 0.02343750
0 0.74519231 0.66706731 0.01442308 0.03245192
0 0.74399038 0.81850962 0.01322115 0.02644231
0 0.81971154 0.89663462 0.01442308 0.03125000
0 0.89783654 0.88341346 0.01322115 0.02764423
0 0.94110577 0.66947115 0.01201923 0.04206731
0 0.98918269 0.65384615 0.01682692 0.02884615
0 0.68389423 0.62620192 0.01201923 0.01923077
0 0.97956731 0.77403846 0.00841346 0.01322115
0 0.97115385 0.76562500 0.00480769 0.01923077
