0 0.70673077 0.57211538 0.01862981 0.03485577
0 0.65865385 0.59014423 0.01442308 0.01682692
0 0.92187500 0.42307692 0.01923077 0.03485577
0 0.91586538 0.39783654 0.01923077 0.02644231
0 0.86177885 0.40024038 0.01682692 0.03125000
0 0.72956731 0.34975962 0.01923077 0.02524038
0 0.90264423 0.15865385 0.01562500 0.03485577
0 0.89783654 0.13341346 0.01322115 0.03004808
0 0.48437500 0.81971154 0.00721154 0.01923077
0 0.45072115 0.75600962 0.01502404 0.02584135
0 0.44350962 0.73557692 0.01141827 0.02403846
0 0.41225962 0.72355769 0.01081731 0.02644231
0 0.41225962 0.85096154 0.01081731 0.02403846
0 0.33533654 0.93629808 0.00961538 0.02163462
0 0.26201923 0.92307692 0.01081731 0.02403846
0 0.22355769 0.71754808 0.01923077 0.04687500
0 0.17067308 0.70192308 0.02403846 0.02403846
0 0.11298077 0.67548077 0.01322115 0.02163462
0 0.01562500 0.67548077 0.01322115 0.02043269
0 0.00961538 0.64903846 0.01682692 0.02403846
0 0.03846154 0.81250000 0.00841346 0.01562500
0 0.00360577 0.89423077 0.00721154 0.01923077
0 0.00841346 0.95913462 0.01322115 0.02403846
0 0.00480769 0.92908654 0.00961538 0.02163462
0 0.12259615 0.96394231 0.01562500 0.02163462
0 0.46394231 0.67307692 0.01322115 0.02043269
0 0.97235577 0.98197115 0.02163462 0.03605769
0 0.65024038 0.81490385 0.02403846 0.03485577
