0 0.34014423 0.83533654 0.00841346 0.01262019
0 0.32812500 0.82331731 0.01081731 0.01622596
0 0.47836538 0.86899038 0.01322115 0.01682692
0 0.48317308 0.83894231 0.00841346 0.01802885
0 0.48437500 0.89182692 0.01562500 0.02403846
0 0.45913462 0.70793269 0.01322115 0.02163462
0 0.49759615 0.76802885 0.01201923 0.02524038
0 0.58894231 0.72716346 0.01682692 0.02524038
0 0.62500000 0.68629808 0.01562500 0.02524038
0 0.63942308 0.68629808 0.01322115 0.02043269
0 0.57932692 0.66826923 0.01201923 0.02524038
0 0.57932692 0.59014423 0.01322115 0.02043269
0 0.57451923 0.57331731 0.01682692 0.02403846
0 0.49278846 0.62019231 0.01201923 0.02403846
0 0.48918269 0.53725962 0.02524038 0.03365385
0 0.40985577 0.51081731 0.01201923 0.01562500
0 0.40745192 0.55168269 0.00841346 0.02043269
0 0.46153846 0.86658654 0.00841346 0.01562500
0 0.62019231 0.76923077 0.01682692 0.02043269
0 0.41586538 0.87740385 0.00961538 0.02163462
0 0.32812500 0.84014423 0.01322115 0.01682692
0 0.40264423 0.86057692 0.01201923 0.01682692
0 0.79447115 0.81490385 0.01682692 0.03365385
0 0.81971154 0.81370192 0.01802885 0.02884615
0 0.69711538 0.74519231 0.02043269 0.03485577
0 0.69951923 0.69711538 0.01682692 0.02524038
0 0.67668269 0.67427885 0.01682692 0.03125000
