0 0.90264423 0.10697115 0.01742788 0.02584135
0 0.92307692 0.09975962 0.01442308 0.03125000
0 0.86778846 0.03725962 0.01802885 0.02764423
0 0.86298077 0.02403846 0.01081731 0.02043269
0 0.83173077 0.00961538 0.01442308 0.01923077
0 0.83293269 0.13461538 0.01081731 0.02524038
0 0.75480769 0.21995192 0.01322115 0.02524038
0 0.68149038 0.20913462 0.00961538 0.02163462
0 0.64062500 0.01562500 0.02163462 0.03125000
0 0.41826923 0.18509615 0.01442308 0.03004808
0 0.40384615 0.24399038 0.00961538 0.02644231
0 0.42908654 0.25240385 0.01562500 0.03605769
0 0.41826923 0.21995192 0.01682692 0.02163462
0 0.53966346 0.24759615 0.01322115 0.02043269
0 0.49639423 0.51802885 0.01442308 0.02403846
0 0.60456731 0.09855769 0.01081731 0.01923077
0 0.71754808 0.59134615 0.01682692 0.03365385
0 0.66105769 0.58173077 0.01322115 0.02884615
0 0.64783654 0.77283654 0.03605769 0.05408654
0 0.70432692 0.93389423 0.04086538 0.04567308
0 0.49639423 0.84495192 0.01682692 0.03004808
0 0.54326923 0.75120192 0.01562500 0.03485577
0 0.48677885 0.74879808 0.01682692 0.02644231
0 0.43509615 0.79687500 0.02043269 0.04326923
