0 0.71514423 0.23798077 0.02043269 0.02884615
0 0.67427885 0.27644231 0.02103365 0.02884615
0 0.95913462 0.29447115 0.01742788 0.04086538
0 0.94350962 0.25961538 0.01442308 0.02524038
0 0.78605769 0.08774038 0.01923077 0.04086538
0 0.80528846 0.01322115 0.01442308 0.02644231
0 0.19230769 0.97355769 0.01802885 0.03725962
0 0.20312500 0.95793269 0.01682692 0.04206731
0 0.34134615 0.90745192 0.01201923 0.03004808
0 0.53125000 0.74639423 0.02043269 0.05649038
0 0.15384615 0.70312500 0.01923077 0.03125000
0 0.26442308 0.64062500 0.01923077 0.03245192
0 0.00480769 0.48677885 0.00961538 0.04567308
0 0.24038462 0.38100962 0.01923077 0.02644231
0 0.21394231 0.37620192 0.01442308 0.01682692
0 0.72475962 0.57572115 0.05829327 0.04507212
