0 0.34014423 0.53365385 0.02764423 0.05228365
0 0.69591346 0.44951923 0.02163462 0.01923077
0 0.64182692 0.48677885 0.02163462 0.03846154
0 0.76802885 0.57572115 0.01322115 0.02764423
0 0.67908654 0.63461538 0.02644231 0.04206731
0 0.61177885 0.54687500 0.01322115 0.03365385
0 0.60697115 0.71875000 0.01322115 0.03365385
0 0.55889423 0.71634615 0.01802885 0.03365385
0 0.54326923 0.75721154 0.01682692 0.03485577
0 0.56850962 0.67548077 0.02283654 0.04447115
0 0.61177885 0.68629808 0.01201923 0.02764423
0 0.64182692 0.71875000 0.02524038 0.03365385
0 0.70673077 0.70793269 0.02283654 0.03846154
0 0.70673077 0.56009615 0.03004808 0.05528846
0 0.68750000 0.81009615 0.01802885 0.03365385
0 0.70673077 0.77283654 0.02043269 0.03966346
0 0.68990385 0.90625000 0.02163462 0.03365385
0 0.77644231 0.62259615 0.01442308 0.03125000
0 0.58894231 0.93149038 0.03004808 0.03365385
0 0.76802885 0.88461538 0.02163462 0.03485577
0 0.59615385 0.58293269 0.02524038 0.03846154
0 0.79206731 0.62620192 0.01322115 0.02163462
0 0.51322115 0.72956731 0.01442308 0.02524038
