0 0.75240385 0.25120192 0.03665865 0.04447115
0 0.67067308 0.18269231 0.03425481 0.05769231
0 0.29326923 0.83052885 0.03485577 0.06189904
0 0.20072115 0.75961538 0.02584135 0.04927885
0 0.87259615 0.99759615 0.01442308 0.00480769
0 0.86658654 0.98317308 0.01081731 0.02463942
0 0.85216346 0.99639423 0.01682692 0.00721154
0 0.80168269 0.90384615 0.01502404 0.02944712
0 0.85456731 0.87019231 0.02043269 0.02644231
0 0.85576923 0.83173077 0.01442308 0.02524038
0 0.89423077 0.92427885 0.01322115 0.01802885
