0 0.93870192 0.44350962 0.01682692 0.03725962
0 0.94471154 0.47475962 0.01562500 0.03004808
0 0.86418269 0.23918269 0.01682692 0.04326923
0 0.73557692 0.24879808 0.01802885 0.04206731
0 0.77524038 0.12019231 0.01562500 0.03365385
0 0.14663462 0.90745192 0.02163462 0.04567308
0 0.37379808 0.98197115 0.01201923 0.03605769
0 0.39423077 0.99038462 0.01442308 0.01923077
0 0.15865385 0.81971154 0.01802885 0.04206731
0 0.45432692 0.92307692 0.01682692 0.02524038
0 0.50480769 0.90985577 0.00961538 0.03125000
0 0.49038462 0.91225962 0.01682692 0.02884615
0 0.46033654 0.88100962 0.02163462 0.03004808
0 0.14302885 0.73677885 0.02884615 0.04326923
0 0.48197115 0.71033654 0.01322115 0.03004808
0 0.44711538 0.71153846 0.01682692 0.03485577
0 0.47115385 0.53846154 0.01682692 0.03365385
0 0.35817308 0.61778846 0.01562500 0.03485577
0 0.32091346 0.56250000 0.02043269 0.02644231
0 0.42908654 0.54687500 0.02043269 0.03725962
0 0.31009615 0.52283654 0.02403846 0.02644231
0 0.53605769 0.52764423 0.01923077 0.03605769
0 0.97596154 0.98317308 0.01442308 0.03365385
0 0.96033654 0.93149038 0.02163462 0.02884615
0 0.96514423 0.97596154 0.01802885 0.03485577
