0 0.24038462 0.98437500 0.01021635 0.02103365
0 0.22355769 0.96033654 0.01021635 0.02403846
0 0.18509615 0.98197115 0.01382212 0.02704327
0 0.14663462 0.92548077 0.01081731 0.01923077
0 0.09495192 0.93149038 0.01081731 0.03245192
0 0.06250000 0.96754808 0.01322115 0.02764423
0 0.05769231 0.88461538 0.01322115 0.02043269
0 0.05408654 0.84134615 0.00961538 0.02403846
0 0.08293269 0.82932692 0.02283654 0.04687500
0 0.07692308 0.75841346 0.01322115 0.02403846
0 0.09735577 0.72355769 0.01322115 0.02283654
0 0.04927885 0.66947115 0.01322115 0.01802885
0 0.06730769 0.62980769 0.01081731 0.02884615
0 0.20312500 0.90504808 0.01081731 0.02403846
0 0.20192308 0.87500000 0.01081731 0.02524038
0 0.16466346 0.75961538 0.01322115 0.03004808
0 0.12500000 0.78004808 0.01081731 0.02403846
0 0.31490385 0.96634615 0.00961538 0.01923077
0 0.31850962 0.91706731 0.02043269 0.03966346
0 0.29086538 0.92187500 0.00961538 0.02043269
0 0.27403846 0.90264423 0.01562500 0.03365385
0 0.25360577 0.86658654 0.01081731 0.02524038
0 0.23677885 0.88822115 0.01442308 0.02524038
0 0.40865385 0.87980769 0.01562500 0.02884615
0 0.40384615 0.86899038 0.01322115 0.02043269
0 0.39903846 0.86057692 0.01322115 0.02403846
0 0.14182692 0.61658654 0.00841346 0.01562500
0 0.13461538 0.61057692 0.00841346 0.01442308
0 0.13341346 0.58653846 0.00961538 0.02043269
0 0.13701923 0.56370192 0.01802885 0.02403846
0 0.94591346 0.93389423 0.01562500 0.03004808
0 0.77163462 0.84855769 0.01442308 0.02403846
0 0.74639423 0.83533654 0.01081731 0.03725962
0 0.55048077 0.72115385 0.00480769 0.03846154
0 0.80649038 0.73076923 0.01562500 0.03365385
0 0.82932692 0.74639423 0.01442308 0.03004808
0 0.59375000 0.64182692 0.01562500 0.03725962
0 0.85937500 0.66346154 0.03365385 0.03245192
0 0.98557692 0.95312500 0.01802885 0.03245192
0 0.94230769 0.64182692 0.01322115 0.02524038
0 0.90985577 0.62740385 0.01562500 0.02403846
0 0.87980769 0.62500000 0.01562500 0.02403846
0 0.57451923 0.57812500 0.02524038 0.03966346
0 0.85697115 0.48317308 0.01682692 0.00961538
