0 0.57932692 0.12740385 0.02223558 0.02884615
0 0.59855769 0.11177885 0.03245192 0.03786058
0 0.63100962 0.16586538 0.02043269 0.03605769
0 0.51201923 0.25000000 0.01201923 0.02644231
0 0.59615385 0.30649038 0.02524038 0.03966346
0 0.65985577 0.22235577 0.01201923 0.03125000
0 0.66466346 0.38461538 0.01201923 0.02884615
0 0.71033654 0.38341346 0.01682692 0.03125000
0 0.70072115 0.34495192 0.02163462 0.04206731
0 0.65985577 0.35456731 0.01081731 0.02644231
0 0.63221154 0.38461538 0.02403846 0.02884615
0 0.57091346 0.37620192 0.02163462 0.03605769
0 0.57091346 0.23677885 0.02884615 0.05168269
0 0.50360577 0.29567308 0.01442308 0.03004808
0 0.67548077 0.25721154 0.02403846 0.03605769
0 0.64423077 0.04687500 0.01923077 0.02403846
0 0.48918269 0.29807692 0.01201923 0.02043269
0 0.75240385 0.39182692 0.01442308 0.01442308
0 0.21754808 0.95673077 0.02163462 0.03966346
0 0.16466346 0.82572115 0.01442308 0.03605769
0 0.09735577 0.59495192 0.01201923 0.01923077
0 0.30649038 0.41105769 0.02163462 0.02403846
0 0.95432692 0.71995192 0.02524038 0.03245192
0 0.99759615 0.71033654 0.00480769 0.03605769
0 0.94110577 0.62980769 0.01862981 0.02884615
0 0.94591346 0.65384615 0.01442308 0.02163462
0 0.91105769 0.61778846 0.01442308 0.03485577
0 0.91105769 0.77163462 0.01682692 0.02644231
0 0.84735577 0.84615385 0.01442308 0.02884615
0 0.76562500 0.82211538 0.01442308 0.02644231
0 0.72716346 0.61418269 0.00961538 0.03485577
0 0.68149038 0.60697115 0.01562500 0.02884615
0 0.62740385 0.60456731 0.01081731 0.02524038
0 0.51562500 0.55528846 0.01201923 0.02163462
0 0.51923077 0.58653846 0.01201923 0.02163462
0 0.47355769 0.43870192 0.01081731 0.01562500
0 0.48197115 0.42548077 0.01081731 0.01923077
0 0.48918269 0.83052885 0.01923077 0.05048077
0 0.48437500 0.76562500 0.01201923 0.03125000
0 0.50961538 0.87860577 0.01201923 0.02403846
0 0.50000000 0.87259615 0.01081731 0.01923077
0 0.50480769 0.85817308 0.01201923 0.01682692
0 0.62139423 0.85697115 0.01682692 0.04687500
0 0.47475962 0.66466346 0.01081731 0.02043269
0 0.69951923 0.71995192 0.00961538 0.02043269
0 0.46394231 0.67187500 0.00841346 0.01682692
0 0.69350962 0.70552885 0.01201923 0.02163462
0 0.97355769 0.57331731 0.01682692 0.02524038
0 0.55649038 0.41586538 0.01562500 0.02644231
