0 0.06490385 0.43389423 0.03846154 0.03125000
0 0.14783654 0.44471154 0.02644231 0.03485577
0 0.15985577 0.68389423 0.02644231 0.03485577
0 0.03605769 0.77163462 0.05288462 0.06610577
0 0.08533654 0.95192308 0.02644231 0.05408654
0 0.14663462 0.98918269 0.01923077 0.02163462
0 0.08774038 0.86177885 0.02644231 0.04567308
0 0.18028846 0.63822115 0.04326923 0.06129808
0 0.21153846 0.84254808 0.03485577 0.04687500
0 0.22235577 0.79927885 0.03725962 0.05649038
0 0.23197115 0.63461538 0.03365385 0.05889423
0 0.28846154 0.61658654 0.02644231 0.03846154
0 0.34014423 0.63701923 0.04687500 0.05769231
0 0.21875000 0.69831731 0.03725962 0.04687500
0 0.32812500 0.67668269 0.03485577 0.04687500
0 0.53245192 0.51442308 0.03966346 0.04927885
0 0.24158654 0.87980769 0.05408654 0.09254808
0 0.13461538 0.73918269 0.04927885 0.08173077
0 0.73798077 0.69350962 0.03906250 0.05709135
0 0.76562500 0.71634615 0.02644231 0.05288462
0 0.78125000 0.87860577 0.03125000 0.03485577
0 0.69951923 0.65264423 0.03365385 0.05769231
0 0.83774038 0.51802885 0.02764423 0.05288462
0 0.85336538 0.62139423 0.02043269 0.03725962
0 0.91466346 0.44471154 0.03004808 0.05288462
0 0.84855769 0.44951923 0.01562500 0.03365385
0 0.87139423 0.46875000 0.02644231 0.07572115
0 0.77163462 0.46033654 0.02283654 0.04326923
0 0.67307692 0.43269231 0.01923077 0.02884615
0 0.64663462 0.42668269 0.02403846 0.01682692
0 0.76081731 0.61177885 0.02764423 0.05048077
0 0.81129808 0.68509615 0.02403846 0.04326923
0 0.79447115 0.74278846 0.03485577 0.05769231
