0 0.80048077 0.21514423 0.01682692 0.03365385
0 0.75000000 0.23918269 0.01802885 0.04687500
0 0.75000000 0.44711538 0.03605769 0.06009615
0 0.58293269 0.51322115 0.02043269 0.03485577
0 0.64543269 0.40625000 0.01442308 0.03365385
0 0.59134615 0.38461538 0.01802885 0.02764423
0 0.51562500 0.46394231 0.02283654 0.04687500
0 0.96033654 0.03245192 0.01802885 0.03365385
0 0.76322115 0.48557692 0.01442308 0.03365385
0 0.30288462 0.99038462 0.02403846 0.01923077
0 0.08413462 0.91225962 0.01442308 0.03125000
0 0.19711538 0.77764423 0.01802885 0.03605769
0 0.23918269 0.66225962 0.02283654 0.04447115
