0 0.85216346 0.03725962 0.01983173 0.03004808
0 0.70673077 0.11177885 0.01562500 0.03365385
0 0.66466346 0.40024038 0.01923077 0.03125000
0 0.31009615 0.47235577 0.01862981 0.04026442
0 0.15625000 0.79807692 0.04387019 0.06129808
0 0.18149038 0.81250000 0.02283654 0.04447115
0 0.21514423 0.91466346 0.03725962 0.03966346
0 0.14663462 0.65024038 0.03846154 0.06730769
0 0.26802885 0.65384615 0.03245192 0.06250000
0 0.27524038 0.72836538 0.02043269 0.03725962
0 0.27764423 0.48076923 0.02403846 0.03966346
0 0.34254808 0.59375000 0.03365385 0.04927885
0 0.27644231 0.57211538 0.01562500 0.03485577
0 0.22475962 0.49038462 0.03004808 0.03725962
0 0.29326923 0.63942308 0.02884615 0.05408654
0 0.20072115 0.60456731 0.02884615 0.05769231
0 0.11899038 0.52163462 0.02043269 0.03966346
0 0.15264423 0.48076923 0.02524038 0.03245192
0 0.21033654 0.67187500 0.02524038 0.04807692
0 0.23798077 0.76682692 0.02403846 0.04447115
0 0.24519231 0.82572115 0.04206731 0.06850962
0 0.04326923 0.50000000 0.02403846 0.05649038
0 0.08894231 0.55288462 0.02043269 0.03245192
0 0.58533654 0.62139423 0.05168269 0.04507212
0 0.46153846 0.95552885 0.04927885 0.06430288
0 0.48798077 0.69951923 0.02884615 0.06370192
0 0.64903846 0.90504808 0.01802885 0.03966346
0 0.61057692 0.93750000 0.01802885 0.03004808
0 0.64663462 0.70432692 0.03365385 0.05649038
0 0.70793269 0.80168269 0.03485577 0.06490385
0 0.62740385 0.80168269 0.01081731 0.02403846
0 0.57211538 0.60817308 0.02524038 0.03004808
0 0.66105769 0.86418269 0.03245192 0.06850962
0 0.53485577 0.67427885 0.01923077 0.03846154
0 0.68750000 0.55048077 0.01442308 0.03725962
0 0.63701923 0.53125000 0.02403846 0.04326923
0 0.50120192 0.43629808 0.03605769 0.03605769
0 0.60937500 0.45793269 0.02403846 0.03846154
0 0.50360577 0.60336538 0.02283654 0.03004808
0 0.54687500 0.81971154 0.02764423 0.05168269
0 0.46514423 0.46394231 0.03966346 0.04927885
0 0.56971154 0.92668269 0.03485577 0.03966346
0 0.60937500 0.97475962 0.02524038 0.04807692
0 0.64903846 0.59134615 0.03004808 0.04206731
0 0.45192308 0.51322115 0.02043269 0.03004808
