0 0.78966346 0.12740385 0.02463942 0.03545673
0 0.77163462 0.16105769 0.01923077 0.03305288
0 0.72836538 0.22836538 0.02163462 0.03004808
0 0.75600962 0.31009615 0.01201923 0.02644231
0 0.76081731 0.28605769 0.01201923 0.01923077
0 0.78004808 0.31009615 0.01442308 0.02043269
0 0.78004808 0.30769231 0.02283654 0.02403846
0 0.83293269 0.19350962 0.02283654 0.04807692
0 0.87019231 0.31129808 0.01682692 0.03966346
0 0.86177885 0.34855769 0.01682692 0.02644231
0 0.86177885 0.45913462 0.01682692 0.03485577
0 0.84375000 0.46514423 0.01201923 0.02403846
0 0.99519231 0.49038462 0.00961538 0.02884615
0 0.99278846 0.51201923 0.01201923 0.02283654
