0 0.14302885 0.76201923 0.05048077 0.02403846
0 0.46153846 0.93870192 0.03605769 0.06250000
0 0.24879808 0.83413462 0.03004808 0.06610577
0 0.08533654 0.83413462 0.03245192 0.05649038
0 0.02163462 0.93629808 0.03605769 0.06730769
0 0.10576923 0.93149038 0.01201923 0.02644231
0 0.16225962 0.75360577 0.02644231 0.00721154
0 0.06971154 0.97956731 0.03365385 0.04086538
0 0.20072115 0.81009615 0.01923077 0.03966346
0 0.18509615 0.95793269 0.03004808 0.05408654
0 0.36899038 0.77283654 0.02163462 0.04567308
0 0.34134615 0.81850962 0.02764423 0.03004808
0 0.32932692 0.79206731 0.03004808 0.04447115
0 0.70673077 0.92187500 0.03245192 0.04927885
0 0.69831731 0.97355769 0.02163462 0.04086538
0 0.93389423 0.85096154 0.01682692 0.03485577
0 0.93149038 0.83052885 0.01682692 0.02644231
0 0.69230769 0.88701923 0.03004808 0.03966346
0 0.73437500 0.76682692 0.02524038 0.03245192
0 0.81370192 0.95192308 0.01682692 0.03245192
0 0.83052885 0.90024038 0.03004808 0.04326923
0 0.85817308 0.89663462 0.02163462 0.04086538
