0 0.14062500 0.14423077 0.02043269 0.04567308
0 0.97115385 0.50240385 0.03125000 0.04987981
0 0.60336538 0.40144231 0.02403846 0.02403846
0 0.65024038 0.44350962 0.02884615 0.06610577
0 0.48197115 0.43750000 0.02524038 0.04206731
0 0.57572115 0.49399038 0.02524038 0.03365385
0 0.56250000 0.68870192 0.02163462 0.02884615
0 0.72355769 0.77524038 0.02884615 0.05048077
0 0.98557692 0.81009615 0.02884615 0.03365385
0 0.99038462 0.82812500 0.01923077 0.04567308
0 0.80649038 0.85817308 0.02163462 0.04206731
0 0.75841346 0.87740385 0.03725962 0.05048077
0 0.63581731 0.98317308 0.02163462 0.03365385
0 0.61899038 0.88100962 0.03004808 0.05528846
0 0.59615385 0.78004808 0.04206731 0.06730769
0 0.56971154 0.65745192 0.03846154 0.05408654
0 0.47716346 0.85216346 0.02524038 0.03605769
0 0.46634615 0.89903846 0.04086538 0.05769231
0 0.49278846 0.83774038 0.02524038 0.03725962
0 0.46754808 0.68509615 0.02644231 0.04687500
0 0.41346154 0.68990385 0.02403846 0.03365385
0 0.45913462 0.74639423 0.03605769 0.07932692
0 0.38341346 0.72475962 0.00721154 0.03605769
