0 0.06370192 0.31610577 0.01682692 0.03605769
0 0.66586538 0.01562500 0.05769231 0.03125000
0 0.48798077 0.05408654 0.02644231 0.04687500
0 0.54206731 0.09855769 0.03725962 0.05048077
0 0.69110577 0.12379808 0.02644231 0.05408654
0 0.75240385 0.18750000 0.02283654 0.05168269
0 0.66947115 0.07451923 0.02884615 0.05048077
0 0.80168269 0.06129808 0.02884615 0.04206731
0 0.80649038 0.00841346 0.02644231 0.01682692
0 0.79807692 0.02884615 0.02403846 0.04206731
0 0.49038462 0.72836538 0.04747596 0.06189904
0 0.50480769 0.79447115 0.02403846 0.04927885
0 0.59855769 0.81610577 0.03605769 0.05168269
0 0.51923077 0.47355769 0.02884615 0.04807692
0 0.68389423 0.67788462 0.01802885 0.04086538
0 0.64543269 0.71514423 0.01682692 0.02884615
0 0.68629808 0.48197115 0.03605769 0.06009615
0 0.74399038 0.57572115 0.03725962 0.06971154
0 0.66706731 0.58293269 0.01081731 0.02644231
0 0.69711538 0.63942308 0.03245192 0.06971154
0 0.58173077 0.59254808 0.02884615 0.05408654
0 0.60096154 0.69711538 0.03605769 0.04086538
0 0.64423077 0.75120192 0.02764423 0.05168269
