0 0.67067308 0.27163462 0.03185096 0.03245192
0 0.65985577 0.22115385 0.01622596 0.02403846
0 0.80048077 0.21875000 0.02644231 0.02764423
0 0.01802885 0.62379808 0.02764423 0.05048077
0 0.12019231 0.71995192 0.02884615 0.05769231
0 0.10216346 0.57091346 0.03125000 0.04567308
0 0.13942308 0.55288462 0.02884615 0.00961538
0 0.06490385 0.79326923 0.02043269 0.02884615
0 0.00360577 0.58413462 0.00721154 0.05288462
0 0.01081731 0.55769231 0.02163462 0.01923077
0 0.11057692 0.64783654 0.02884615 0.04807692
0 0.00841346 0.68870192 0.01682692 0.03605769
