0 0.83413462 0.44591346 0.02764423 0.04927885
0 0.15985577 0.66225962 0.01923077 0.04146635
0 0.27644231 0.97956731 0.04326923 0.04086538
0 0.31009615 0.97596154 0.03365385 0.04807692
0 0.18028846 0.79447115 0.02403846 0.03365385
0 0.16706731 0.91706731 0.01322115 0.03485577
0 0.17788462 0.65865385 0.02163462 0.04086538
0 0.10817308 0.71634615 0.02884615 0.05048077
0 0.16586538 0.74038462 0.01562500 0.03245192
0 0.19711538 0.68629808 0.01322115 0.03365385
0 0.15384615 0.74639423 0.01802885 0.03485577
0 0.03365385 0.54086538 0.03365385 0.06250000
0 0.22596154 0.74759615 0.02043269 0.04086538
0 0.06610577 0.53365385 0.02403846 0.03846154
0 0.32812500 0.74158654 0.01802885 0.04206731
0 0.37259615 0.71394231 0.03245192 0.02884615
0 0.30048077 0.53485577 0.02163462 0.04206731
0 0.14182692 0.57211538 0.01802885 0.04326923
0 0.16706731 0.56850962 0.02524038 0.04326923
0 0.35096154 0.71514423 0.02163462 0.03846154
0 0.33173077 0.65745192 0.02884615 0.03485577
0 0.24639423 0.93028846 0.03004808 0.05528846
0 0.33894231 0.51562500 0.01923077 0.01201923
0 0.18870192 0.97475962 0.03125000 0.05048077
0 0.62379808 0.68870192 0.04326923 0.06250000
0 0.86298077 0.73076923 0.03245192 0.05889423
0 0.81250000 0.80288462 0.03004808 0.04326923
0 0.61899038 0.77043269 0.02644231 0.05528846
0 0.55528846 0.88341346 0.02043269 0.04687500
0 0.65144231 0.76322115 0.02644231 0.04567308
0 0.52644231 0.53725962 0.02524038 0.03725962
0 0.51081731 0.71514423 0.02884615 0.03846154
0 0.49399038 0.62980769 0.02644231 0.04326923
0 0.58173077 0.63100962 0.04567308 0.07692308
0 0.51442308 0.64182692 0.02163462 0.03725962
