0 0.50480769 0.13701923 0.02343750 0.04987981
0 0.62620192 0.44230769 0.01862981 0.03605769
0 0.74278846 0.44471154 0.03485577 0.05168269
0 0.65024038 0.34735577 0.03125000 0.03725962
0 0.72836538 0.48317308 0.02403846 0.00961538
0 0.98437500 0.37980769 0.01682692 0.03605769
0 0.97956731 0.35576923 0.01682692 0.02764423
0 0.60456731 0.30168269 0.02403846 0.04326923
0 0.72475962 0.18269231 0.03725962 0.06370192
0 0.62740385 0.21875000 0.03485577 0.05528846
0 0.72836538 0.41466346 0.03125000 0.04086538
0 0.76562500 0.23798077 0.02884615 0.05889423
0 0.80408654 0.09975962 0.02524038 0.03485577
0 0.62620192 0.35817308 0.02764423 0.03966346
0 0.76923077 0.28846154 0.02524038 0.03485577
0 0.85937500 0.47235577 0.03125000 0.03125000
0 0.86658654 0.42668269 0.03245192 0.04687500
0 0.89663462 0.42788462 0.02283654 0.04326923
0 0.70192308 0.94831731 0.05288462 0.06370192
0 0.87379808 0.73677885 0.03545673 0.06069712
0 0.91586538 0.90865385 0.04687500 0.08052885
0 0.64182692 0.65985577 0.03125000 0.04807692
0 0.55168269 0.52163462 0.00721154 0.04326923
0 0.67548077 0.64903846 0.02043269 0.03966346
0 0.83293269 0.53725962 0.01562500 0.03485577
0 0.83774038 0.50961538 0.01682692 0.02764423
0 0.62139423 0.61177885 0.03245192 0.04326923
0 0.58653846 0.79807692 0.04086538 0.05649038
0 0.56009615 0.92427885 0.02403846 0.04086538
0 0.55769231 0.49639423 0.01923077 0.01682692
0 0.75360577 0.66466346 0.01923077 0.03605769
0 0.76923077 0.61298077 0.03245192 0.04447115
0 0.79447115 0.60096154 0.02283654 0.04086538
