0 0.87860577 0.00961538 0.02163462 0.01923077
0 0.99639423 0.09014423 0.00721154 0.05528846
0 0.94831731 0.28725962 0.02283654 0.04687500
0 0.89663462 0.35336538 0.01923077 0.04326923
0 0.93870192 0.18028846 0.03125000 0.05649038
0 0.90504808 0.07211538 0.04326923 0.06850962
0 0.80889423 0.16346154 0.04447115 0.05288462
0 0.78846154 0.20552885 0.04927885 0.06370192
0 0.81250000 0.14543269 0.03725962 0.05889423
0 0.80048077 0.03125000 0.03245192 0.04326923
0 0.69711538 0.01802885 0.02884615 0.03605769
0 0.09254808 0.51081731 0.02103365 0.04086538
0 0.37139423 0.51682692 0.03605769 0.05769231
0 0.29927885 0.57932692 0.03485577 0.06730769
0 0.38822115 0.51682692 0.03605769 0.05769231
0 0.12379808 0.51802885 0.02524038 0.03725962
0 0.73197115 0.65384615 0.01742788 0.04387019
