0 0.29086538 0.19230769 0.01923077 0.03786058
0 0.26201923 0.75360577 0.05048077 0.04387019
0 0.12860577 0.85216346 0.02764423 0.05769231
0 0.28245192 0.79567308 0.02764423 0.04687500
0 0.34375000 0.90985577 0.04447115 0.08173077
0 0.25841346 0.89543269 0.01322115 0.02524038
0 0.20552885 0.75000000 0.02764423 0.03245192
0 0.29326923 0.95673077 0.03004808 0.06730769
0 0.18149038 0.84735577 0.02043269 0.03966346
0 0.32091346 0.65745192 0.01562500 0.04206731
0 0.28365385 0.65865385 0.02524038 0.04326923
0 0.13341346 0.54807692 0.03365385 0.06730769
0 0.25721154 0.58653846 0.02283654 0.03365385
0 0.14302885 0.74038462 0.02043269 0.02884615
0 0.19350962 0.94711538 0.02884615 0.05288462
0 0.10336538 0.58774038 0.03966346 0.04927885
0 0.07451923 0.46274038 0.02524038 0.03485577
0 0.30649038 0.70432692 0.02403846 0.03485577
0 0.07932692 0.63942308 0.02043269 0.02884615
0 0.01562500 0.77283654 0.02043269 0.04687500
0 0.04687500 0.80649038 0.02764423 0.02884615
0 0.08653846 0.79567308 0.03004808 0.04807692
0 0.36899038 0.43629808 0.02403846 0.04326923
