0 0.08293269 0.26562500 0.02343750 0.04146635
0 0.73317308 0.74639423 0.03725962 0.05408654
0 0.48317308 0.72596154 0.00961538 0.05769231
0 0.75961538 0.77163462 0.02764423 0.05649038
0 0.77403846 0.92908654 0.03004808 0.03365385
0 0.69230769 0.71033654 0.03245192 0.05649038
0 0.83052885 0.56971154 0.02764423 0.03846154
0 0.83894231 0.67668269 0.01322115 0.03605769
0 0.85937500 0.53605769 0.02163462 0.01442308
0 0.75240385 0.66826923 0.02524038 0.04927885
0 0.80528846 0.73918269 0.03004808 0.06490385
0 0.78605769 0.80168269 0.03365385 0.05649038
