0 0.42427885 0.38701923 0.03125000 0.03846154
0 0.31009615 0.48557692 0.04567308 0.05829327
0 0.16586538 0.52283654 0.02403846 0.04567308
0 0.22235577 0.57812500 0.03605769 0.04927885
0 0.34975962 0.62500000 0.02644231 0.05408654
0 0.40985577 0.67067308 0.02283654 0.05168269
0 0.34014423 0.55889423 0.02644231 0.04567308
0 0.46394231 0.54447115 0.03605769 0.04927885
0 0.46995192 0.49038462 0.03725962 0.05889423
0 0.47475962 0.40264423 0.03125000 0.04086538
0 0.54927885 0.38100962 0.03605769 0.02644231
0 0.39302885 0.43750000 0.04206731 0.06490385
0 0.48197115 0.57211538 0.04086538 0.05889423
