0 0.80048077 0.10216346 0.03906250 0.06670673
0 0.24038462 0.73197115 0.04146635 0.04807692
0 0.38581731 0.77403846 0.02644231 0.04807692
0 0.32812500 0.72475962 0.03245192 0.04447115
0 0.29687500 0.63341346 0.03725962 0.05408654
0 0.25000000 0.58293269 0.03365385 0.05288462
0 0.30408654 0.77283654 0.04086538 0.04687500
0 0.26923077 0.53966346 0.04206731 0.03846154
0 0.82331731 0.86057692 0.01802885 0.03365385
0 0.74038462 0.94350962 0.01562500 0.03004808
0 0.80288462 0.98197115 0.01562500 0.02524038
0 0.86899038 0.72235577 0.01562500 0.03725962
