0 0.98317308 0.01201923 0.01923077 0.02403846
0 0.99519231 0.12620192 0.00961538 0.03125000
0 0.98798077 0.24038462 0.01442308 0.03846154
0 0.99158654 0.00841346 0.01682692 0.01682692
0 0.93990385 0.03245192 0.04326923 0.06250000
0 0.98437500 0.07451923 0.01442308 0.03125000
0 0.97235577 0.07932692 0.01802885 0.03485577
0 0.99639423 0.30168269 0.00721154 0.06490385
0 0.50961538 0.65985577 0.03305288 0.05108173
0 0.48557692 0.67067308 0.02163462 0.04086538
0 0.46875000 0.81610577 0.03245192 0.03605769
0 0.53485577 0.56730769 0.03245192 0.05769231
0 0.40865385 0.51682692 0.02884615 0.01442308
0 0.40024038 0.59975962 0.02283654 0.04326923
0 0.47836538 0.56971154 0.02644231 0.04807692
0 0.44471154 0.65504808 0.02524038 0.04326923
0 0.44951923 0.69831731 0.03245192 0.05408654
