0 0.51682692 0.11658654 0.01562500 0.04146635
0 0.63581731 0.44591346 0.04146635 0.06009615
0 0.87980769 0.43990385 0.03004808 0.05408654
0 0.90024038 0.54927885 0.03245192 0.04687500
0 0.60576923 0.48197115 0.02764423 0.05649038
0 0.58293269 0.62500000 0.03125000 0.02884615
0 0.66947115 0.43870192 0.03245192 0.05649038
0 0.53725962 0.25000000 0.02403846 0.03365385
0 0.52403846 0.37259615 0.01322115 0.03605769
0 0.53485577 0.11177885 0.02163462 0.04086538
0 0.46394231 0.17067308 0.02884615 0.05048077
0 0.52283654 0.19471154 0.01562500 0.03245192
0 0.55408654 0.13942308 0.01322115 0.03365385
0 0.51081731 0.20072115 0.01923077 0.03605769
0 0.58293269 0.20192308 0.02043269 0.04086538
0 0.99038462 0.10937500 0.01682692 0.03725962
0 0.68750000 0.19591346 0.01923077 0.04206731
0 0.73197115 0.16826923 0.03245192 0.02884615
0 0.98918269 0.05408654 0.02043269 0.03365385
0 0.99399038 0.09134615 0.01201923 0.02884615
0 0.49879808 0.02524038 0.01923077 0.04447115
0 0.52283654 0.02163462 0.02644231 0.04326923
0 0.70913462 0.16947115 0.02163462 0.03846154
0 0.69110577 0.11057692 0.02884615 0.03605769
0 0.60456731 0.38701923 0.03004808 0.05649038
0 0.56250000 0.49879808 0.05048077 0.07451923
0 0.54807692 0.43870192 0.03004808 0.06490385
0 0.27644231 0.78725962 0.02524038 0.05288462
0 0.69831731 0.87980769 0.01622596 0.04266827
0 0.86298077 0.98437500 0.02884615 0.03125000
0 0.70432692 0.90024038 0.02764423 0.04687500
0 0.72596154 0.99519231 0.01442308 0.00961538
0 0.78125000 0.87620192 0.03004808 0.03725962
0 0.81250000 0.98317308 0.02403846 0.03365385
0 0.66105769 0.76923077 0.01923077 0.04687500
0 0.69831731 0.78004808 0.02764423 0.04567308
0 0.86057692 0.66706731 0.03365385 0.05528846
0 0.72115385 0.70192308 0.02403846 0.03725962
0 0.85096154 0.85937500 0.02524038 0.03365385
0 0.89062500 0.69711538 0.04447115 0.05288462
0 0.66346154 0.81250000 0.02403846 0.03365385
0 0.91947115 0.75000000 0.02163462 0.03004808
0 0.98317308 0.90024038 0.02163462 0.04927885
0 0.94471154 0.92668269 0.02884615 0.03004808
0 0.89062500 0.94591346 0.03365385 0.05408654
