0 0.39663462 0.76562500 0.02584135 0.03846154
0 0.43389423 0.91105769 0.01682692 0.03846154
0 0.50841346 0.86298077 0.03004808 0.04807692
0 0.54206731 0.99639423 0.02163462 0.00721154
0 0.47956731 0.65504808 0.01802885 0.03846154
0 0.42668269 0.74519231 0.03245192 0.04447115
0 0.60336538 0.78485577 0.03004808 0.04927885
0 0.58413462 0.84495192 0.02163462 0.03605769
0 0.20072115 0.62620192 0.02283654 0.04326923
0 0.54927885 0.50721154 0.02644231 0.04567308
0 0.32692308 0.66105769 0.02524038 0.04086538
0 0.49158654 0.63221154 0.01802885 0.03966346
0 0.56610577 0.77403846 0.02644231 0.04326923
0 0.44831731 0.97115385 0.01923077 0.03846154
0 0.75961538 0.73557692 0.01923077 0.05288462
