0 0.53485577 0.52043269 0.01201923 0.03605769
0 0.57331731 0.43149038 0.02524038 0.04807692
0 0.55649038 0.29567308 0.02884615 0.05408654
0 0.55168269 0.36538462 0.02283654 0.04447115
0 0.60336538 0.28846154 0.02764423 0.05408654
0 0.03966346 0.78004808 0.01923077 0.03485577
0 0.02524038 0.93028846 0.01923077 0.03485577
0 0.60817308 0.84975962 0.02403846 0.03004808
0 0.60096154 0.75600962 0.02283654 0.03485577
0 0.64663462 0.74879808 0.02403846 0.04326923
0 0.81490385 0.73437500 0.04447115 0.06129808
0 0.59134615 0.88701923 0.02043269 0.02884615
0 0.80769231 0.79326923 0.03245192 0.05408654
0 0.69591346 0.76201923 0.03004808 0.04326923
0 0.75600962 0.75841346 0.03245192 0.04807692
0 0.68870192 0.70793269 0.01322115 0.02403846
0 0.69831731 0.69591346 0.02764423 0.03365385
