0 0.71995192 0.53725962 0.03125000 0.02163462
0 0.89182692 0.30168269 0.03966346 0.04447115
0 0.83774038 0.42307692 0.02644231 0.04326923
0 0.82091346 0.34134615 0.03605769 0.05408654
0 0.69711538 0.18870192 0.02644231 0.06971154
0 0.89423077 0.52043269 0.02043269 0.03846154
0 0.96875000 0.50721154 0.03966346 0.06250000
0 0.75360577 0.39302885 0.03245192 0.04687500
0 0.89903846 0.22235577 0.03846154 0.04687500
0 0.14783654 0.71754808 0.02403846 0.03125000
0 0.08894231 0.89903846 0.03846154 0.05408654
0 0.01201923 0.65384615 0.02043269 0.03125000
0 0.01201923 0.75240385 0.02403846 0.04326923
0 0.04206731 0.64543269 0.01682692 0.02644231
0 0.08293269 0.57331731 0.02403846 0.03245192
