0 0.23317308 0.79206731 0.02343750 0.03665865
0 0.20673077 0.72115385 0.03245192 0.03846154
0 0.25360577 0.91586538 0.02524038 0.04807692
0 0.26442308 0.86778846 0.01923077 0.03846154
0 0.23557692 0.73197115 0.02644231 0.04206731
0 0.15144231 0.78125000 0.02043269 0.03725962
0 0.17067308 0.76682692 0.02043269 0.03125000
0 0.29326923 0.69471154 0.03004808 0.04206731
0 0.21754808 0.88461538 0.02043269 0.05649038
0 0.23557692 0.87259615 0.02403846 0.04807692
0 0.29807692 0.76923077 0.02644231 0.04326923
0 0.34134615 0.78125000 0.02764423 0.05528846
0 0.32812500 0.68028846 0.02764423 0.04326923
0 0.16225962 0.94230769 0.03125000 0.04807692
0 0.03245192 0.54326923 0.02163462 0.00961538
