0 0.61658654 0.43750000 0.01682692 0.04086538
0 0.33052885 0.76923077 0.02403846 0.03365385
0 0.18990385 0.52764423 0.01442308 0.02644231
0 0.48437500 0.55769231 0.03485577 0.05048077
0 0.39423077 0.68990385 0.02524038 0.04687500
0 0.35456731 0.66586538 0.03004808 0.04206731
0 0.10336538 0.48557692 0.02403846 0.03365385
0 0.58533654 0.57331731 0.00721154 0.04567308
0 0.29687500 0.81370192 0.02043269 0.03966346
0 0.27884615 0.74038462 0.02043269 0.03485577
0 0.25360577 0.94471154 0.03485577 0.03245192
0 0.27884615 0.70793269 0.02524038 0.04086538
0 0.20072115 0.71033654 0.02043269 0.04687500
0 0.24759615 0.66706731 0.02403846 0.03725962
0 0.25360577 0.70673077 0.02043269 0.03485577
0 0.24639423 0.80528846 0.01682692 0.03004808
0 0.74879808 0.96033654 0.01923077 0.03125000
0 0.69711538 0.89543269 0.02043269 0.02884615
0 0.65504808 0.83653846 0.02524038 0.03966346
