0 0.24038462 0.47475962 0.02343750 0.04146635
0 0.73076923 0.03365385 0.02223558 0.04447115
0 0.84014423 0.36298077 0.03846154 0.05829327
0 0.81850962 0.40504808 0.02764423 0.05769231
0 0.78966346 0.53605769 0.04567308 0.02403846
0 0.88221154 0.37379808 0.03125000 0.05649038
0 0.74519231 0.16225962 0.02403846 0.03485577
0 0.72836538 0.27764423 0.01802885 0.04326923
0 0.73437500 0.02524038 0.02403846 0.04326923
0 0.67788462 0.05769231 0.04206731 0.05889423
0 0.72475962 0.10456731 0.01562500 0.03365385
0 0.75721154 0.04927885 0.01442308 0.03485577
0 0.71153846 0.11057692 0.01923077 0.03725962
0 0.79086538 0.10576923 0.01923077 0.03966346
0 0.89302885 0.10456731 0.01923077 0.04326923
0 0.94471154 0.05288462 0.03485577 0.04326923
0 0.91706731 0.07451923 0.01923077 0.03966346
0 0.89302885 0.00480769 0.03125000 0.00961538
0 0.80889423 0.30168269 0.03125000 0.05769231
0 0.75841346 0.40985577 0.05048077 0.07331731
0 0.75000000 0.34375000 0.03485577 0.06971154
0 0.46153846 0.64663462 0.01862981 0.04326923
0 0.59375000 0.98677885 0.03365385 0.02644231
0 0.86298077 0.97596154 0.03365385 0.04807692
0 0.56971154 0.99519231 0.02403846 0.00961538
0 0.62139423 0.90384615 0.03485577 0.06129808
0 0.49038462 0.83052885 0.03004808 0.05649038
0 0.47956731 0.93870192 0.02403846 0.04567308
0 0.47716346 0.66346154 0.02644231 0.04326923
0 0.42668269 0.76923077 0.01682692 0.07211538
0 0.48076923 0.75721154 0.01802885 0.03725962
0 0.52884615 0.69230769 0.01442308 0.03125000
0 0.45793269 0.81971154 0.02764423 0.05288462
0 0.55528846 0.79206731 0.02644231 0.05408654
0 0.95192308 0.64543269 0.01923077 0.03966346
0 0.66466346 0.72355769 0.02283654 0.04206731
0 0.70432692 0.71394231 0.03725962 0.03365385
0 0.95072115 0.60576923 0.02283654 0.03725962
0 0.99519231 0.64302885 0.00961538 0.03605769
0 0.43750000 0.58173077 0.01802885 0.04206731
0 0.46754808 0.58052885 0.02764423 0.04687500
0 0.68269231 0.72716346 0.02283654 0.05769231
0 0.62860577 0.68149038 0.02644231 0.03485577
0 0.56129808 0.90625000 0.02764423 0.05048077
0 0.52524038 0.98677885 0.02644231 0.02644231
