0 0.83774038 0.30649038 0.02163462 0.02644231
0 0.95312500 0.15384615 0.02584135 0.03906250
0 0.94711538 0.52884615 0.01923077 0.04206731
0 0.97235577 0.70072115 0.02764423 0.05168269
0 0.96394231 0.80168269 0.02163462 0.04086538
0 0.96033654 0.54086538 0.02403846 0.04086538
0 0.90384615 0.64062500 0.03605769 0.06370192
0 0.96394231 0.63341346 0.01682692 0.03245192
0 0.94350962 0.69110577 0.02644231 0.04927885
0 0.86177885 0.37860577 0.02403846 0.04206731
0 0.92668269 0.47115385 0.01682692 0.03846154
0 0.95192308 0.46754808 0.02764423 0.04567308
0 0.95673077 0.36658654 0.01802885 0.02884615
0 0.99759615 0.85216346 0.00480769 0.04086538
0 0.99639423 0.89663462 0.00721154 0.05288462
0 0.88341346 0.46394231 0.01802885 0.02644231
