0 0.69831731 0.53004808 0.02043269 0.03245192
0 0.60576923 0.32812500 0.01682692 0.06490385
0 0.00480769 0.67908654 0.00961538 0.04567308
0 0.67067308 0.98437500 0.04807692 0.03125000
0 0.66586538 0.82331731 0.01682692 0.03004808
0 0.66225962 0.82091346 0.01322115 0.03004808
0 0.64302885 0.79567308 0.01682692 0.03605769
0 0.69350962 0.74158654 0.02524038 0.03725962
0 0.61177885 0.60336538 0.01802885 0.04086538
0 0.65144231 0.62620192 0.02644231 0.03846154
0 0.63221154 0.59134615 0.01802885 0.03245192
0 0.65745192 0.55408654 0.02163462 0.01201923
0 0.74879808 0.55889423 0.02163462 0.02163462
0 0.73918269 0.56490385 0.01682692 0.03365385
0 0.71394231 0.62740385 0.01682692 0.03605769
0 0.73918269 0.65384615 0.02163462 0.04447115
0 0.82932692 0.67788462 0.02403846 0.03725962
0 0.82091346 0.64663462 0.02884615 0.03725962
0 0.92908654 0.79326923 0.02043269 0.04206731
0 0.85336538 0.56490385 0.02043269 0.02884615
0 0.95552885 0.69350962 0.02524038 0.03846154
0 0.93389423 0.71033654 0.02163462 0.03245192
0 0.92187500 0.68028846 0.02884615 0.02884615
0 0.87019231 0.74158654 0.02403846 0.04086538
0 0.87259615 0.78725962 0.02163462 0.04086538
0 0.58894231 0.97836538 0.02043269 0.04206731
