0 0.58894231 0.01442308 0.03365385 0.02884615
0 0.48197115 0.11177885 0.04447115 0.05649038
0 0.51562500 0.24519231 0.02524038 0.05168269
0 0.57331731 0.29927885 0.02043269 0.04687500
0 0.50120192 0.18269231 0.02524038 0.04447115
0 0.61899038 0.16225962 0.02884615 0.04086538
0 0.62860577 0.11057692 0.03485577 0.05408654
0 0.64062500 0.01322115 0.03125000 0.02644231
0 0.69471154 0.00841346 0.02884615 0.01682692
0 0.55769231 0.06490385 0.04086538 0.06370192
0 0.63461538 0.18269231 0.02524038 0.04086538
0 0.94591346 0.56009615 0.01923077 0.04326923
0 0.85096154 0.79927885 0.03485577 0.05408654
0 0.46033654 0.83052885 0.02163462 0.03605769
0 0.62139423 0.81009615 0.03004808 0.05528846
0 0.65625000 0.89182692 0.02884615 0.04086538
0 0.84975962 0.84495192 0.02524038 0.05168269
0 0.91105769 0.97355769 0.03966346 0.03966346
0 0.81610577 0.85216346 0.02403846 0.04086538
0 0.94110577 0.63942308 0.02163462 0.03125000
0 0.95673077 0.79447115 0.02644231 0.03605769
0 0.96274038 0.71995192 0.02524038 0.04326923
0 0.96634615 0.54206731 0.02403846 0.04086538
0 0.97235577 0.50240385 0.03485577 0.04927885
0 0.98197115 0.57932692 0.01682692 0.03485577
0 0.94831731 0.55889423 0.01682692 0.03966346
0 0.98317308 0.56971154 0.02163462 0.03485577
0 0.88581731 0.73677885 0.04326923 0.07331731
0 0.94831731 0.73677885 0.02163462 0.03605769
0 0.90384615 0.56009615 0.02043269 0.03966346
0 0.50360577 0.48197115 0.01682692 0.03605769
0 0.82331731 0.55168269 0.01682692 0.03966346
0 0.77884615 0.49519231 0.02884615 0.03605769
0 0.52043269 0.46033654 0.02163462 0.02163462
0 0.80528846 0.52283654 0.02403846 0.04927885
0 0.84134615 0.50240385 0.02644231 0.03485577
