0 0.56610577 0.26442308 0.02223558 0.05709135
0 0.75240385 0.42668269 0.02403846 0.04086538
0 0.60456731 0.14903846 0.02644231 0.05889423
0 0.75841346 0.26081731 0.02403846 0.04206731
0 0.83293269 0.45432692 0.01923077 0.05408654
0 0.80889423 0.29086538 0.02764423 0.05048077
0 0.46394231 0.40504808 0.02764423 0.05649038
0 0.61418269 0.41706731 0.02764423 0.03725962
0 0.44350962 0.11538462 0.01682692 0.04086538
0 0.79687500 0.19350962 0.02644231 0.04206731
0 0.53846154 0.24399038 0.02644231 0.04927885
0 0.46754808 0.22596154 0.02403846 0.04687500
0 0.42548077 0.17187500 0.02283654 0.03125000
0 0.43269231 0.13221154 0.01682692 0.04326923
0 0.43750000 0.46754808 0.02283654 0.03365385
0 0.50120192 0.47716346 0.01682692 0.02163462
0 0.59375000 0.27403846 0.02403846 0.03365385
0 0.68870192 0.27644231 0.01802885 0.03605769
0 0.70192308 0.26923077 0.01682692 0.03245192
0 0.78365385 0.15745192 0.01923077 0.02283654
0 0.29567308 0.78485577 0.00480769 0.04086538
0 0.28485577 0.93629808 0.02644231 0.03125000
0 0.22956731 0.61778846 0.02644231 0.04927885
0 0.22235577 0.71875000 0.02163462 0.04086538
0 0.16225962 0.55528846 0.03365385 0.06009615
0 0.22235577 0.55048077 0.01682692 0.03365385
0 0.26442308 0.49639423 0.01442308 0.01682692
0 0.19831731 0.60576923 0.02644231 0.04927885
0 0.28966346 0.57211538 0.01682692 0.04807692
0 0.29206731 0.69230769 0.01201923 0.04807692
0 0.26442308 0.77043269 0.02283654 0.04086538
0 0.26562500 0.81610577 0.03245192 0.05408654
