0 0.40985577 0.40144231 0.03966346 0.05528846
0 0.23437500 0.47115385 0.03125000 0.01442308
0 0.19350962 0.98197115 0.03605769 0.03605769
0 0.18750000 0.80048077 0.02463942 0.03305288
0 0.16706731 0.79807692 0.01742788 0.03004808
0 0.23798077 0.75000000 0.02764423 0.05649038
0 0.20552885 0.70432692 0.02283654 0.03485577
0 0.09134615 0.61057692 0.02524038 0.04086538
0 0.16706731 0.64062500 0.02884615 0.05288462
0 0.11538462 0.59975962 0.03125000 0.04326923
0 0.14903846 0.57572115 0.01923077 0.03485577
0 0.29086538 0.53365385 0.02043269 0.03966346
0 0.28725962 0.60697115 0.02403846 0.04086538
0 0.25721154 0.58413462 0.02884615 0.04807692
0 0.23677885 0.65625000 0.01923077 0.03725962
0 0.26081731 0.67067308 0.02043269 0.03966346
0 0.34975962 0.68509615 0.02884615 0.04447115
0 0.31129808 0.70072115 0.03966346 0.07091346
0 0.36177885 0.75721154 0.02043269 0.04447115
0 0.37259615 0.53966346 0.02043269 0.02884615
0 0.37139423 0.54447115 0.02283654 0.03485577
0 0.38942308 0.63822115 0.02403846 0.03725962
0 0.39423077 0.74519231 0.02524038 0.03966346
0 0.36538462 0.66706731 0.02283654 0.02403846
0 0.43750000 0.55528846 0.02283654 0.03725962
0 0.33413462 0.49158654 0.02403846 0.02644231
0 0.37980769 0.93870192 0.02043269 0.04086538
0 0.36658654 0.98076923 0.02043269 0.03725962
0 0.80048077 0.59014423 0.04326923 0.07512019
0 0.84735577 0.58774038 0.01923077 0.03725962
0 0.71634615 0.50841346 0.02043269 0.03605769
