0 0.43870192 0.64062500 0.03365385 0.06069712
0 0.37500000 0.53125000 0.02824519 0.05048077
0 0.83413462 0.59254808 0.02704327 0.04146635
0 0.19591346 0.77524038 0.02524038 0.03605769
0 0.06370192 0.87980769 0.02644231 0.04447115
0 0.01322115 0.95552885 0.02043269 0.03605769
0 0.04687500 0.96153846 0.03605769 0.05168269
0 0.18870192 0.97475962 0.03125000 0.05048077
0 0.19711538 0.90024038 0.02163462 0.05168269
0 0.23076923 0.80528846 0.02644231 0.06490385
0 0.30408654 0.94110577 0.02163462 0.03125000
0 0.33653846 0.98918269 0.02884615 0.02163462
0 0.33052885 0.93509615 0.02403846 0.03605769
0 0.33533654 0.80288462 0.02163462 0.03966346
0 0.37860577 0.82091346 0.02043269 0.03125000
0 0.43990385 0.78846154 0.03605769 0.04447115
0 0.35336538 0.85096154 0.03004808 0.06610577
0 0.43028846 0.83052885 0.02884615 0.03966346
