0 0.37500000 0.88942308 0.02524038 0.03725962
0 0.36418269 0.85697115 0.01562500 0.03125000
0 0.38701923 0.82572115 0.02043269 0.04206731
0 0.40384615 0.77524038 0.02524038 0.03725962
0 0.37259615 0.65865385 0.02884615 0.04206731
0 0.34495192 0.63461538 0.03125000 0.00961538
0 0.43870192 0.65625000 0.01923077 0.03605769
0 0.46274038 0.69350962 0.02163462 0.04447115
0 0.55769231 0.70673077 0.02524038 0.04086538
0 0.53725962 0.68269231 0.03125000 0.04086538
0 0.63942308 0.81610577 0.01923077 0.04086538
0 0.64903846 0.70312500 0.02163462 0.03605769
0 0.65745192 0.76322115 0.02043269 0.03245192
0 0.61658654 0.70913462 0.02884615 0.02884615
0 0.84735577 0.63701923 0.02644231 0.01442308
0 0.88341346 0.64302885 0.01201923 0.02644231
0 0.86538462 0.65865385 0.02403846 0.04206731
0 0.83653846 0.67548077 0.02163462 0.03966346
0 0.59615385 0.81730769 0.02163462 0.03365385
0 0.59615385 0.86658654 0.02163462 0.04086538
