0 0.06971154 0.22235577 0.02884615 0.05889423
0 0.03846154 0.19951923 0.02103365 0.03846154
0 0.64182692 0.46153846 0.03365385 0.06250000
0 0.85576923 0.38942308 0.02764423 0.05769231
0 0.99278846 0.40745192 0.01322115 0.02764423
0 0.93750000 0.27163462 0.03004808 0.03725962
0 0.90985577 0.38942308 0.02524038 0.04927885
0 0.57451923 0.25480769 0.01923077 0.03846154
0 0.56730769 0.20673077 0.01923077 0.03365385
0 0.68149038 0.08413462 0.02524038 0.04927885
0 0.85817308 0.05889423 0.03365385 0.06610577
0 0.99158654 0.09855769 0.01682692 0.03846154
0 0.86778846 0.25841346 0.02524038 0.03365385
0 0.92548077 0.47475962 0.02884615 0.05048077
0 0.82932692 0.09615385 0.04206731 0.05288462
0 0.80048077 0.15024038 0.02163462 0.03004808
0 0.73798077 0.29927885 0.02163462 0.04927885
0 0.77403846 0.32692308 0.02884615 0.03004808
0 0.82932692 0.34735577 0.03605769 0.05649038
0 0.19110577 0.94831731 0.01742788 0.03125000
0 0.78125000 0.81129808 0.02163462 0.04146635
0 0.66826923 0.85697115 0.03725962 0.07812500
0 0.84495192 0.93269231 0.04447115 0.07572115
0 0.76201923 0.76201923 0.03004808 0.03725962
0 0.70432692 0.87740385 0.02403846 0.04687500
0 0.87980769 0.74639423 0.01562500 0.03605769
0 0.81009615 0.70432692 0.02524038 0.04206731
0 0.67908654 0.58413462 0.03846154 0.06610577
0 0.78245192 0.62259615 0.03004808 0.04927885
0 0.67788462 0.80288462 0.02884615 0.03725962
0 0.63701923 0.64062500 0.04567308 0.05408654
0 0.60456731 0.50841346 0.02644231 0.01682692
0 0.79567308 0.79086538 0.03245192 0.04567308
0 0.64423077 0.69110577 0.02163462 0.03245192
0 0.56250000 0.87379808 0.00961538 0.03125000
0 0.93990385 0.51322115 0.03365385 0.02644231
0 0.56129808 0.84615385 0.00721154 0.04326923
