0 0.28245192 0.37500000 0.03064904 0.05048077
0 0.25480769 0.34975962 0.01983173 0.04507212
0 0.63581731 0.44230769 0.02343750 0.03906250
0 0.14663462 0.98677885 0.01923077 0.02644231
0 0.15024038 0.98197115 0.01923077 0.03004808
0 0.20793269 0.97235577 0.02524038 0.03846154
0 0.11899038 0.91947115 0.03846154 0.04927885
0 0.37500000 0.99278846 0.03365385 0.01442308
0 0.13942308 0.89302885 0.02764423 0.06250000
0 0.27644231 0.96514423 0.01682692 0.03004808
0 0.16586538 0.81730769 0.02524038 0.04447115
0 0.21634615 0.98918269 0.01923077 0.02163462
0 0.28846154 0.98798077 0.01923077 0.02403846
0 0.27644231 0.99399038 0.01442308 0.01201923
0 0.71153846 0.51802885 0.03846154 0.03605769
0 0.61899038 0.50480769 0.02163462 0.00961538
0 0.87860577 0.51442308 0.02644231 0.02884615
0 0.78846154 0.65865385 0.02764423 0.03846154
0 0.72115385 0.73918269 0.02764423 0.04086538
0 0.73677885 0.93028846 0.04447115 0.04567308
0 0.73918269 0.85336538 0.02163462 0.05288462
0 0.77524038 0.80649038 0.03125000 0.08533654
0 0.86658654 0.90264423 0.02163462 0.03125000
0 0.88942308 0.94230769 0.03245192 0.03846154
0 0.89543269 0.90504808 0.02524038 0.03605769
0 0.89663462 0.75000000 0.04086538 0.06610577
0 0.89543269 0.78485577 0.02524038 0.03846154
0 0.97235577 0.78966346 0.01923077 0.04567308
