0 0.20552885 0.78725962 0.01262019 0.03125000
0 0.58533654 0.75360577 0.03966346 0.05769231
0 0.61899038 0.78966346 0.02644231 0.05528846
0 0.63341346 0.93750000 0.03004808 0.03365385
0 0.54927885 0.73437500 0.03245192 0.05528846
0 0.68750000 0.56250000 0.02403846 0.03365385
0 0.69591346 0.68509615 0.01322115 0.03605769
0 0.69711538 0.51562500 0.01442308 0.01201923
0 0.70552885 0.52043269 0.01682692 0.02163462
0 0.63221154 0.52163462 0.01923077 0.02403846
0 0.53004808 0.51682692 0.01682692 0.01442308
0 0.61538462 0.68509615 0.02644231 0.05048077
0 0.67067308 0.74759615 0.03004808 0.06370192
0 0.65865385 0.81490385 0.04086538 0.07812500
