0 0.22716346 0.59735577 0.02884615 0.04567308
0 0.19591346 0.56850962 0.02343750 0.04146635
0 0.61057692 0.38100962 0.03365385 0.06189904
0 0.60937500 0.21274038 0.02403846 0.03485577
0 0.60096154 0.17668269 0.01201923 0.02884615
0 0.62740385 0.14783654 0.02043269 0.04206731
0 0.63822115 0.10216346 0.02403846 0.03485577
0 0.60937500 0.00721154 0.02644231 0.01442308
0 0.66947115 0.00600962 0.01682692 0.01201923
0 0.69230769 0.02884615 0.02043269 0.04086538
0 0.78004808 0.03846154 0.02403846 0.03725962
0 0.76201923 0.01923077 0.02884615 0.03725962
0 0.85216346 0.14062500 0.01682692 0.03725962
0 0.86177885 0.03245192 0.02043269 0.03245192
0 0.87379808 0.09254808 0.01923077 0.03004808
0 0.83293269 0.04206731 0.02884615 0.02884615
0 0.81610577 0.14423077 0.02163462 0.03004808
0 0.81370192 0.18990385 0.02403846 0.03485577
0 0.65144231 0.43629808 0.02524038 0.03245192
0 0.55528846 0.43750000 0.02043269 0.04206731
0 0.00721154 0.98798077 0.01442308 0.02403846
0 0.05889423 0.99519231 0.02644231 0.00961538
0 0.03245192 0.75120192 0.01682692 0.03004808
0 0.05288462 0.74519231 0.02163462 0.04206731
0 0.08774038 0.80528846 0.02403846 0.05048077
0 0.05649038 0.84735577 0.04687500 0.06129808
0 0.28725962 0.76802885 0.05048077 0.04086538
0 0.33052885 0.76081731 0.03966346 0.09014423
0 0.39903846 0.72355769 0.03125000 0.04687500
0 0.50000000 0.86538462 0.01923077 0.03004808
0 0.40865385 0.88341346 0.01682692 0.03245192
0 0.44711538 0.84014423 0.02043269 0.04447115
0 0.39543269 0.83774038 0.02163462 0.03966346
0 0.40024038 0.87139423 0.02403846 0.04687500
0 0.35576923 0.86899038 0.03605769 0.04086538
0 0.35336538 0.83173077 0.03245192 0.05649038
0 0.35096154 0.95192308 0.02884615 0.06250000
0 0.27644231 0.90384615 0.02644231 0.03605769
0 0.50600962 0.94951923 0.02403846 0.03966346
0 0.99158654 0.96995192 0.01682692 0.04086538
