0 0.57812500 0.34735577 0.03425481 0.06069712
0 0.57812500 0.14302885 0.02524038 0.03725962
0 0.57331731 0.11778846 0.01442308 0.03004808
0 0.64062500 0.05889423 0.02163462 0.04687500
0 0.61418269 0.02764423 0.02163462 0.03365385
0 0.72235577 0.01201923 0.04086538 0.02403846
0 0.79567308 0.05408654 0.01802885 0.03966346
0 0.82572115 0.03966346 0.02283654 0.03365385
0 0.79447115 0.17548077 0.02163462 0.03846154
0 0.78485577 0.22115385 0.02524038 0.03365385
0 0.60817308 0.50480769 0.01802885 0.03725962
0 0.55408654 0.55528846 0.02644231 0.03365385
0 0.15745192 0.97355769 0.01682692 0.03485577
0 0.02524038 0.91105769 0.03846154 0.03725962
0 0.09735577 0.91706731 0.02283654 0.04687500
0 0.03966346 0.85937500 0.03725962 0.05288462
0 0.06250000 0.82451923 0.03485577 0.05649038
0 0.25000000 0.86057692 0.02283654 0.04447115
0 0.20913462 0.88461538 0.01802885 0.03365385
0 0.17307692 0.93629808 0.01802885 0.05288462
0 0.20552885 0.91466346 0.01322115 0.02644231
0 0.22716346 0.93269231 0.02644231 0.04687500
0 0.28846154 0.83653846 0.01802885 0.02524038
0 0.29086538 0.83052885 0.02043269 0.03004808
0 0.25841346 0.77163462 0.03725962 0.04687500
0 0.27764423 0.71634615 0.02163462 0.05168269
0 0.73437500 0.98557692 0.03605769 0.02884615
0 0.79206731 0.93389423 0.02223558 0.02824519
0 0.83293269 0.92307692 0.01682692 0.03846154
