0 0.90745192 0.47716346 0.03365385 0.05889423
0 0.87259615 0.53245192 0.03846154 0.05649038
0 0.83052885 0.19471154 0.01923077 0.03846154
0 0.82091346 0.15745192 0.02163462 0.03365385
0 0.75240385 0.19591346 0.02764423 0.03365385
0 0.76802885 0.01562500 0.03605769 0.03125000
0 0.72355769 0.76442308 0.00961538 0.06730769
0 0.72716346 0.81490385 0.01682692 0.04807692
0 0.77403846 0.87740385 0.03725962 0.03846154
0 0.84975962 0.67668269 0.02163462 0.04567308
0 0.84134615 0.71514423 0.02163462 0.03846154
0 0.87860577 0.62620192 0.02644231 0.05528846
0 0.78605769 0.62980769 0.02884615 0.05408654
0 0.79927885 0.72596154 0.04086538 0.04687500
0 0.82812500 0.79086538 0.02884615 0.05408654
