0 0.27524038 0.32812500 0.01682692 0.01682692
0 0.29447115 0.34014423 0.02644231 0.04086538
0 0.30889423 0.32812500 0.03605769 0.01682692
0 0.32451923 0.38341346 0.00961538 0.05528846
0 0.18149038 0.37620192 0.02403846 0.03846154
0 0.26442308 0.42788462 0.02403846 0.03125000
0 0.25600962 0.61899038 0.02043269 0.02764423
0 0.31971154 0.88822115 0.01923077 0.04086538
0 0.27644231 0.94591346 0.01562500 0.03725962
0 0.31009615 0.78725962 0.02764423 0.05168269
0 0.28365385 0.69110577 0.03846154 0.06250000
0 0.25721154 0.58653846 0.03605769 0.05048077
0 0.18509615 0.76682692 0.03725962 0.04326923
0 0.16947115 0.80769231 0.04567308 0.05769231
0 0.19471154 0.74278846 0.03125000 0.04687500
0 0.17307692 0.60456731 0.02403846 0.04326923
0 0.12019231 0.60817308 0.02524038 0.03605769
0 0.07331731 0.59735577 0.03846154 0.04807692
0 0.17307692 0.64663462 0.03004808 0.03605769
0 0.08653846 0.64182692 0.02644231 0.03605769
