0 0.06370192 0.23918269 0.02644231 0.04206731
0 0.09735577 0.21875000 0.02103365 0.03425481
0 0.95793269 0.37019231 0.02043269 0.03365385
0 0.88701923 0.39783654 0.03245192 0.03725962
0 0.69350962 0.34375000 0.03365385 0.05288462
0 0.76081731 0.31250000 0.02524038 0.04206731
0 0.84615385 0.27283654 0.02163462 0.04086538
0 0.99399038 0.05649038 0.01201923 0.04086538
0 0.79326923 0.34254808 0.02644231 0.03365385
0 0.81009615 0.34855769 0.00961538 0.03365385
0 0.82331731 0.35456731 0.01562500 0.03725962
