0 0.23076923 0.32572115 0.02463942 0.04326923
0 0.23076923 0.83653846 0.03906250 0.07151442
0 0.22115385 0.65985577 0.02524038 0.03846154
0 0.19110577 0.65865385 0.01562500 0.03245192
0 0.26442308 0.62139423 0.02644231 0.05408654
0 0.22716346 0.56610577 0.02283654 0.03485577
0 0.11057692 0.48677885 0.02764423 0.04326923
0 0.18509615 0.52163462 0.02764423 0.05168269
0 0.13822115 0.48076923 0.03125000 0.04326923
0 0.16826923 0.45192308 0.02283654 0.03966346
0 0.31009615 0.41706731 0.02043269 0.03846154
0 0.30769231 0.49399038 0.02283654 0.03966346
0 0.28245192 0.47596154 0.03125000 0.05168269
0 0.25721154 0.53004808 0.01923077 0.03846154
0 0.28004808 0.54927885 0.01682692 0.03605769
0 0.37019231 0.56610577 0.03004808 0.04567308
0 0.32932692 0.58653846 0.04206731 0.07451923
0 0.37500000 0.63221154 0.02283654 0.04687500
0 0.40024038 0.44951923 0.02043269 0.03004808
0 0.38942308 0.41826923 0.02283654 0.03245192
0 0.39903846 0.51562500 0.02403846 0.03846154
0 0.39903846 0.62019231 0.02644231 0.03966346
0 0.38341346 0.57932692 0.02283654 0.02283654
0 0.45913462 0.42548077 0.02043269 0.03485577
0 0.35336538 0.37139423 0.02403846 0.02644231
