0 0.50600962 0.51201923 0.02644231 0.03365385
0 0.35216346 0.49399038 0.03365385 0.05588942
0 0.35817308 0.53245192 0.01923077 0.00721154
0 0.26201923 0.56009615 0.01802885 0.03365385
0 0.23557692 0.54447115 0.02403846 0.03125000
0 0.19350962 0.53485577 0.01682692 0.01201923
0 0.20793269 0.63341346 0.04206731 0.08653846
0 0.11177885 0.60096154 0.02524038 0.03365385
0 0.37259615 0.63341346 0.02524038 0.04206731
0 0.28004808 0.73557692 0.02524038 0.03365385
0 0.21875000 0.86658654 0.03004808 0.04447115
0 0.07692308 0.96274038 0.02524038 0.04447115
0 0.23918269 0.98557692 0.02163462 0.02884615
0 0.27764423 0.89903846 0.03245192 0.07932692
0 0.38942308 0.88100962 0.03245192 0.05769231
0 0.42067308 0.91225962 0.02403846 0.03365385
0 0.51442308 0.87019231 0.03846154 0.04687500
0 0.42668269 0.93990385 0.02524038 0.05889423
0 0.49759615 0.92548077 0.02884615 0.03725962
