0 0.58774038 0.85937500 0.04086538 0.05829327
0 0.60336538 0.90264423 0.02644231 0.05528846
0 0.55288462 0.88822115 0.00961538 0.04567308
0 0.67908654 0.67668269 0.02283654 0.03365385
0 0.66947115 0.89062500 0.04447115 0.07932692
0 0.69350962 0.77524038 0.01682692 0.04206731
0 0.73317308 0.58774038 0.03846154 0.01682692
0 0.70192308 0.61538462 0.01442308 0.03365385
0 0.71033654 0.61778846 0.02283654 0.03485577
0 0.67788462 0.83533654 0.02524038 0.06370192
0 0.63461538 0.61177885 0.01802885 0.03846154
0 0.61899038 0.79567308 0.03004808 0.05528846
