0 0.80889423 0.08173077 0.02764423 0.03966346
0 0.66586538 0.17908654 0.02403846 0.04206731
0 0.48677885 0.22235577 0.02043269 0.02524038
0 0.47475962 0.23677885 0.01923077 0.03725962
0 0.65024038 0.26081731 0.01923077 0.03485577
0 0.67788462 0.25360577 0.03725962 0.04927885
0 0.79206731 0.40144231 0.02043269 0.04206731
0 0.82211538 0.44951923 0.01923077 0.01923077
0 0.82091346 0.27764423 0.04447115 0.05288462
0 0.82932692 0.20673077 0.02043269 0.05168269
0 0.86298077 0.12139423 0.03004808 0.07572115
0 0.94350962 0.24639423 0.02043269 0.02884615
0 0.96754808 0.28485577 0.03245192 0.03725962
0 0.97115385 0.24879808 0.02283654 0.03245192
0 0.97355769 0.10216346 0.03004808 0.05408654
0 0.98918269 0.12620192 0.02163462 0.03605769
0 0.00721154 0.88701923 0.01442308 0.05288462
0 0.00360577 0.84014423 0.00721154 0.03605769
0 0.07692308 0.72716346 0.01802885 0.03245192
0 0.05769231 0.77283654 0.02043269 0.03485577
0 0.04206731 0.77403846 0.02524038 0.03966346
0 0.01923077 0.81850962 0.01802885 0.05168269
0 0.03365385 0.79206731 0.01322115 0.02764423
0 0.10216346 0.83293269 0.02764423 0.04206731
0 0.06370192 0.86778846 0.03725962 0.06971154
0 0.11418269 0.87860577 0.02043269 0.08413462
0 0.12740385 0.71875000 0.01802885 0.02524038
0 0.12620192 0.69951923 0.02043269 0.03245192
0 0.12500000 0.82331731 0.01923077 0.03004808
0 0.12860577 0.89903846 0.02403846 0.03725962
0 0.09615385 0.94591346 0.02403846 0.03245192
0 0.18870192 0.70432692 0.01923077 0.03245192
0 0.09735577 0.64663462 0.03725962 0.03846154
0 0.32331731 0.75600962 0.03245192 0.03846154
0 0.40024038 0.62019231 0.02524038 0.03966346
0 0.11418269 0.59134615 0.02283654 0.05288462
0 0.30528846 0.58413462 0.01923077 0.03485577
0 0.37379808 0.64783654 0.02524038 0.03725962
0 0.35576923 0.65865385 0.02403846 0.03846154
0 0.34254808 0.83653846 0.01322115 0.03245192
0 0.32572115 0.83894231 0.02043269 0.04206731
0 0.31129808 0.84495192 0.01562500 0.04326923
0 0.29567308 0.84615385 0.02043269 0.03725962
0 0.68990385 0.86418269 0.03725962 0.06069712
0 0.68870192 0.70072115 0.02704327 0.04026442
0 0.66947115 0.72596154 0.01322115 0.02884615
0 0.69591346 0.69951923 0.02403846 0.05288462
0 0.68750000 0.61057692 0.01802885 0.02764423
0 0.56129808 0.58052885 0.02403846 0.03485577
0 0.63341346 0.60576923 0.02524038 0.04807692
0 0.59134615 0.57091346 0.02403846 0.03245192
0 0.60937500 0.52884615 0.02043269 0.04206731
0 0.76562500 0.53725962 0.01802885 0.03245192
0 0.75000000 0.58413462 0.02043269 0.03485577
0 0.73076923 0.58774038 0.02524038 0.04206731
0 0.71033654 0.62860577 0.01802885 0.05168269
0 0.71995192 0.63221154 0.01322115 0.02764423
0 0.79447115 0.64062500 0.02764423 0.04206731
0 0.75721154 0.67548077 0.03725962 0.06971154
0 0.80769231 0.68750000 0.02043269 0.08413462
0 0.82091346 0.52884615 0.01923077 0.02764423
0 0.81850962 0.51562500 0.02043269 0.03245192
0 0.81850962 0.62139423 0.01923077 0.03004808
0 0.82091346 0.70913462 0.02403846 0.03725962
0 0.78846154 0.75721154 0.02403846 0.03245192
0 0.88341346 0.50961538 0.01923077 0.03245192
0 0.78846154 0.46875000 0.03846154 0.01923077
0 0.99759615 0.64783654 0.00480769 0.04086538
0 0.99038462 0.65625000 0.01923077 0.04206731
0 0.81129808 0.95312500 0.02043269 0.03485577
0 0.79927885 0.98798077 0.01682692 0.02403846
