0 0.76562500 0.10697115 0.04627404 0.04026442
0 0.64062500 0.43870192 0.04326923 0.06009615
0 0.65504808 0.49278846 0.02163462 0.04447115
0 0.72355769 0.51322115 0.03125000 0.04567308
0 0.66706731 0.18269231 0.02884615 0.06370192
0 0.82451923 0.38221154 0.01562500 0.03605769
0 0.78725962 0.41466346 0.01682692 0.03004808
0 0.82331731 0.18269231 0.03125000 0.05408654
0 0.88341346 0.28004808 0.03485577 0.06490385
0 0.80288462 0.27644231 0.01081731 0.02524038
0 0.74759615 0.09375000 0.02524038 0.03004808
0 0.83653846 0.33894231 0.03125000 0.06971154
0 0.71274038 0.15985577 0.01923077 0.03846154
0 0.86298077 0.03245192 0.01562500 0.03846154
0 0.81370192 0.01802885 0.02644231 0.03605769
0 0.68149038 0.08653846 0.02043269 0.02884615
0 0.72716346 0.30168269 0.02884615 0.05168269
0 0.74639423 0.40144231 0.03485577 0.03966346
0 0.78605769 0.45192308 0.02524038 0.04687500
0 0.82692308 0.07331731 0.03004808 0.04326923
0 0.62620192 0.00480769 0.02163462 0.00961538
0 0.55048077 0.12500000 0.02043269 0.04567308
0 0.57692308 0.16706731 0.02644231 0.02884615
0 0.58894231 0.14182692 0.02884615 0.04326923
0 0.06610577 0.69110577 0.03545673 0.05468750
0 0.06370192 0.74399038 0.02524038 0.05168269
0 0.12980769 0.86899038 0.04086538 0.04326923
0 0.03125000 0.74879808 0.02403846 0.04086538
0 0.16947115 0.69110577 0.02884615 0.03966346
0 0.17788462 0.61899038 0.02524038 0.04326923
0 0.10216346 0.63100962 0.04326923 0.07331731
0 0.16225962 0.63341346 0.02163462 0.03605769
0 0.59975962 0.60697115 0.03125000 0.04987981
0 0.62980769 0.63701923 0.02524038 0.05168269
0 0.64302885 0.77764423 0.02884615 0.03125000
0 0.56250000 0.59254808 0.02884615 0.02644231
0 0.67548077 0.60576923 0.02884615 0.05288462
0 0.66225962 0.66466346 0.03846154 0.07331731
