0 0.40865385 0.36057692 0.02884615 0.05769231
0 0.05288462 0.73317308 0.02283654 0.05288462
0 0.09975962 0.71754808 0.03004808 0.03605769
0 0.30048077 0.67788462 0.03365385 0.05168269
0 0.23798077 0.65985577 0.02524038 0.04086538
0 0.16346154 0.63221154 0.01923077 0.03605769
0 0.01201923 0.42908654 0.02283654 0.04086538
0 0.19951923 0.69110577 0.03004808 0.03605769
0 0.18028846 0.69591346 0.01322115 0.02884615
0 0.17307692 0.70192308 0.01322115 0.03245192
0 0.18509615 0.87019231 0.00961538 0.02884615
0 0.17187500 0.86778846 0.01562500 0.03846154
0 0.15745192 0.87620192 0.01442308 0.04206731
0 0.14062500 0.88100962 0.02283654 0.03725962
0 0.95552885 0.67067308 0.03425481 0.05048077
