0 0.45673077 0.81730769 0.01923077 0.03125000
0 0.86778846 0.98317308 0.02884615 0.03365385
0 0.99759615 0.98076923 0.00480769 0.02884615
0 0.94711538 0.86538462 0.02644231 0.03365385
0 0.91826923 0.98076923 0.02403846 0.03846154
0 0.71514423 0.70913462 0.02644231 0.01923077
0 0.87620192 0.84975962 0.02884615 0.03485577
0 0.81009615 0.73197115 0.02524038 0.03365385
0 0.75240385 0.88581731 0.02403846 0.05528846
0 0.79807692 0.91826923 0.02043269 0.03004808
0 0.84615385 0.95432692 0.03004808 0.04807692
