0 0.98677885 0.87139423 0.02644231 0.06490385
0 0.99158654 0.70072115 0.01682692 0.03605769
0 0.99759615 0.66346154 0.00480769 0.02884615
0 0.97596154 0.63341346 0.02043269 0.04326923
0 0.96514423 0.58774038 0.02403846 0.03605769
0 0.90865385 0.52524038 0.01923077 0.01201923
0 0.81971154 0.53004808 0.02403846 0.02163462
0 0.74639423 0.62620192 0.01802885 0.03846154
0 0.73437500 0.52524038 0.02163462 0.01201923
0 0.72355769 0.57812500 0.01923077 0.03004808
0 0.76442308 0.52884615 0.02884615 0.01923077
0 0.78245192 0.63100962 0.02283654 0.03004808
0 0.78485577 0.67668269 0.02403846 0.03605769
0 0.95192308 0.93028846 0.02524038 0.03365385
