0 0.03125000 0.49278846 0.01923077 0.00961538
0 0.03245192 0.54206731 0.02704327 0.02884615
0 0.08894231 0.50360577 0.02884615 0.03125000
0 0.48317308 0.50120192 0.02403846 0.02644231
0 0.47355769 0.65985577 0.03125000 0.04447115
0 0.31250000 0.77163462 0.02884615 0.04807692
0 0.06610577 0.81009615 0.02403846 0.02884615
0 0.05649038 0.83653846 0.02524038 0.04807692
0 0.24399038 0.85216346 0.02283654 0.04326923
0 0.28846154 0.86298077 0.03966346 0.05649038
0 0.41466346 0.98557692 0.02163462 0.02884615
0 0.43509615 0.87860577 0.03125000 0.05649038
0 0.45312500 0.78365385 0.04086538 0.06490385
0 0.48798077 0.68149038 0.02884615 0.06850962
0 0.56370192 0.83774038 0.02403846 0.03485577
0 0.59975962 0.90745192 0.03245192 0.03725962
0 0.59134615 0.84254808 0.02524038 0.03725962
0 0.59495192 0.68269231 0.02524038 0.04807692
0 0.60456731 0.73918269 0.02644231 0.07451923
0 0.64423077 0.78725962 0.01923077 0.04326923
0 0.63822115 0.86177885 0.02764423 0.03966346
0 0.67307692 0.96033654 0.02764423 0.04447115
0 0.67307692 0.80168269 0.02403846 0.04326923
0 0.67548077 0.72475962 0.03485577 0.04807692
0 0.69230769 0.80889423 0.01923077 0.03966346
0 0.65144231 0.77524038 0.01923077 0.04447115
0 0.69831731 0.78485577 0.02403846 0.03725962
0 0.65024038 0.96754808 0.02283654 0.03725962
0 0.89663462 0.72235577 0.02884615 0.06129808
0 0.68870192 0.67668269 0.02764423 0.04687500
0 0.68990385 0.57331731 0.01923077 0.04447115
0 0.62500000 0.55288462 0.01442308 0.03846154
0 0.64783654 0.49519231 0.01682692 0.01442308
