0 0.24879808 0.39182692 0.01862981 0.04206731
0 0.62860577 0.03365385 0.02043269 0.03004808
0 0.73076923 0.06129808 0.01802885 0.03605769
0 0.69110577 0.01923077 0.02163462 0.03846154
0 0.74158654 0.01562500 0.02163462 0.03125000
0 0.75000000 0.03846154 0.02524038 0.04927885
0 0.78966346 0.02524038 0.01682692 0.05048077
0 0.79206731 0.01442308 0.03605769 0.02884615
0 0.79086538 0.12620192 0.03004808 0.06730769
0 0.87740385 0.09254808 0.02644231 0.03725962
0 0.62019231 0.13221154 0.02524038 0.04206731
0 0.71394231 0.21754808 0.02524038 0.03365385
0 0.76442308 0.36057692 0.02644231 0.03846154
0 0.90144231 0.46514423 0.02524038 0.04567308
0 0.75000000 0.49038462 0.02403846 0.03846154
0 0.71394231 0.39423077 0.02884615 0.06730769
0 0.60216346 0.37740385 0.03365385 0.05889423
0 0.56009615 0.40865385 0.02403846 0.03365385
0 0.48076923 0.37379808 0.04086538 0.05048077
0 0.56610577 0.42788462 0.02644231 0.06250000
0 0.49639423 0.42187500 0.02884615 0.03846154
0 0.32451923 0.18149038 0.04567308 0.09134615
0 0.00961538 0.70552885 0.01923077 0.05048077
0 0.25961538 0.74038462 0.01923077 0.03365385
0 0.26562500 0.75841346 0.00721154 0.04567308
0 0.08774038 0.78846154 0.02163462 0.04206731
0 0.03846154 0.80769231 0.03725962 0.05048077
