0 0.98076923 0.03966346 0.01562500 0.03185096
0 0.96754808 0.08293269 0.02283654 0.02704327
0 0.91826923 0.04807692 0.02644231 0.04326923
0 0.53846154 0.04927885 0.02524038 0.03245192
0 0.58173077 0.19230769 0.02644231 0.03846154
0 0.71875000 0.29927885 0.02524038 0.04447115
0 0.93750000 0.34134615 0.02163462 0.02644231
0 0.94831731 0.36177885 0.02163462 0.04086538
0 0.76682692 0.38221154 0.02163462 0.03846154
0 0.73197115 0.38822115 0.03846154 0.05408654
0 0.60937500 0.51802885 0.01923077 0.03846154
0 0.58533654 0.40264423 0.03125000 0.05649038
0 0.57451923 0.32572115 0.02283654 0.05408654
0 0.53846154 0.22596154 0.02764423 0.06730769
0 0.46153846 0.36658654 0.02283654 0.03245192
0 0.44350962 0.35937500 0.00721154 0.03605769
0 0.40504808 0.59375000 0.02524038 0.04086538
0 0.41586538 0.98437500 0.02403846 0.03125000
0 0.38822115 0.98197115 0.02644231 0.03605769
0 0.38701923 0.83894231 0.02524038 0.04326923
0 0.33653846 0.86418269 0.02163462 0.03245192
0 0.27403846 0.82692308 0.03846154 0.04567308
0 0.37139423 0.89182692 0.03125000 0.06971154
0 0.29086538 0.86899038 0.02764423 0.03846154
0 0.11298077 0.64783654 0.04447115 0.08894231
0 0.47596154 0.98076923 0.02884615 0.03004808
