0 0.29206731 0.05769231 0.05288462 0.11478365
0 0.92307692 0.50360577 0.02884615 0.01201923
0 0.76322115 0.21514423 0.01322115 0.02283654
0 0.75120192 0.21033654 0.01682692 0.03125000
0 0.56129808 0.37860577 0.00721154 0.01682692
0 0.56009615 0.39182692 0.00480769 0.02884615
0 0.88341346 0.33653846 0.02043269 0.03485577
0 0.94110577 0.41105769 0.01562500 0.03485577
0 0.95072115 0.42908654 0.01201923 0.02283654
0 0.94951923 0.25600962 0.01923077 0.02884615
0 0.94230769 0.28725962 0.01923077 0.03245192
0 0.93509615 0.33894231 0.02283654 0.03966346
0 0.94110577 0.44831731 0.01562500 0.03125000
0 0.94711538 0.47355769 0.01322115 0.02524038
0 0.95673077 0.48197115 0.01682692 0.02884615
0 0.91947115 0.45673077 0.01682692 0.02884615
0 0.50120192 0.94350962 0.01322115 0.02283654
0 0.48918269 0.93870192 0.01682692 0.03125000
0 0.78125000 0.73557692 0.05228365 0.04326923
0 0.67307692 0.81850962 0.03125000 0.06850962
0 0.84254808 0.81850962 0.03485577 0.05889423
0 0.90865385 0.92548077 0.03725962 0.07091346
0 0.82091346 0.92067308 0.01201923 0.02764423
0 0.76081731 0.72235577 0.02764423 0.03245192
0 0.85697115 0.97475962 0.03605769 0.05048077
0 0.72235577 0.79326923 0.02043269 0.04086538
0 0.88581731 0.65625000 0.01682692 0.04086538
0 0.83413462 0.63701923 0.02764423 0.04687500
0 0.68750000 0.53245192 0.03846154 0.04567308
0 0.80408654 0.55769231 0.02524038 0.04086538
0 0.68870192 0.71514423 0.02283654 0.03125000
0 0.73798077 0.94711538 0.03125000 0.05649038
0 0.64663462 0.56250000 0.04447115 0.05288462
0 0.84735577 0.69951923 0.03245192 0.04687500
0 0.63100962 0.61658654 0.02283654 0.03245192
0 0.57572115 0.80288462 0.02884615 0.03125000
0 0.58894231 0.77524038 0.03125000 0.04687500
