0 0.19711538 0.37860577 0.03365385 0.05709135
0 0.06009615 0.02644231 0.02884615 0.02944712
0 0.07572115 0.40264423 0.03185096 0.04747596
0 0.46634615 0.14783654 0.03004808 0.04146635
0 0.43990385 0.06250000 0.03125000 0.03125000
0 0.18028846 0.60817308 0.01923077 0.01923077
0 0.12019231 0.66586538 0.03004808 0.06730769
0 0.03365385 0.63461538 0.02764423 0.03725962
0 0.29206731 0.67427885 0.02524038 0.04206731
0 0.19711538 0.76562500 0.02524038 0.03365385
0 0.14302885 0.90384615 0.02764423 0.03846154
0 0.00961538 0.99278846 0.01923077 0.01442308
0 0.19711538 0.93629808 0.02884615 0.06971154
0 0.30769231 0.92187500 0.03365385 0.05889423
0 0.34975962 0.95192308 0.02524038 0.03725962
0 0.43629808 0.91586538 0.04086538 0.05048077
0 0.34495192 0.97235577 0.02644231 0.05528846
0 0.41586538 0.96514423 0.02884615 0.03725962
