0 0.20793269 0.43990385 0.02283654 0.03004808
0 0.66346154 0.44831731 0.03365385 0.05889423
0 0.62740385 0.49278846 0.03846154 0.03365385
0 0.88942308 0.36778846 0.04086538 0.07091346
0 0.96995192 0.19831731 0.03004808 0.03725962
0 0.94230769 0.32812500 0.02764423 0.05408654
0 0.76322115 0.03966346 0.02524038 0.04687500
0 0.88822115 0.00841346 0.03605769 0.01682692
0 0.89423077 0.18990385 0.02524038 0.03605769
0 0.95913462 0.39302885 0.02524038 0.04927885
0 0.85697115 0.01201923 0.03605769 0.02403846
0 0.97956731 0.48918269 0.02644231 0.04086538
0 0.83173077 0.04447115 0.02524038 0.03725962
0 0.78004808 0.21634615 0.02524038 0.05769231
0 0.82692308 0.26682692 0.02163462 0.03365385
0 0.85937500 0.25240385 0.02163462 0.03605769
0 0.30649038 0.51682692 0.02163462 0.01442308
0 0.20192308 0.53966346 0.01923077 0.03365385
0 0.18269231 0.54447115 0.02884615 0.06971154
0 0.16947115 0.53725962 0.03725962 0.04206731
0 0.13341346 0.60937500 0.04447115 0.05889423
0 0.05649038 0.53966346 0.03004808 0.04206731
0 0.30408654 0.59855769 0.02524038 0.04447115
0 0.21394231 0.65144231 0.02524038 0.03605769
0 0.22355769 0.86298077 0.02163462 0.03004808
0 0.07932692 0.94711538 0.03004808 0.05408654
0 0.19471154 0.93990385 0.04206731 0.06730769
0 0.22596154 0.82692308 0.04206731 0.05649038
0 0.29086538 0.98557692 0.03365385 0.02884615
0 0.31250000 0.84615385 0.02764423 0.04927885
0 0.37139423 0.84855769 0.02764423 0.03846154
0 0.41947115 0.83653846 0.04567308 0.05649038
0 0.30889423 0.89182692 0.03004808 0.03725962
0 0.40625000 0.88581731 0.02884615 0.03725962
0 0.59495192 0.69230769 0.02644231 0.05288462
0 0.63942308 0.87860577 0.03004808 0.08653846
