0 0.31490385 0.58293269 0.02704327 0.04146635
0 0.17187500 0.56129808 0.03125000 0.05168269
0 0.49278846 0.01923077 0.02043269 0.03245192
0 0.73437500 0.09014423 0.01682692 0.02884615
0 0.64302885 0.12620192 0.01682692 0.03245192
0 0.67307692 0.08653846 0.01682692 0.04086538
0 0.63341346 0.07932692 0.01923077 0.03245192
0 0.62379808 0.10817308 0.02644231 0.05168269
0 0.58173077 0.08653846 0.01562500 0.04927885
0 0.58173077 0.06730769 0.03245192 0.05649038
0 0.59254808 0.19471154 0.03725962 0.07692308
0 0.50240385 0.17668269 0.02403846 0.03125000
0 0.74759615 0.19951923 0.02403846 0.04086538
0 0.66346154 0.30649038 0.02403846 0.03485577
0 0.60336538 0.41466346 0.02644231 0.03966346
0 0.47115385 0.50600962 0.00480769 0.04086538
0 0.48076923 0.57812500 0.02403846 0.05048077
0 0.61418269 0.60216346 0.04447115 0.05168269
0 0.62139423 0.53245192 0.01923077 0.04687500
0 0.65625000 0.45312500 0.03004808 0.07331731
0 0.73437500 0.57451923 0.01923077 0.02644231
0 0.75841346 0.61177885 0.03125000 0.03605769
0 0.76201923 0.57572115 0.02163462 0.03245192
0 0.76442308 0.43389423 0.03004808 0.05288462
0 0.78125000 0.46033654 0.02403846 0.03605769
0 0.87980769 0.41706731 0.02043269 0.03966346
0 0.81009615 0.48076923 0.02403846 0.05168269
0 0.87019231 0.47836538 0.02403846 0.03125000
0 0.21514423 0.97716346 0.02043269 0.04567308
0 0.24158654 0.84615385 0.02403846 0.04206731
