0 0.11418269 0.51201923 0.01622596 0.04387019
0 0.12980769 0.46754808 0.02704327 0.06129808
0 0.78245192 0.53125000 0.03125000 0.01442308
0 0.78485577 0.35336538 0.02283654 0.03245192
0 0.78966346 0.33653846 0.01322115 0.02884615
0 0.72596154 0.27163462 0.02043269 0.04447115
0 0.75240385 0.25000000 0.02043269 0.03245192
0 0.85096154 0.14302885 0.02524038 0.03846154
0 0.78485577 0.16586538 0.03485577 0.05168269
0 0.83293269 0.12860577 0.02403846 0.03485577
0 0.80528846 0.10456731 0.01802885 0.03365385
0 0.67548077 0.04807692 0.01923077 0.03485577
0 0.67668269 0.11778846 0.02043269 0.03725962
0 0.70913462 0.10336538 0.02764423 0.05769231
0 0.71875000 0.17187500 0.01802885 0.03485577
0 0.69951923 0.19711538 0.02043269 0.04206731
0 0.61658654 0.20192308 0.02403846 0.03846154
0 0.64783654 0.21875000 0.03846154 0.06971154
0 0.58533654 0.27764423 0.01923077 0.04206731
0 0.58774038 0.10336538 0.01923077 0.02524038
0 0.59495192 0.07572115 0.02043269 0.03245192
0 0.57091346 0.17187500 0.02283654 0.03485577
0 0.55408654 0.26562500 0.02283654 0.03245192
0 0.60096154 0.19230769 0.02283654 0.02283654
0 0.54086538 0.08653846 0.00480769 0.03365385
0 0.63221154 0.02764423 0.02043269 0.03846154
0 0.58173077 0.40865385 0.01923077 0.03245192
0 0.59134615 0.45192308 0.02283654 0.03004808
