0 0.00961538 0.98197115 0.01923077 0.03605769
0 0.16225962 0.96153846 0.02403846 0.04567308
0 0.13461538 0.96995192 0.02163462 0.03846154
0 0.06850962 0.98437500 0.02163462 0.03125000
0 0.12019231 0.97355769 0.01322115 0.02884615
0 0.12379808 0.98557692 0.02644231 0.02884615
0 0.19831731 0.90144231 0.02043269 0.02884615
0 0.19951923 0.89903846 0.02163462 0.03245192
0 0.26442308 0.90504808 0.02524038 0.06250000
0 0.16826923 0.82692308 0.03365385 0.04567308
0 0.26562500 0.89543269 0.04086538 0.04927885
0 0.45552885 0.90865385 0.03365385 0.04567308
0 0.19230769 0.80168269 0.02403846 0.05528846
0 0.35576923 0.87740385 0.02043269 0.03725962
0 0.22475962 0.70072115 0.02644231 0.04687500
0 0.09735577 0.99278846 0.01682692 0.01442308
0 0.31610577 0.93509615 0.01682692 0.03004808
0 0.33052885 0.92067308 0.02043269 0.03725962
0 0.34735577 0.91947115 0.01682692 0.04086538
0 0.35937500 0.90504808 0.02043269 0.03846154
0 0.51322115 0.86177885 0.03966346 0.06370192
0 0.49759615 0.75480769 0.03004808 0.04567308
0 0.51562500 0.70913462 0.02884615 0.06129808
0 0.50600962 0.65625000 0.02043269 0.03846154
0 0.58774038 0.54206731 0.01802885 0.03365385
0 0.56730769 0.58413462 0.02163462 0.03725962
0 0.52644231 0.63581731 0.02043269 0.05528846
0 0.55408654 0.60697115 0.01322115 0.02644231
0 0.59975962 0.63581731 0.02524038 0.03846154
0 0.56850962 0.68629808 0.03846154 0.07211538
0 0.62259615 0.69951923 0.02524038 0.09855769
0 0.63942308 0.52644231 0.01802885 0.02644231
0 0.64062500 0.50120192 0.02163462 0.02644231
0 0.63822115 0.65745192 0.01802885 0.04687500
0 0.63461538 0.72836538 0.02884615 0.04567308
0 0.59855769 0.76802885 0.02524038 0.03365385
0 0.71033654 0.50480769 0.02163462 0.03365385
0 0.80889423 0.54447115 0.03004808 0.03605769
0 0.49759615 0.69471154 0.01682692 0.04206731
0 0.85576923 0.65384615 0.01201923 0.02884615
0 0.84134615 0.66105769 0.02403846 0.03725962
0 0.82692308 0.66466346 0.01682692 0.03846154
0 0.81009615 0.67187500 0.02403846 0.03365385
0 0.62379808 0.98437500 0.02163462 0.03125000
