0 0.58774038 0.40144231 0.02163462 0.03846154
0 0.54687500 0.39423077 0.04326923 0.09735577
0 0.47235577 0.35817308 0.03485577 0.05168269
0 0.36658654 0.50721154 0.02043269 0.03245192
0 0.46634615 0.53004808 0.01923077 0.03605769
0 0.42067308 0.48076923 0.02283654 0.04807692
0 0.47836538 0.47836538 0.02524038 0.04687500
0 0.47475962 0.51201923 0.02524038 0.05168269
0 0.52403846 0.51322115 0.03605769 0.04086538
0 0.52644231 0.47235577 0.03605769 0.06129808
0 0.52524038 0.60216346 0.03125000 0.07091346
0 0.35576923 0.60456731 0.02524038 0.04326923
0 0.44591346 0.67548077 0.02524038 0.03485577
0 0.47235577 0.83653846 0.02884615 0.04326923
0 0.47956731 0.96274038 0.02403846 0.05649038
0 0.44471154 0.85817308 0.02884615 0.07091346
0 0.33653846 0.99519231 0.02403846 0.00961538
0 0.33653846 0.86057692 0.02524038 0.04447115
0 0.28365385 0.88581731 0.02283654 0.03485577
0 0.21875000 0.84855769 0.03966346 0.04807692
0 0.31971154 0.91466346 0.03245192 0.07211538
0 0.23557692 0.89182692 0.02884615 0.03966346
0 0.05168269 0.66225962 0.04687500 0.09254808
