0 0.26802885 0.36418269 0.02644231 0.03125000
0 0.73918269 0.36177885 0.06971154 0.03605769
0 0.14302885 0.38581731 0.02644231 0.01201923
0 0.20312500 0.41706731 0.02163462 0.05048077
0 0.98317308 0.73197115 0.03365385 0.06490385
0 0.81009615 0.58293269 0.03365385 0.05889423
0 0.75841346 0.69350962 0.04687500 0.06850962
0 0.74759615 0.38942308 0.01442308 0.01923077
0 0.66225962 0.39423077 0.02644231 0.02884615
0 0.89903846 0.42668269 0.02043269 0.04567308
0 0.92908654 0.46033654 0.02644231 0.02884615
0 0.96875000 0.44951923 0.03004808 0.04687500
