0 0.09375000 0.42427885 0.03545673 0.02884615
0 0.19711538 0.70432692 0.03966346 0.06250000
0 0.42427885 0.62860577 0.00721154 0.06009615
0 0.16826923 0.71995192 0.02403846 0.04807692
0 0.13100962 0.83173077 0.03966346 0.04326923
0 0.20552885 0.56370192 0.04086538 0.03125000
0 0.07331731 0.56490385 0.03605769 0.03365385
0 0.06610577 0.62860577 0.02283654 0.03966346
0 0.04687500 0.55408654 0.03125000 0.01201923
0 0.13581731 0.56971154 0.02644231 0.04326923
0 0.10697115 0.67187500 0.02644231 0.04807692
0 0.09975962 0.73437500 0.04567308 0.07451923
0 0.78846154 0.77764423 0.04687500 0.06370192
0 0.70072115 0.72115385 0.02644231 0.04807692
0 0.74278846 0.91586538 0.03004808 0.05408654
0 0.65504808 0.75360577 0.02764423 0.04807692
0 0.73798077 0.85697115 0.03125000 0.04807692
0 0.70793269 0.99278846 0.03125000 0.01442308
0 0.67427885 0.70673077 0.02764423 0.05048077
0 0.58894231 0.80288462 0.03125000 0.06610577
0 0.74639423 0.59134615 0.03125000 0.03966346
0 0.44471154 0.94951923 0.02764423 0.04567308
0 0.44951923 0.65985577 0.02043269 0.04567308
0 0.68028846 0.66346154 0.02283654 0.03966346
