0 0.40504808 0.69711538 0.02343750 0.02584135
0 0.60216346 0.48677885 0.02043269 0.03125000
0 0.51081731 0.50480769 0.01682692 0.03245192
0 0.55048077 0.46033654 0.02043269 0.04447115
0 0.49639423 0.45793269 0.02043269 0.03725962
0 0.50120192 0.48798077 0.02403846 0.04687500
0 0.46153846 0.48918269 0.02403846 0.04086538
0 0.46033654 0.45192308 0.02163462 0.05769231
0 0.45793269 0.57331731 0.01682692 0.06490385
0 0.60817308 0.56971154 0.02403846 0.03966346
0 0.52163462 0.63100962 0.02403846 0.03125000
0 0.52043269 0.78365385 0.03004808 0.04447115
0 0.47596154 0.97836538 0.02884615 0.04326923
0 0.49759615 0.89062500 0.03966346 0.06250000
0 0.52644231 0.79567308 0.02644231 0.06490385
0 0.59735577 0.94471154 0.02163462 0.03125000
0 0.62620192 0.99519231 0.03125000 0.00961538
0 0.62139423 0.94951923 0.02403846 0.03485577
0 0.62379808 0.80288462 0.02403846 0.04447115
0 0.67427885 0.81971154 0.02163462 0.03245192
0 0.72596154 0.79206731 0.04086538 0.04927885
0 0.63461538 0.85576923 0.03125000 0.06971154
0 0.71274038 0.83413462 0.02644231 0.03605769
0 0.88701923 0.62620192 0.03605769 0.07572115
