0 0.39663462 0.48677885 0.02824519 0.02584135
0 0.64903846 0.46033654 0.03245192 0.03365385
0 0.63822115 0.40745192 0.01562500 0.02524038
0 0.78605769 0.40504808 0.02764423 0.02884615
0 0.26442308 0.73076923 0.03725962 0.05769231
0 0.01682692 0.74879808 0.03245192 0.05889423
0 0.05769231 0.83173077 0.03004808 0.04447115
0 0.26201923 0.78365385 0.02764423 0.05649038
0 0.32932692 0.91947115 0.04206731 0.04206731
0 0.22596154 0.78966346 0.02524038 0.04447115
0 0.37620192 0.72716346 0.03004808 0.04206731
0 0.38461538 0.65144231 0.02764423 0.04567308
0 0.30168269 0.66466346 0.04567308 0.07812500
0 0.36778846 0.66586538 0.02403846 0.03846154
0 0.78605769 0.70312500 0.03365385 0.05288462
0 0.52524038 0.68028846 0.03004808 0.05408654
0 0.50120192 0.76322115 0.02644231 0.04567308
0 0.81490385 0.72596154 0.02524038 0.05288462
0 0.82932692 0.88461538 0.03004808 0.03365385
0 0.75000000 0.66586538 0.03245192 0.05649038
0 0.89663462 0.63221154 0.01322115 0.03605769
0 0.80649038 0.62740385 0.02644231 0.03846154
0 0.86057692 0.69471154 0.03004808 0.06490385
0 0.84134615 0.75480769 0.03365385 0.05649038
