0 0.04086538 0.30889423 0.03305288 0.02704327
0 0.57211538 0.01562500 0.01923077 0.03125000
0 0.70793269 0.32211538 0.03605769 0.01442308
0 0.95192308 0.30889423 0.02884615 0.04086538
0 0.73076923 0.24399038 0.03485577 0.05889423
0 0.59855769 0.18149038 0.03485577 0.06730769
0 0.59254808 0.28605769 0.02283654 0.04086538
0 0.59615385 0.02644231 0.02644231 0.04567308
0 0.53605769 0.12379808 0.03725962 0.06730769
0 0.59615385 0.11177885 0.01682692 0.03245192
0 0.63581731 0.03846154 0.03004808 0.03605769
0 0.57091346 0.16586538 0.02644231 0.04927885
0 0.66586538 0.13822115 0.02403846 0.04927885
0 0.76682692 0.07932692 0.02163462 0.03966346
0 0.78605769 0.08774038 0.02163462 0.05408654
0 0.72956731 0.03245192 0.02403846 0.03245192
0 0.67427885 0.24639423 0.02644231 0.04567308
0 0.63942308 0.32091346 0.02403846 0.01682692
0 0.81370192 0.06009615 0.02644231 0.04927885
