0 0.47355769 0.20432692 0.03846154 0.05949519
0 0.58413462 0.05408654 0.02524038 0.03365385
0 0.57331731 0.21394231 0.03125000 0.04447115
0 0.53966346 0.43028846 0.02163462 0.05769231
0 0.55288462 0.33653846 0.04086538 0.06490385
0 0.58653846 0.23557692 0.02884615 0.06850962
0 0.66225962 0.39062500 0.02403846 0.03365385
0 0.69711538 0.45432692 0.03365385 0.02884615
0 0.68990385 0.39543269 0.02524038 0.03725962
0 0.69350962 0.23677885 0.02524038 0.04807692
0 0.74639423 0.26322115 0.02403846 0.03605769
0 0.81129808 0.22956731 0.04086538 0.05168269
0 0.70913462 0.29326923 0.03365385 0.07451923
0 0.79086538 0.26923077 0.02884615 0.03966346
0 0.97956731 0.05288462 0.04086538 0.08173077
0 0.19230769 0.67548077 0.05588942 0.04747596
0 0.08052885 0.75721154 0.03125000 0.06490385
0 0.24879808 0.95793269 0.01682692 0.03966346
0 0.20913462 0.99038462 0.01923077 0.01923077
0 0.25000000 0.74759615 0.03245192 0.05408654
0 0.31490385 0.85336538 0.05168269 0.09254808
0 0.22115385 0.84855769 0.01201923 0.02524038
0 0.16586538 0.66225962 0.02524038 0.03125000
0 0.26442308 0.90745192 0.03365385 0.07331731
0 0.13341346 0.73437500 0.02043269 0.04086538
0 0.28725962 0.58774038 0.01682692 0.04086538
0 0.24158654 0.57572115 0.02764423 0.04567308
0 0.09495192 0.47956731 0.03605769 0.02163462
0 0.21274038 0.49639423 0.02403846 0.03966346
0 0.09615385 0.65024038 0.02403846 0.03125000
0 0.15024038 0.88461538 0.03125000 0.05649038
0 0.05408654 0.50240385 0.04206731 0.05288462
0 0.16947115 0.98437500 0.03605769 0.03125000
0 0.25841346 0.62980769 0.03125000 0.04206731
0 0.03365385 0.55048077 0.02163462 0.03245192
0 0.00961538 0.71514423 0.01923077 0.04567308
0 0.74759615 0.73557692 0.02163462 0.04387019
0 0.64903846 0.96514423 0.03966346 0.06129808
0 0.74519231 0.80769231 0.02524038 0.03725962
0 0.76442308 0.98437500 0.02884615 0.03125000
0 0.77884615 0.89663462 0.02764423 0.04567308
0 0.78004808 0.74038462 0.02403846 0.04206731
0 0.78125000 0.67067308 0.03245192 0.04447115
0 0.79807692 0.75721154 0.01923077 0.03605769
0 0.75721154 0.72355769 0.01923077 0.04447115
0 0.80649038 0.72956731 0.02403846 0.03605769
0 0.69110577 0.90504808 0.04567308 0.07812500
0 0.75841346 0.91586538 0.02163462 0.03725962
0 0.99158654 0.67908654 0.01682692 0.05528846
0 0.70552885 0.71274038 0.02403846 0.04807692
0 0.80288462 0.62620192 0.02884615 0.04807692
0 0.62860577 0.69951923 0.01682692 0.04206731
0 0.58052885 0.63581731 0.03125000 0.03966346
0 0.69110577 0.53605769 0.02163462 0.04206731
0 0.79927885 0.52764423 0.01923077 0.04447115
0 0.73557692 0.50961538 0.02163462 0.03966346
0 0.54206731 0.49759615 0.02644231 0.05769231
0 0.60937500 0.66225962 0.02163462 0.05168269
0 0.60336538 0.47355769 0.02403846 0.00961538
0 0.63581731 0.65865385 0.02764423 0.03365385
