0 0.23437500 0.42668269 0.06009615 0.12259615
0 0.99278846 0.13461538 0.01442308 0.04326923
0 0.89423077 0.33173077 0.03605769 0.05649038
0 0.53605769 0.35336538 0.02644231 0.03245192
0 0.52644231 0.36177885 0.01442308 0.05528846
0 0.68149038 0.37980769 0.03004808 0.05168269
0 0.73557692 0.43870192 0.02884615 0.04086538
0 0.90865385 0.41947115 0.02524038 0.05168269
0 0.87620192 0.40264423 0.02403846 0.04206731
0 0.98918269 0.20072115 0.02163462 0.03605769
0 0.99519231 0.35576923 0.00961538 0.03846154
0 0.94230769 0.28245192 0.04206731 0.07211538
0 0.99519231 0.29687500 0.00961538 0.03605769
0 0.95432692 0.10456731 0.02403846 0.04567308
0 0.89062500 0.05649038 0.02043269 0.03485577
0 0.55649038 0.01682692 0.02644231 0.03365385
0 0.88581731 0.10216346 0.01682692 0.05649038
0 0.84615385 0.03245192 0.03245192 0.05649038
0 0.56610577 0.00721154 0.02644231 0.01442308
0 0.87139423 0.05408654 0.02043269 0.04447115
0 0.38221154 0.88701923 0.01622596 0.04266827
0 0.92067308 0.50600962 0.01562500 0.03605769
0 0.82692308 0.78605769 0.03605769 0.05649038
0 0.59375000 0.79326923 0.02884615 0.05048077
0 0.60697115 0.89062500 0.02884615 0.04086538
0 0.83894231 0.82812500 0.02524038 0.05168269
0 0.87740385 0.95432692 0.03966346 0.03966346
0 0.78485577 0.82451923 0.02524038 0.04206731
0 0.91225962 0.61899038 0.02163462 0.03125000
0 0.90985577 0.81370192 0.03725962 0.07572115
0 0.93028846 0.70673077 0.01562500 0.04086538
0 0.91947115 0.50000000 0.02163462 0.02403846
0 0.96274038 0.50841346 0.03605769 0.04086538
0 0.93629808 0.55889423 0.01923077 0.03725962
0 0.90625000 0.49879808 0.01442308 0.02163462
0 0.94711538 0.56129808 0.02163462 0.03485577
0 0.91586538 0.75841346 0.02403846 0.06009615
0 0.87259615 0.55649038 0.01923077 0.03725962
0 0.78485577 0.55168269 0.01682692 0.04086538
0 0.73798077 0.50360577 0.02884615 0.03125000
0 0.76562500 0.52403846 0.01682692 0.03725962
0 0.85336538 0.72956731 0.02884615 0.05168269
