0 0.44831731 0.09855769 0.01923077 0.03004808
0 0.71634615 0.18750000 0.02163462 0.04387019
0 0.87139423 0.45673077 0.03125000 0.02403846
0 0.74038462 0.36177885 0.02644231 0.04927885
0 0.72956731 0.45192308 0.02163462 0.03365385
0 0.73197115 0.18990385 0.02283654 0.03966346
0 0.66826923 0.29086538 0.03245192 0.05769231
0 0.73197115 0.29447115 0.01682692 0.03245192
0 0.77283654 0.21875000 0.01322115 0.03245192
0 0.71634615 0.31971154 0.02764423 0.07812500
0 0.63100962 0.05048077 0.02403846 0.04206731
0 0.80168269 0.30288462 0.02163462 0.04567308
0 0.90144231 0.26322115 0.01682692 0.03605769
0 0.94110577 0.24759615 0.03125000 0.02764423
0 0.91105769 0.07692308 0.02403846 0.04567308
0 0.69591346 0.12379808 0.01682692 0.03966346
0 0.72115385 0.11658654 0.02764423 0.04567308
0 0.92668269 0.25240385 0.01923077 0.04927885
0 0.86899038 0.02283654 0.03125000 0.04567308
0 0.72596154 0.02163462 0.01802885 0.03004808
0 0.87500000 0.22235577 0.02644231 0.03485577
0 0.80889423 0.43149038 0.02644231 0.04807692
0 0.89903846 0.01923077 0.01923077 0.03846154
0 0.64783654 0.11298077 0.01923077 0.02764423
0 0.93269231 0.01923077 0.02644231 0.03605769
0 0.92548077 0.66706731 0.03846154 0.05649038
0 0.89663462 0.70312500 0.02644231 0.05408654
0 0.87500000 0.84375000 0.03004808 0.03245192
0 0.95793269 0.66346154 0.03004808 0.05288462
0 0.83052885 0.48076923 0.02163462 0.02403846
0 0.81730769 0.59495192 0.01322115 0.03485577
0 0.89423077 0.61177885 0.02764423 0.05288462
0 0.85336538 0.71875000 0.04927885 0.07091346
0 0.84014423 0.65625000 0.03004808 0.06250000
