0 0.31250000 0.05408654 0.03305288 0.05889423
0 0.50841346 0.05649038 0.03846154 0.06009615
0 0.51081731 0.12379808 0.02644231 0.05528846
0 0.58052885 0.24759615 0.02043269 0.04687500
0 0.47956731 0.12500000 0.02524038 0.04326923
0 0.62139423 0.07091346 0.02884615 0.03846154
0 0.63341346 0.00480769 0.02644231 0.00961538
0 0.54927885 0.01562500 0.04567308 0.03125000
0 0.61658654 0.00961538 0.02163462 0.01923077
0 0.78245192 0.68990385 0.02463942 0.04807692
0 0.45432692 0.87500000 0.02884615 0.06730769
0 0.67548077 0.74519231 0.03485577 0.07331731
0 0.83774038 0.98557692 0.02163462 0.02884615
0 0.84615385 0.80889423 0.04326923 0.07572115
0 0.89783654 0.90985577 0.03004808 0.05649038
0 0.83413462 0.93750000 0.01322115 0.02644231
0 0.77163462 0.65745192 0.02884615 0.03365385
0 0.85937500 0.95192308 0.03485577 0.04206731
0 0.71153846 0.74759615 0.02163462 0.04206731
0 0.88341346 0.62980769 0.01562500 0.03725962
0 0.81610577 0.59254808 0.02524038 0.04326923
0 0.68389423 0.47235577 0.03846154 0.06490385
0 0.78966346 0.50961538 0.02884615 0.04687500
0 0.68509615 0.68149038 0.02884615 0.03725962
0 0.72355769 0.89903846 0.03004808 0.05528846
0 0.64302885 0.52764423 0.04567308 0.05408654
0 0.74519231 0.98677885 0.03846154 0.02644231
0 0.61298077 0.38822115 0.02524038 0.03485577
0 0.80889423 0.68269231 0.03245192 0.04326923
0 0.64783654 0.57692308 0.02163462 0.03245192
0 0.56370192 0.75721154 0.02884615 0.03004808
0 0.93990385 0.37740385 0.02884615 0.03846154
0 0.53846154 0.71394231 0.02163462 0.03846154
0 0.56250000 0.73076923 0.02884615 0.04206731
