0 0.61899038 0.17067308 0.01923077 0.04266827
0 0.73557692 0.49278846 0.03846154 0.05468750
0 0.98437500 0.47836538 0.03125000 0.05288462
0 0.70673077 0.52403846 0.02644231 0.05528846
0 0.77644231 0.46274038 0.03125000 0.05528846
0 0.63822115 0.31490385 0.02524038 0.03485577
0 0.63100962 0.42548077 0.01322115 0.03485577
0 0.64423077 0.16586538 0.02283654 0.03966346
0 0.56730769 0.24759615 0.02884615 0.05048077
0 0.63100962 0.25120192 0.01442308 0.03365385
0 0.66586538 0.19230769 0.01322115 0.03125000
0 0.61658654 0.26081731 0.02043269 0.03966346
0 0.52163462 0.02403846 0.03725962 0.04206731
0 0.69711538 0.25961538 0.02043269 0.03966346
0 0.79567308 0.24278846 0.01802885 0.04206731
0 0.83774038 0.21995192 0.03125000 0.02884615
0 0.78485577 0.05168269 0.02283654 0.04447115
0 0.60096154 0.08774038 0.01682692 0.04206731
0 0.62500000 0.08653846 0.02884615 0.04687500
0 0.82091346 0.21634615 0.02163462 0.05168269
0 0.76562500 0.00721154 0.03125000 0.01442308
0 0.79086538 0.20072115 0.02644231 0.03365385
0 0.71394231 0.42067308 0.02524038 0.04807692
0 0.79687500 0.01562500 0.01682692 0.03125000
0 0.65865385 0.48798077 0.03004808 0.06370192
0 0.67548077 0.53846154 0.03365385 0.03846154
0 0.54567308 0.05649038 0.01802885 0.02644231
0 0.09375000 0.88221154 0.02043269 0.04387019
0 0.10096154 0.95432692 0.02644231 0.03846154
0 0.06730769 0.89543269 0.02283654 0.04206731
0 0.06490385 0.82091346 0.03365385 0.04687500
0 0.04807692 0.90384615 0.01802885 0.03846154
0 0.08774038 0.87019231 0.01802885 0.04326923
0 0.04206731 0.87860577 0.02283654 0.03725962
0 0.14062500 0.85456731 0.02163462 0.04687500
0 0.05048077 0.77524038 0.02644231 0.04447115
0 0.21394231 0.84495192 0.01682692 0.04206731
0 0.25841346 0.77884615 0.03004808 0.03846154
0 0.15384615 0.68509615 0.02163462 0.04206731
0 0.05048077 0.67548077 0.01802885 0.04326923
0 0.11658654 0.65625000 0.02163462 0.03846154
0 0.29927885 0.64543269 0.03725962 0.05889423
0 0.38942308 0.62379808 0.01923077 0.05528846
0 0.23317308 0.81009615 0.02163462 0.05048077
0 0.21634615 0.56971154 0.02403846 0.02403846
0 0.23798077 0.61057692 0.02283654 0.03846154
0 0.09254808 0.58894231 0.01442308 0.03725962
0 0.20793269 0.80408654 0.02524038 0.03365385
