0 0.68389423 0.21634615 0.03004808 0.05408654
0 0.69350962 0.03245192 0.02163462 0.03245192
0 0.71514423 0.02764423 0.01562500 0.03004808
0 0.75480769 0.82091346 0.03245192 0.06250000
0 0.75600962 0.64302885 0.02524038 0.03846154
0 0.76322115 0.58413462 0.01322115 0.03004808
0 0.71153846 0.53245192 0.02163462 0.04687500
0 0.71875000 0.50721154 0.02163462 0.03365385
0 0.66225962 0.43389423 0.02163462 0.03125000
0 0.56730769 0.43750000 0.02163462 0.03605769
0 0.59134615 0.43629808 0.02884615 0.03605769
0 0.54086538 0.59254808 0.00480769 0.03605769
0 0.54447115 0.64182692 0.01201923 0.03365385
0 0.71754808 0.92427885 0.01682692 0.04206731
0 0.79687500 0.95913462 0.02403846 0.04927885
