0 0.38221154 0.98437500 0.01923077 0.03125000
0 0.51802885 0.92427885 0.03846154 0.03725962
0 0.44350962 0.93028846 0.02524038 0.04927885
0 0.50240385 0.86538462 0.03725962 0.05408654
0 0.48677885 0.83173077 0.03725962 0.06129808
0 0.28846154 0.87980769 0.02403846 0.04567308
0 0.33173077 0.89903846 0.02043269 0.03605769
0 0.36899038 0.94951923 0.01802885 0.05408654
0 0.33413462 0.92788462 0.01322115 0.02644231
0 0.31610577 0.94471154 0.02524038 0.04567308
0 0.25120192 0.84855769 0.01802885 0.02644231
0 0.24879808 0.84254808 0.02043269 0.03004808
0 0.18269231 0.85096154 0.02403846 0.05528846
0 0.28125000 0.78365385 0.03725962 0.04687500
0 0.18509615 0.83413462 0.03725962 0.04447115
0 0.26322115 0.72956731 0.02163462 0.05288462
0 0.07211538 0.80288462 0.01682692 0.03365385
0 0.22956731 0.59975962 0.02644231 0.04687500
0 0.09615385 0.99158654 0.02403846 0.01682692
0 0.07211538 0.82451923 0.01201923 0.03245192
0 0.08413462 0.84375000 0.01322115 0.03725962
0 0.09615385 0.84975962 0.01201923 0.04567308
0 0.11538462 0.85817308 0.02043269 0.03846154
0 0.65144231 0.97475962 0.02884615 0.04266827
0 0.80528846 0.95312500 0.03365385 0.05588942
