0 0.90504808 0.48197115 0.02764423 0.04326923
0 0.83533654 0.50360577 0.02403846 0.04807692
0 0.88100962 0.46634615 0.02524038 0.03245192
0 0.86057692 0.43269231 0.02283654 0.03966346
0 0.68990385 0.44110577 0.01923077 0.03485577
0 0.71033654 0.48197115 0.02283654 0.03725962
0 0.75120192 0.51802885 0.02163462 0.02163462
0 0.72235577 0.50841346 0.01322115 0.02764423
0 0.68149038 0.52043269 0.02644231 0.01682692
0 0.63822115 0.42067308 0.01923077 0.02764423
0 0.63581731 0.39663462 0.02283654 0.03245192
0 0.56490385 0.39783654 0.02283654 0.03725962
0 0.67067308 0.34495192 0.03725962 0.03725962
0 0.64903846 0.28846154 0.02283654 0.04927885
0 0.60576923 0.07091346 0.02403846 0.04086538
