0 0.12019231 0.43149038 0.02403846 0.05288462
0 0.33293269 0.33052885 0.02824519 0.04807692
0 0.60697115 0.01442308 0.02163462 0.02884615
0 0.01201923 0.83774038 0.02163462 0.03125000
0 0.06250000 0.75841346 0.02644231 0.05408654
0 0.03365385 0.74158654 0.02163462 0.03245192
0 0.00600962 0.66826923 0.01201923 0.04807692
0 0.11538462 0.56250000 0.01923077 0.02884615
0 0.11298077 0.61658654 0.02163462 0.03725962
0 0.08173077 0.60817308 0.02764423 0.05889423
0 0.06730769 0.67908654 0.01802885 0.03605769
0 0.08774038 0.70192308 0.02163462 0.04086538
0 0.16947115 0.70913462 0.02644231 0.04086538
0 0.13581731 0.72716346 0.03725962 0.06971154
0 0.19230769 0.78125000 0.01923077 0.04206731
0 0.19350962 0.57572115 0.01923077 0.02764423
0 0.19230769 0.57932692 0.02163462 0.03245192
0 0.21274038 0.66586538 0.02283654 0.03605769
0 0.22235577 0.77163462 0.02403846 0.03725962
0 0.19110577 0.69350962 0.02283654 0.02283654
0 0.25480769 0.59014423 0.02163462 0.03365385
0 0.47956731 0.60817308 0.03245192 0.03846154
0 0.20432692 0.94110577 0.02163462 0.03605769
0 0.18990385 0.97596154 0.01923077 0.03605769
0 0.44591346 0.69110577 0.01682692 0.03245192
0 0.42788462 0.69110577 0.01802885 0.03245192
0 0.41466346 0.69471154 0.01802885 0.03846154
0 0.39543269 0.69831731 0.02163462 0.03245192
0 0.67307692 0.97475962 0.02644231 0.03846154
0 0.68028846 0.95192308 0.03125000 0.06490385
0 0.68028846 0.89783654 0.01682692 0.03365385
0 0.56129808 0.84254808 0.02403846 0.03725962
0 0.62139423 0.84014423 0.02403846 0.04567308
0 0.57451923 0.81009615 0.02403846 0.03125000
0 0.59975962 0.77043269 0.02163462 0.03725962
0 0.76562500 0.77764423 0.02163462 0.03725962
0 0.73076923 0.80769231 0.01923077 0.03365385
0 0.70072115 0.86778846 0.01923077 0.05649038
0 0.72235577 0.83774038 0.01322115 0.02644231
0 0.75000000 0.85697115 0.02644231 0.04567308
0 0.72475962 0.95312500 0.03605769 0.06370192
0 0.78365385 0.95673077 0.02884615 0.08653846
0 0.80528846 0.76682692 0.01802885 0.02644231
0 0.80769231 0.75841346 0.02163462 0.02884615
0 0.81009615 0.97235577 0.02403846 0.05528846
0 0.77884615 0.98677885 0.02884615 0.02644231
0 0.87259615 0.76562500 0.02403846 0.06009615
0 0.77524038 0.69831731 0.03365385 0.04326923
0 0.87620192 0.74038462 0.03365385 0.04086538
0 0.79687500 0.64182692 0.02163462 0.04687500
0 0.98317308 0.69711538 0.01802885 0.03245192
0 0.66706731 0.94230769 0.01923077 0.04927885
0 0.99399038 0.74158654 0.01201923 0.03125000
0 0.98317308 0.74519231 0.01682692 0.03605769
0 0.96875000 0.75000000 0.00961538 0.02884615
0 0.96033654 0.76081731 0.00961538 0.03245192
0 0.98677885 0.92187500 0.01442308 0.02403846
0 0.97355769 0.92067308 0.01923077 0.04086538
0 0.95793269 0.93269231 0.01442308 0.03245192
0 0.93990385 0.93750000 0.02163462 0.03365385
