0 0.84134615 0.87019231 0.03665865 0.05889423
0 0.84975962 0.80168269 0.03004808 0.04326923
0 0.84254808 0.75120192 0.02764423 0.05769231
0 0.84615385 0.70072115 0.01923077 0.03966346
0 0.96754808 0.63221154 0.02524038 0.03966346
0 0.90625000 0.64903846 0.02403846 0.04447115
0 0.94831731 0.61298077 0.02403846 0.03004808
0 0.92908654 0.57692308 0.01923077 0.03485577
0 0.76923077 0.58052885 0.01802885 0.03245192
0 0.79326923 0.61658654 0.01923077 0.03245192
0 0.82812500 0.67548077 0.01923077 0.05288462
0 0.80408654 0.64423077 0.01322115 0.02403846
0 0.76682692 0.66586538 0.02403846 0.03725962
0 0.79326923 0.73437500 0.03725962 0.06971154
0 0.73677885 0.74879808 0.02764423 0.10336538
0 0.72235577 0.56850962 0.01802885 0.02524038
0 0.71995192 0.55168269 0.01923077 0.02884615
0 0.72115385 0.72475962 0.02043269 0.05168269
0 0.73437500 0.77524038 0.02884615 0.04447115
0 0.75961538 0.81129808 0.02403846 0.03245192
0 0.65504808 0.54807692 0.01923077 0.03245192
0 0.75120192 0.50600962 0.03485577 0.04447115
0 0.59495192 0.56730769 0.03004808 0.03485577
0 0.73197115 0.44591346 0.02043269 0.04687500
0 0.54687500 0.45913462 0.02043269 0.03846154
0 0.69350962 0.25360577 0.02283654 0.04206731
0 0.85697115 0.73437500 0.01562500 0.04206731
0 0.50360577 0.51923077 0.00721154 0.03365385
0 0.51682692 0.52764423 0.01322115 0.02884615
0 0.52884615 0.53365385 0.01322115 0.03725962
0 0.52163462 0.70072115 0.01322115 0.03725962
0 0.53846154 0.70432692 0.01442308 0.03966346
0 0.55288462 0.71033654 0.01562500 0.03966346
0 0.56971154 0.71875000 0.01562500 0.03485577
