0 0.78966346 0.98677885 0.01682692 0.02644231
0 0.73918269 0.89663462 0.01802885 0.04086538
0 0.71394231 0.87860577 0.02403846 0.03485577
0 0.72716346 0.83653846 0.01322115 0.02884615
0 0.74759615 0.78966346 0.01682692 0.02884615
0 0.82211538 0.76682692 0.01562500 0.03004808
0 0.82572115 0.79086538 0.02043269 0.03245192
0 0.83173077 0.82572115 0.01682692 0.03485577
0 0.80288462 0.86899038 0.01802885 0.03485577
0 0.81971154 0.89783654 0.02043269 0.03846154
0 0.90625000 0.89783654 0.02524038 0.04086538
0 0.90865385 0.93990385 0.02524038 0.03365385
0 0.93149038 0.82331731 0.02163462 0.03004808
0 0.92307692 0.78605769 0.02043269 0.03245192
0 0.91105769 0.73076923 0.02524038 0.04206731
0 0.95072115 0.96514423 0.02163462 0.03365385
0 0.94951923 0.99639423 0.02403846 0.00721154
