0 0.30408654 0.49639423 0.01622596 0.03365385
0 0.31850962 0.50721154 0.02343750 0.02524038
0 0.38221154 0.44831731 0.02884615 0.04687500
0 0.67668269 0.38461538 0.04086538 0.07211538
0 0.57692308 0.36899038 0.02524038 0.03365385
0 0.84495192 0.38942308 0.02524038 0.04206731
0 0.75000000 0.51923077 0.02524038 0.03725962
0 0.68750000 0.62500000 0.02884615 0.04206731
0 0.52764423 0.71394231 0.02524038 0.04447115
0 0.35336538 0.76081731 0.02163462 0.02644231
0 0.34134615 0.78245192 0.02043269 0.03846154
0 0.52403846 0.80769231 0.02043269 0.03725962
0 0.55168269 0.78966346 0.02884615 0.05288462
0 0.66947115 0.95192308 0.02043269 0.04206731
0 0.69951923 0.82091346 0.04927885 0.05048077
0 0.70673077 0.74639423 0.02043269 0.05048077
0 0.74278846 0.67548077 0.02884615 0.07932692
0 0.83173077 0.79206731 0.02163462 0.03004808
0 0.85456731 0.83293269 0.03245192 0.03725962
0 0.85937500 0.79447115 0.02163462 0.03365385
0 0.86057692 0.63822115 0.04447115 0.07091346
0 0.87139423 0.67427885 0.02524038 0.03846154
0 0.99278846 0.61899038 0.01442308 0.04086538
0 0.92187500 0.68389423 0.02524038 0.05528846
0 0.98197115 0.68870192 0.02524038 0.03365385
