0 0.38942308 0.03365385 0.02704327 0.02944712
0 0.90504808 0.51322115 0.02283654 0.04927885
0 0.79927885 0.70192308 0.04026442 0.05889423
0 0.59375000 0.75841346 0.02884615 0.05288462
0 0.65144231 0.81250000 0.02884615 0.04206731
0 0.81971154 0.81009615 0.02764423 0.05408654
0 0.87379808 0.89663462 0.02043269 0.04687500
0 0.78846154 0.77644231 0.02524038 0.04326923
0 0.89783654 0.57572115 0.02764423 0.03966346
0 0.91105769 0.73798077 0.02764423 0.03725962
0 0.92427885 0.69591346 0.02524038 0.04326923
0 0.93629808 0.53966346 0.02403846 0.04447115
0 0.94350962 0.45072115 0.03245192 0.04447115
0 0.96033654 0.54086538 0.01923077 0.03846154
0 0.91586538 0.50600962 0.01802885 0.03966346
0 0.96274038 0.53125000 0.03245192 0.05288462
0 0.85096154 0.65384615 0.05168269 0.07692308
0 0.91586538 0.68149038 0.02403846 0.03846154
0 0.85817308 0.47355769 0.02403846 0.04687500
0 0.79807692 0.41947115 0.01802885 0.03004808
0 0.94711538 0.39543269 0.02764423 0.04447115
0 0.79687500 0.46634615 0.01802885 0.05769231
0 0.75721154 0.39543269 0.03365385 0.05769231
0 0.85456731 0.30769231 0.02043269 0.03966346
0 0.94831731 0.28004808 0.01802885 0.04447115
0 0.87379808 0.26682692 0.02163462 0.03365385
0 0.72596154 0.26802885 0.03365385 0.03605769
0 0.63701923 0.26322115 0.02884615 0.02644231
0 0.78365385 0.41586538 0.02043269 0.04447115
0 0.77644231 0.25480769 0.02403846 0.00961538
