0 0.10937500 0.21875000 0.02103365 0.02944712
0 0.34014423 0.06730769 0.02403846 0.03485577
0 0.40745192 0.00841346 0.01201923 0.01682692
0 0.42427885 0.12860577 0.01201923 0.03125000
0 0.45192308 0.11298077 0.01682692 0.03125000
0 0.46875000 0.18990385 0.01442308 0.03004808
0 0.45192308 0.15384615 0.02043269 0.03966346
0 0.41826923 0.12500000 0.01081731 0.02644231
0 0.37259615 0.15625000 0.02884615 0.03966346
0 0.32572115 0.13822115 0.02163462 0.03605769
0 0.31370192 0.02644231 0.02403846 0.04447115
0 0.33894231 0.25360577 0.01682692 0.03004808
0 0.31971154 0.20072115 0.01923077 0.03725962
0 0.33653846 0.32211538 0.02043269 0.03125000
0 0.43149038 0.34855769 0.02884615 0.03125000
0 0.42067308 0.04206731 0.02403846 0.03605769
0 0.86538462 0.57572115 0.01442308 0.02644231
0 0.50360577 0.15865385 0.01201923 0.02163462
0 0.20913462 0.59735577 0.01442308 0.01682692
0 0.16947115 0.62379808 0.01201923 0.02884615
0 0.14903846 0.60336538 0.01442308 0.02884615
0 0.07572115 0.60096154 0.02644231 0.02403846
0 0.02764423 0.59254808 0.02163462 0.00721154
0 0.04687500 0.68870192 0.01923077 0.03245192
0 0.03125000 0.64302885 0.02043269 0.03966346
0 0.04567308 0.76081731 0.01923077 0.02884615
0 0.14062500 0.78245192 0.02884615 0.03125000
0 0.71995192 0.71514423 0.01081731 0.03125000
0 0.57091346 0.65384615 0.01201923 0.02043269
0 0.42427885 0.70072115 0.01201923 0.02403846
0 0.51562500 0.73197115 0.01562500 0.01923077
0 0.57932692 0.70192308 0.00961538 0.01201923
0 0.59375000 0.75841346 0.01201923 0.02043269
0 0.60096154 0.78365385 0.00961538 0.02043269
0 0.61538462 0.78846154 0.01442308 0.02884615
0 0.63221154 0.83173077 0.01201923 0.02644231
0 0.59014423 0.84735577 0.01081731 0.02884615
0 0.56971154 0.79927885 0.00961538 0.02043269
0 0.54086538 0.83774038 0.02043269 0.04447115
0 0.48677885 0.79567308 0.01201923 0.01923077
0 0.45673077 0.81370192 0.01562500 0.02644231
0 0.50721154 0.87620192 0.01201923 0.02163462
0 0.53245192 0.91826923 0.00961538 0.02403846
0 0.63701923 0.99519231 0.01923077 0.00961538
0 0.51081731 0.98798077 0.01682692 0.02403846
0 0.43149038 0.95192308 0.01562500 0.03605769
0 0.41346154 0.75600962 0.01201923 0.01923077
0 0.42307692 0.78605769 0.01201923 0.02043269
