0 0.06009615 0.31009615 0.02403846 0.03365385
0 0.74038462 0.33413462 0.02944712 0.03305288
0 0.75600962 0.45913462 0.01442308 0.03725962
0 0.82812500 0.42307692 0.03004808 0.04807692
0 0.77163462 0.50480769 0.01442308 0.00961538
0 0.67307692 0.21754808 0.03365385 0.03725962
0 0.92187500 0.34855769 0.02524038 0.04927885
0 0.89903846 0.40985577 0.02043269 0.03485577
0 0.87019231 0.07451923 0.02524038 0.04687500
0 0.88701923 0.33413462 0.01923077 0.03485577
0 0.75600962 0.30048077 0.03004808 0.03966346
0 0.80048077 0.21514423 0.01923077 0.03245192
0 0.81370192 0.18509615 0.01562500 0.03485577
0 0.07331731 0.99519231 0.03125000 0.00961538
0 0.21274038 0.67187500 0.02884615 0.05889423
0 0.17307692 0.93990385 0.02043269 0.04326923
0 0.19350962 0.76802885 0.02764423 0.04807692
0 0.07572115 0.76442308 0.02524038 0.05288462
0 0.22475962 0.84855769 0.02403846 0.04326923
0 0.02403846 0.84855769 0.02283654 0.03365385
0 0.05168269 0.71995192 0.02283654 0.05288462
0 0.19831731 0.73798077 0.02524038 0.05168269
0 0.04567308 0.89783654 0.03245192 0.06730769
