0 0.70312500 0.31009615 0.01742788 0.03425481
0 0.79326923 0.36658654 0.01682692 0.04326923
0 0.75480769 0.26322115 0.01442308 0.03125000
0 0.82932692 0.37139423 0.02644231 0.04086538
0 0.74519231 0.44230769 0.02163462 0.05649038
0 0.58653846 0.25240385 0.01442308 0.02644231
0 0.55048077 0.48677885 0.02524038 0.04447115
0 0.70793269 0.26322115 0.01682692 0.03485577
0 0.61538462 0.35096154 0.01682692 0.03485577
0 0.69951923 0.11298077 0.02283654 0.03605769
0 0.74759615 0.45913462 0.01322115 0.04567308
0 0.64423077 0.58774038 0.03245192 0.05649038
0 0.68509615 0.10576923 0.02283654 0.03605769
0 0.59855769 0.18149038 0.01682692 0.03125000
0 0.71274038 0.07812500 0.02644231 0.03605769
0 0.62860577 0.46634615 0.01442308 0.06129808
0 0.11418269 0.71995192 0.04086538 0.04086538
0 0.03485577 0.72355769 0.03846154 0.04567308
0 0.56009615 0.73918269 0.01682692 0.03004808
0 0.61177885 0.91826923 0.00841346 0.01322115
0 0.52163462 0.88221154 0.00841346 0.01442308
