0 0.03004808 0.33774038 0.03064904 0.02103365
0 0.31129808 0.39423077 0.01682692 0.03846154
0 0.15745192 0.83413462 0.01682692 0.03605769
0 0.15144231 0.91466346 0.02644231 0.04567308
0 0.09014423 0.68509615 0.02283654 0.04687500
0 0.31009615 0.79687500 0.01923077 0.04086538
0 0.11778846 0.75721154 0.02163462 0.05408654
0 0.30408654 0.88942308 0.02283654 0.05048077
0 0.12139423 0.98076923 0.03125000 0.03846154
0 0.31250000 0.97956731 0.01442308 0.04086538
0 0.10096154 0.87860577 0.01923077 0.03605769
0 0.18990385 0.93389423 0.01802885 0.04206731
