0 0.38100962 0.26562500 0.02043269 0.03185096
0 0.65985577 0.29447115 0.01802885 0.04326923
0 0.56730769 0.52524038 0.03966346 0.05709135
0 0.56610577 0.57331731 0.02644231 0.03125000
0 0.53245192 0.57932692 0.02644231 0.01923077
0 0.66105769 0.36418269 0.02524038 0.03485577
0 0.67668269 0.53605769 0.03004808 0.04206731
0 0.68750000 0.45552885 0.02644231 0.04447115
0 0.69110577 0.28966346 0.02163462 0.03966346
0 0.69591346 0.22956731 0.03485577 0.04927885
0 0.70673077 0.31250000 0.01802885 0.03605769
0 0.66947115 0.27884615 0.01802885 0.04326923
0 0.71514423 0.28966346 0.02283654 0.03485577
0 0.60576923 0.46274038 0.04447115 0.07692308
0 0.67067308 0.46875000 0.02163462 0.03846154
0 0.89903846 0.25240385 0.02524038 0.05528846
0 0.62379808 0.27764423 0.02163462 0.04326923
0 0.72596154 0.17908654 0.02764423 0.04687500
0 0.54326923 0.26682692 0.01802885 0.04326923
0 0.49759615 0.20312500 0.03004808 0.03605769
0 0.60456731 0.10456731 0.02163462 0.04206731
0 0.71394231 0.09735577 0.01802885 0.04687500
0 0.65264423 0.07812500 0.02283654 0.03846154
0 0.45673077 0.06490385 0.03365385 0.06730769
0 0.52403846 0.23437500 0.02524038 0.05168269
0 0.51802885 0.02764423 0.02283654 0.03846154
0 0.66826923 0.01562500 0.01442308 0.03125000
0 0.55528846 0.22596154 0.02764423 0.03605769
0 0.38221154 0.83413462 0.05348558 0.04507212
0 0.04567308 0.99158654 0.03846154 0.01682692
0 0.26201923 0.92187500 0.03004808 0.06370192
0 0.42427885 0.88942308 0.03004808 0.04927885
0 0.39543269 0.98798077 0.01201923 0.02403846
0 0.34254808 0.82451923 0.02644231 0.03125000
0 0.31370192 0.90865385 0.02043269 0.03966346
0 0.06610577 0.63341346 0.02524038 0.04807692
0 0.41947115 0.73076923 0.02644231 0.04447115
0 0.27043269 0.62139423 0.03605769 0.06490385
0 0.39062500 0.65745192 0.02283654 0.03605769
0 0.27884615 0.80889423 0.02163462 0.03004808
0 0.23557692 0.66105769 0.04326923 0.05168269
0 0.43269231 0.77644231 0.01442308 0.03846154
0 0.21274038 0.70913462 0.02163462 0.03004808
0 0.14062500 0.84855769 0.02163462 0.04807692
0 0.17187500 0.88942308 0.02764423 0.03004808
0 0.20312500 0.87019231 0.03004808 0.04807692
0 0.51923077 0.75240385 0.01923077 0.03906250
0 0.51201923 0.87379808 0.02283654 0.03365385
0 0.52884615 0.96754808 0.01682692 0.04326923
0 0.51802885 0.74519231 0.02163462 0.03966346
0 0.56610577 0.75721154 0.03846154 0.05528846
0 0.53485577 0.81129808 0.02043269 0.03966346
0 0.50360577 0.74399038 0.01442308 0.03485577
0 0.54567308 0.81129808 0.02283654 0.03605769
0 0.69471154 0.67067308 0.02644231 0.06009615
0 0.46754808 0.80649038 0.01802885 0.03846154
0 0.62860577 0.61538462 0.02283654 0.03846154
0 0.55528846 0.62379808 0.01802885 0.04326923
0 0.51442308 0.61899038 0.02283654 0.03846154
0 0.45312500 0.98076923 0.02644231 0.03846154
