0 0.23557692 0.06490385 0.03365385 0.06670673
0 0.82091346 0.31730769 0.03545673 0.02403846
0 0.64783654 0.61418269 0.02163462 0.03125000
0 0.76802885 0.20913462 0.03004808 0.04687500
0 0.63701923 0.44591346 0.03485577 0.08653846
0 0.69110577 0.14903846 0.03846154 0.05168269
0 0.84855769 0.06730769 0.02283654 0.05769231
0 0.66947115 0.53846154 0.02764423 0.04326923
0 0.95793269 0.21995192 0.03004808 0.05408654
0 0.56610577 0.44350962 0.02764423 0.05528846
0 0.68990385 0.20192308 0.03485577 0.05769231
0 0.60576923 0.33774038 0.03485577 0.06610577
0 0.62500000 0.09495192 0.03605769 0.06129808
0 0.54447115 0.28004808 0.03004808 0.07692308
