0 0.23677885 0.13822115 0.04026442 0.02223558
0 0.77403846 0.03966346 0.01201923 0.03004808
0 0.81490385 0.04206731 0.01682692 0.03125000
0 0.83052885 0.08533654 0.01442308 0.03004808
0 0.81009615 0.01322115 0.01923077 0.02644231
0 0.78846154 0.01923077 0.01081731 0.02524038
0 0.73798077 0.04807692 0.02884615 0.04086538
0 0.68149038 0.03725962 0.02043269 0.03485577
0 0.69711538 0.14182692 0.01923077 0.03485577
0 0.67908654 0.09975962 0.01923077 0.03725962
0 0.69471154 0.22235577 0.02043269 0.03125000
0 0.78966346 0.25120192 0.02884615 0.03125000
0 0.61298077 0.20312500 0.02043269 0.04086538
0 0.86057692 0.05528846 0.01201923 0.02163462
0 0.12860577 0.78846154 0.04146635 0.03846154
0 0.94711538 0.87500000 0.01562500 0.02824519
