0 0.50360577 0.15384615 0.04326923 0.03786058
0 0.21514423 0.10576923 0.03185096 0.02343750
0 0.90625000 0.02163462 0.03846154 0.04326923
0 0.74519231 0.11177885 0.03485577 0.05769231
0 0.76682692 0.22956731 0.03605769 0.04326923
0 0.89903846 0.21634615 0.04326923 0.08533654
0 0.89663462 0.27764423 0.03485577 0.07211538
0 0.65384615 0.39302885 0.03605769 0.08774038
0 0.66586538 0.61177885 0.03846154 0.07211538
0 0.67187500 0.69831731 0.02764423 0.06009615
0 0.55408654 0.98197115 0.03125000 0.03605769
0 0.87740385 0.40144231 0.02043269 0.03846154
