0 0.44711538 0.31370192 0.03365385 0.06129808
0 0.46033654 0.13221154 0.02043269 0.03846154
0 0.51562500 0.00721154 0.03605769 0.01442308
0 0.00841346 0.97836538 0.01682692 0.03365385
0 0.30288462 0.98557692 0.03846154 0.02884615
0 0.18389423 0.98677885 0.03605769 0.02644231
0 0.46033654 0.90144231 0.01983173 0.03906250
0 0.49519231 0.81971154 0.02524038 0.06370192
0 0.95192308 0.64182692 0.02884615 0.05649038
0 0.80168269 0.64663462 0.02163462 0.03846154
0 0.59855769 0.53485577 0.02644231 0.06009615
0 0.52283654 0.78846154 0.02283654 0.05048077
0 0.56850962 0.69471154 0.01802885 0.04447115
0 0.65144231 0.50240385 0.02644231 0.05528846
0 0.96153846 0.43990385 0.02283654 0.05168269
0 0.80408654 0.80528846 0.01802885 0.02644231
0 0.79086538 0.80288462 0.01802885 0.02884615
0 0.65985577 0.65985577 0.02283654 0.03485577
0 0.81009615 0.42307692 0.02644231 0.06610577
0 0.71514423 0.51802885 0.02884615 0.05288462
0 0.99038462 0.39903846 0.01923077 0.02884615
0 0.97716346 0.37379808 0.02163462 0.03125000
0 0.98677885 0.68870192 0.02644231 0.03605769
0 0.90625000 0.72115385 0.02524038 0.03725962
0 0.87500000 0.48076923 0.02524038 0.04687500
0 0.88461538 0.45432692 0.03004808 0.04206731
0 0.62500000 0.39302885 0.02163462 0.03725962
0 0.60456731 0.41706731 0.02163462 0.05048077
