0 0.81370192 0.60456731 0.01682692 0.02644231
0 0.63822115 0.46754808 0.01442308 0.02644231
0 0.85336538 0.58533654 0.02043269 0.04687500
0 0.95793269 0.44471154 0.02644231 0.03966346
0 0.97956731 0.47836538 0.02403846 0.04567308
0 0.73197115 0.47355769 0.01682692 0.03605769
0 0.20793269 0.83173077 0.01923077 0.02644231
0 0.27403846 0.76201923 0.02644231 0.03846154
0 0.15625000 0.97956731 0.02403846 0.04086538
0 0.25480769 0.99278846 0.02884615 0.01442308
0 0.25000000 0.69230769 0.01682692 0.03365385
0 0.90024038 0.88942308 0.03605769 0.05528846
0 0.81850962 0.84735577 0.04086538 0.04687500
0 0.60216346 0.97235577 0.03605769 0.05528846
0 0.43149038 0.78605769 0.02644231 0.05048077
0 0.64062500 0.73317308 0.02524038 0.04086538
0 0.35456731 0.79206731 0.03125000 0.04567308
0 0.61658654 0.72716346 0.02644231 0.04326923
0 0.41706731 0.98437500 0.03125000 0.03125000
