0 0.85937500 0.48918269 0.01442308 0.02103365
0 0.80889423 0.43629808 0.02884615 0.03365385
0 0.75480769 0.28966346 0.00961538 0.01682692
0 0.75721154 0.30168269 0.01322115 0.01562500
0 0.76201923 0.31730769 0.01201923 0.01562500
0 0.76562500 0.32932692 0.01322115 0.01562500
0 0.67908654 0.43389423 0.00841346 0.01802885
0 0.67908654 0.45312500 0.00961538 0.01802885
0 0.68990385 0.46634615 0.01201923 0.02644231
0 0.68990385 0.44591346 0.01201923 0.02043269
0 0.65745192 0.34855769 0.02403846 0.01802885
0 0.53485577 0.67187500 0.01201923 0.03605769
0 0.69471154 0.62500000 0.01322115 0.02043269
0 0.86177885 0.67668269 0.01322115 0.02524038
0 0.75961538 0.70673077 0.01682692 0.02043269
0 0.68990385 0.67548077 0.00961538 0.01322115
0 0.67427885 0.73798077 0.01322115 0.02163462
0 0.66706731 0.76081731 0.00961538 0.02163462
0 0.65144231 0.76562500 0.01562500 0.03004808
0 0.63341346 0.81250000 0.01322115 0.02884615
0 0.67427885 0.83293269 0.00961538 0.02644231
0 0.70312500 0.78004808 0.00961538 0.02043269
0 0.72836538 0.81971154 0.01562500 0.02524038
0 0.79687500 0.76923077 0.01322115 0.02043269
0 0.82572115 0.80408654 0.01682692 0.02884615
0 0.76802885 0.86298077 0.01322115 0.02403846
0 0.73918269 0.91105769 0.00961538 0.02524038
0 0.62139423 0.99519231 0.02163462 0.00961538
0 0.76682692 0.97716346 0.01682692 0.02884615
0 0.84735577 0.94230769 0.01682692 0.03846154
0 0.87139423 0.73557692 0.01322115 0.02043269
0 0.85937500 0.76682692 0.01322115 0.02043269
0 0.67668269 0.47115385 0.01201923 0.01682692
