0 0.47115385 0.88822115 0.02043269 0.03545673
0 0.51442308 0.82211538 0.03966346 0.03485577
0 0.63942308 0.96634615 0.03245192 0.04687500
0 0.49759615 0.85576923 0.03245192 0.03725962
0 0.72475962 0.95673077 0.04326923 0.06009615
0 0.43028846 0.76201923 0.02403846 0.04326923
0 0.49158654 0.90625000 0.03245192 0.03966346
0 0.66105769 0.88461538 0.03725962 0.04086538
0 0.69230769 0.77043269 0.05889423 0.06370192
0 0.73437500 0.83533654 0.01923077 0.03125000
0 0.51562500 0.78245192 0.03966346 0.04326923
0 0.99399038 0.47836538 0.01201923 0.02884615
