0 0.13221154 0.19951923 0.04567308 0.04026442
0 0.42187500 0.15024038 0.03185096 0.02343750
0 0.71274038 0.36418269 0.02343750 0.05228365
0 0.36899038 0.73677885 0.01442308 0.02103365
0 0.40985577 0.73437500 0.02043269 0.04326923
0 0.41826923 0.78605769 0.01081731 0.02884615
0 0.29807692 0.89783654 0.02403846 0.04326923
0 0.38461538 0.94350962 0.01923077 0.03125000
0 0.44951923 0.85096154 0.01562500 0.02764423
0 0.37259615 0.82331731 0.02043269 0.04326923
0 0.26802885 0.93509615 0.01442308 0.02884615
0 0.43149038 0.65144231 0.01682692 0.02283654
0 0.28846154 0.93750000 0.01442308 0.02043269
0 0.43990385 0.66586538 0.01923077 0.02403846
