0 0.50600962 0.29687500 0.01201923 0.06971154
0 0.53365385 0.17908654 0.03605769 0.07932692
0 0.51442308 0.01442308 0.01442308 0.02884615
0 0.50240385 0.02283654 0.00480769 0.04567308
0 0.25480769 0.41706731 0.01442308 0.01682692
0 0.09014423 0.75240385 0.04447115 0.05528846
0 0.08052885 0.89302885 0.02403846 0.04927885
0 0.26081731 0.89783654 0.03365385 0.05649038
0 0.16826923 0.44350962 0.03004808 0.04567308
0 0.33293269 0.76682692 0.03485577 0.05649038
0 0.25600962 0.78004808 0.01682692 0.03125000
0 0.33052885 0.65144231 0.02644231 0.04086538
0 0.35336538 0.56250000 0.02524038 0.04687500
0 0.30288462 0.68750000 0.01923077 0.03605769
0 0.34495192 0.72836538 0.02524038 0.03004808
0 0.13100962 0.50841346 0.01923077 0.03605769
0 0.09134615 0.43028846 0.03365385 0.04326923
0 0.20673077 0.61778846 0.03966346 0.05408654
0 0.22475962 0.74759615 0.03125000 0.03605769
0 0.30769231 0.84495192 0.01923077 0.03846154
0 0.02644231 0.44471154 0.02524038 0.05528846
0 0.00480769 0.42908654 0.00961538 0.04086538
0 0.05048077 0.48798077 0.01923077 0.04567308
0 0.80048077 0.94591346 0.02644231 0.04687500
0 0.92067308 0.83774038 0.02403846 0.04326923
0 0.99038462 0.79447115 0.01923077 0.04086538
0 0.96634615 0.99278846 0.01923077 0.01442308
0 0.98798077 0.56850962 0.01682692 0.02403846
0 0.98197115 0.59134615 0.01562500 0.02403846
0 0.97115385 0.56250000 0.02163462 0.03846154
0 0.97355769 0.53485577 0.01562500 0.02524038
0 0.96514423 0.50240385 0.02043269 0.04326923
0 0.94831731 0.50600962 0.01562500 0.04326923
0 0.95072115 0.57812500 0.01682692 0.03485577
0 0.93028846 0.60576923 0.02524038 0.03004808
0 0.93750000 0.64062500 0.02644231 0.03125000
0 0.93870192 0.66586538 0.02163462 0.03966346
0 0.91706731 0.98557692 0.01682692 0.02884615
0 0.91346154 0.99519231 0.01923077 0.00961538
0 0.81129808 0.99639423 0.01682692 0.00721154
0 0.80288462 0.99399038 0.01442308 0.01201923
