0 0.40144231 0.13822115 0.03004808 0.06009615
0 0.00240385 0.67427885 0.00480769 0.03605769
0 0.73437500 0.70913462 0.01562500 0.03605769
0 0.46634615 0.79326923 0.02644231 0.04447115
0 0.48437500 0.68750000 0.02403846 0.03605769
0 0.72475962 0.64783654 0.04687500 0.06730769
0 0.75480769 0.52163462 0.01923077 0.02403846
0 0.57091346 0.56610577 0.03605769 0.07091346
0 0.49879808 0.54687500 0.02283654 0.03485577
0 0.65985577 0.63942308 0.02764423 0.04807692
0 0.49399038 0.79326923 0.02403846 0.03485577
0 0.57812500 0.54206731 0.02403846 0.03846154
0 0.58894231 0.64783654 0.03125000 0.03966346
0 0.65625000 0.51562500 0.01923077 0.01201923
