0 0.20552885 0.17307692 0.02704327 0.04387019
0 0.89543269 0.69831731 0.03605769 0.04086538
0 0.93269231 0.44951923 0.02163462 0.04086538
0 0.84254808 0.37740385 0.01923077 0.03245192
0 0.98317308 0.36177885 0.02283654 0.04086538
0 0.84735577 0.50721154 0.03605769 0.03605769
0 0.76322115 0.96153846 0.02644231 0.04447115
0 0.73798077 0.94591346 0.03125000 0.04567308
0 0.85096154 0.90144231 0.02524038 0.04086538
0 0.81129808 0.92668269 0.02283654 0.03846154
0 0.69471154 0.99278846 0.01442308 0.01442308
