0 0.12740385 0.10216346 0.04447115 0.05348558
0 0.56250000 0.24158654 0.02283654 0.03485577
0 0.60456731 0.15144231 0.02524038 0.04807692
0 0.58653846 0.02043269 0.02884615 0.04086538
0 0.58413462 0.08413462 0.02283654 0.04447115
0 0.43990385 0.03125000 0.02403846 0.04927885
0 0.44471154 0.31730769 0.02403846 0.02403846
0 0.63341346 0.01682692 0.02644231 0.03365385
0 0.44230769 0.09134615 0.02884615 0.05168269
0 0.49399038 0.54807692 0.03064904 0.04627404
0 0.60576923 0.66826923 0.02043269 0.03365385
0 0.93750000 0.97355769 0.02403846 0.05288462
0 0.76442308 0.94471154 0.03846154 0.04447115
0 0.92908654 0.70793269 0.01923077 0.03245192
0 0.62860577 0.67427885 0.02524038 0.03846154
0 0.67548077 0.89783654 0.02283654 0.03245192
0 0.75841346 0.67307692 0.03245192 0.06129808
0 0.72235577 0.59855769 0.01802885 0.03485577
0 0.86778846 0.83173077 0.03004808 0.06129808
0 0.83293269 0.89543269 0.01923077 0.03485577
0 0.88822115 0.56850962 0.03725962 0.05288462
0 0.84375000 0.64783654 0.02764423 0.04447115
0 0.87860577 0.54927885 0.03245192 0.04807692
0 0.49759615 0.58894231 0.02884615 0.03966346
0 0.48076923 0.56490385 0.01081731 0.02764423
0 0.78365385 0.67307692 0.02403846 0.03725962
0 0.56009615 0.86778846 0.02043269 0.03725962
0 0.56730769 0.90985577 0.02283654 0.03725962
