0 0.27644231 0.00961538 0.01923077 0.01923077
0 0.99038462 0.00961538 0.01923077 0.01923077
0 0.98076923 0.06490385 0.03365385 0.04086538
0 0.90504808 0.10576923 0.03725962 0.07091346
0 0.91105769 0.14423077 0.02043269 0.04567308
0 0.90985577 0.32572115 0.02764423 0.03725962
0 0.99278846 0.39182692 0.01442308 0.05288462
0 0.62019231 0.54447115 0.01802885 0.03245192
0 0.65745192 0.53004808 0.02043269 0.03725962
0 0.73076923 0.51322115 0.01322115 0.02884615
0 0.84014423 0.80528846 0.01442308 0.03846154
0 0.70552885 0.62379808 0.01923077 0.03846154
0 0.58533654 0.70913462 0.01562500 0.02884615
0 0.66466346 0.73317308 0.01562500 0.03605769
0 0.73076923 0.69230769 0.01322115 0.03605769
0 0.76802885 0.83894231 0.02043269 0.03245192
0 0.77524038 0.79927885 0.02403846 0.04567308
0 0.78725962 0.85937500 0.01442308 0.03004808
0 0.75000000 0.80048077 0.01802885 0.03245192
0 0.72956731 0.82331731 0.02884615 0.04206731
0 0.69110577 0.83533654 0.02043269 0.03245192
0 0.64783654 0.81971154 0.01562500 0.01923077
0 0.61899038 0.74519231 0.02764423 0.04807692
0 0.66947115 0.92548077 0.01562500 0.02884615
0 0.64783654 0.87980769 0.02043269 0.04206731
0 0.56730769 0.77524038 0.01923077 0.02764423
0 0.57091346 0.74399038 0.01923077 0.03004808
0 0.57451923 0.96875000 0.03245192 0.04206731
0 0.74278846 0.75721154 0.02283654 0.03245192
0 0.73317308 0.50961538 0.01322115 0.01923077
