0 0.11418269 0.28605769 0.02223558 0.02343750
0 0.36177885 0.32932692 0.04146635 0.03485577
0 0.86057692 0.39903846 0.01382212 0.02403846
0 0.82211538 0.34615385 0.01802885 0.03004808
0 0.79086538 0.20072115 0.00961538 0.01802885
0 0.79086538 0.20793269 0.01322115 0.01442308
0 0.79807692 0.22115385 0.01081731 0.01442308
0 0.80408654 0.23076923 0.01442308 0.01562500
0 0.73076923 0.35697115 0.00961538 0.02403846
0 0.63461538 0.24519231 0.02403846 0.01802885
0 0.59495192 0.60336538 0.01081731 0.03125000
0 0.74399038 0.50480769 0.01322115 0.01923077
0 0.87740385 0.56129808 0.01322115 0.02403846
0 0.79086538 0.58894231 0.01562500 0.02043269
0 0.72836538 0.56129808 0.00961538 0.01322115
0 0.71995192 0.62620192 0.01322115 0.02043269
0 0.70673077 0.64182692 0.01081731 0.02403846
0 0.68870192 0.64903846 0.01562500 0.02884615
0 0.67548077 0.69350962 0.01442308 0.02884615
0 0.70913462 0.70793269 0.00961538 0.02403846
0 0.73918269 0.66706731 0.02403846 0.02884615
0 0.76802885 0.70072115 0.02043269 0.04447115
0 0.81009615 0.66466346 0.01322115 0.01923077
0 0.84735577 0.64783654 0.01923077 0.03125000
0 0.80168269 0.73798077 0.01442308 0.02524038
0 0.89182692 0.61899038 0.01322115 0.01923077
0 0.87980769 0.64903846 0.01322115 0.02043269
0 0.73076923 0.32932692 0.01081731 0.02043269
0 0.02644231 0.77884615 0.02884615 0.01923077
0 0.06490385 0.78365385 0.02403846 0.02884615
0 0.10576923 0.77764423 0.01442308 0.01682692
0 0.08413462 0.87860577 0.01562500 0.02884615
0 0.10456731 0.82451923 0.02403846 0.04567308
0 0.09254808 0.93870192 0.01802885 0.02644231
0 0.00360577 0.96514423 0.00721154 0.03125000
0 0.18028846 0.91105769 0.03365385 0.04086538
0 0.56370192 0.77524038 0.01201923 0.01201923
0 0.61298077 0.77403846 0.01923077 0.00961538
0 0.64663462 0.79567308 0.01322115 0.02403846
0 0.62259615 0.83894231 0.00961538 0.02403846
0 0.51562500 0.92908654 0.02163462 0.03605769
0 0.64302885 0.91105769 0.01802885 0.02644231
0 0.72235577 0.87259615 0.01562500 0.03605769
