0 0.53485577 0.28245192 0.01322115 0.01923077
0 0.48076923 0.20552885 0.00480769 0.01682692
0 0.82692308 0.41225962 0.03605769 0.04447115
0 0.81730769 0.49038462 0.03725962 0.04447115
0 0.72235577 0.52403846 0.04447115 0.08653846
0 0.72355769 0.56730769 0.03125000 0.05168269
0 0.72596154 0.77043269 0.03365385 0.04807692
0 0.72956731 0.93870192 0.04086538 0.04206731
0 0.83173077 0.84134615 0.04567308 0.05408654
0 0.84375000 0.89062500 0.03245192 0.05408654
0 0.84134615 0.75480769 0.03245192 0.05168269
0 0.92307692 0.73557692 0.03605769 0.07211538
0 0.89663462 0.79567308 0.03605769 0.05649038
0 0.91826923 0.90985577 0.04086538 0.07211538
0 0.82692308 0.80649038 0.02403846 0.04206731
