0 0.71033654 0.00841346 0.01201923 0.01682692
0 0.61658654 0.03365385 0.01442308 0.01923077
0 0.55288462 0.00480769 0.00961538 0.00961538
0 0.53966346 0.06129808 0.01201923 0.02043269
0 0.53245192 0.08413462 0.00961538 0.02043269
0 0.51682692 0.08774038 0.01442308 0.02764423
0 0.50000000 0.13221154 0.01201923 0.02644231
0 0.54086538 0.14783654 0.00961538 0.02524038
0 0.56610577 0.10096154 0.00961538 0.01923077
0 0.59134615 0.13221154 0.01442308 0.02403846
0 0.65024038 0.09014423 0.01201923 0.01923077
0 0.67908654 0.12139423 0.01562500 0.02644231
0 0.62500000 0.17788462 0.01201923 0.02163462
0 0.59975962 0.21995192 0.00961538 0.02403846
0 0.49519231 0.31009615 0.01442308 0.03365385
0 0.62259615 0.28605769 0.01682692 0.02644231
0 0.69951923 0.25240385 0.01562500 0.03605769
0 0.71875000 0.06129808 0.01201923 0.01923077
0 0.70913462 0.08774038 0.01201923 0.02043269
0 0.06730769 0.40625000 0.01201923 0.03846154
0 0.22836538 0.33533654 0.02403846 0.01201923
0 0.14903846 0.38942308 0.01442308 0.03846154
0 0.12019231 0.37980769 0.02043269 0.03725962
0 0.10697115 0.44711538 0.01201923 0.02764423
0 0.12860577 0.41947115 0.01682692 0.03125000
0 0.16105769 0.38461538 0.01201923 0.03605769
0 0.20192308 0.41706731 0.02524038 0.03485577
0 0.24639423 0.39783654 0.02163462 0.03605769
0 0.26802885 0.33413462 0.02644231 0.00961538
0 0.22836538 0.50961538 0.01923077 0.03245192
0 0.24519231 0.46274038 0.02043269 0.03846154
0 0.23197115 0.57932692 0.01923077 0.02764423
0 0.31971154 0.33413462 0.01923077 0.00961538
0 0.13581731 0.59975962 0.03004808 0.03485577
0 0.32451923 0.54807692 0.01923077 0.03725962
0 0.15384615 0.33533654 0.01923077 0.01201923
0 0.31610577 0.36057692 0.01201923 0.02644231
0 0.33173077 0.34495192 0.01201923 0.02043269
0 0.69110577 0.77884615 0.02524038 0.03004808
