0 0.24639423 0.03004808 0.03365385 0.05288462
0 0.78245192 0.27043269 0.02884615 0.02584135
0 0.90625000 0.18750000 0.02764423 0.04807692
0 0.59615385 0.06370192 0.03725962 0.04807692
0 0.61177885 0.36658654 0.02884615 0.05769231
0 0.55168269 0.38461538 0.02524038 0.04807692
0 0.66105769 0.11778846 0.03004808 0.04807692
0 0.63221154 0.47836538 0.02403846 0.04326923
0 0.73197115 0.16947115 0.02403846 0.04086538
0 0.80168269 0.02403846 0.02163462 0.04807692
0 0.58413462 0.28846154 0.02884615 0.05288462
0 0.65504808 0.16706731 0.02524038 0.04326923
0 0.06850962 0.79326923 0.02283654 0.03846154
0 0.16466346 0.70793269 0.02524038 0.05769231
0 0.18149038 0.76322115 0.01923077 0.07091346
0 0.09495192 0.53846154 0.02764423 0.05649038
0 0.04807692 0.72596154 0.03245192 0.07091346
0 0.12620192 0.88341346 0.02884615 0.08533654
0 0.10937500 0.72596154 0.02403846 0.05649038
0 0.21274038 0.64182692 0.03725962 0.08052885
0 0.12620192 0.51442308 0.02163462 0.02884615
