0 0.32692308 0.37740385 0.02403846 0.01923077
0 0.48437500 0.84375000 0.02283654 0.03846154
0 0.43870192 0.84615385 0.03125000 0.03966346
0 0.33774038 0.80048077 0.02283654 0.03846154
0 0.37259615 0.59134615 0.01923077 0.04326923
0 0.15024038 0.59855769 0.01923077 0.03966346
0 0.30288462 0.83533654 0.03004808 0.04687500
0 0.41225962 0.95793269 0.03004808 0.05168269
0 0.27524038 0.84375000 0.03125000 0.04567308
0 0.37860577 0.96033654 0.02403846 0.04326923
0 0.41105769 0.98437500 0.01442308 0.03125000
0 0.47596154 0.74038462 0.03605769 0.05168269
0 0.44831731 0.78485577 0.03485577 0.04687500
0 0.37980769 0.81850962 0.02283654 0.04326923
0 0.22475962 0.45673077 0.02644231 0.04687500
0 0.28245192 0.43509615 0.03125000 0.04206731
0 0.12860577 0.48557692 0.02764423 0.04807692
0 0.34975962 0.94110577 0.02764423 0.04807692
0 0.08413462 0.60817308 0.02764423 0.06129808
0 0.31370192 0.39783654 0.02644231 0.03004808
0 0.36177885 0.81250000 0.01923077 0.03485577
0 0.75721154 0.68269231 0.02884615 0.04146635
0 0.79567308 0.83533654 0.01682692 0.03966346
0 0.87500000 0.78485577 0.03125000 0.05048077
0 0.91105769 0.93750000 0.02403846 0.03125000
0 0.84375000 0.56730769 0.01923077 0.03966346
0 0.78846154 0.66105769 0.03485577 0.04687500
0 0.97475962 0.70312500 0.03125000 0.05168269
0 0.95432692 0.76682692 0.02283654 0.03846154
0 0.91706731 0.41105769 0.02764423 0.04807692
0 0.68389423 0.57331731 0.02644231 0.04326923
0 0.85697115 0.54206731 0.01923077 0.04206731
0 0.93509615 0.69110577 0.02764423 0.04567308
0 0.65024038 0.99519231 0.01682692 0.00961538
0 0.81129808 0.89903846 0.02043269 0.03966346
