0 0.56850962 0.05769231 0.03605769 0.06069712
0 0.92307692 0.44591346 0.02884615 0.02403846
0 0.31250000 0.93509615 0.01322115 0.02403846
0 0.27163462 0.88221154 0.01802885 0.03125000
0 0.24278846 0.73197115 0.00961538 0.01802885
0 0.24278846 0.74038462 0.01442308 0.01442308
0 0.24879808 0.75120192 0.01081731 0.01442308
0 0.25480769 0.76201923 0.01442308 0.01682692
0 0.18028846 0.89182692 0.00961538 0.02403846
0 0.07932692 0.77644231 0.02403846 0.01802885
0 0.18149038 0.86177885 0.01081731 0.02163462
