0 0.65985577 0.53846154 0.01201923 0.01923077
0 0.69711538 0.53485577 0.01923077 0.03966346
0 0.70312500 0.58173077 0.00961538 0.02644231
0 0.59254808 0.67067308 0.02163462 0.01442308
0 0.73197115 0.64182692 0.01442308 0.02524038
0 0.66225962 0.61538462 0.01923077 0.03966346
0 0.75120192 0.63822115 0.01201923 0.02884615
0 0.71634615 0.46033654 0.01562500 0.02043269
0 0.72355769 0.47235577 0.01682692 0.02163462
0 0.98918269 0.40144231 0.01201923 0.02163462
0 0.63701923 0.36177885 0.01562500 0.03004808
0 0.65985577 0.33533654 0.01923077 0.02403846
0 0.63942308 0.31971154 0.01562500 0.02884615
0 0.90504808 0.95312500 0.05168269 0.06310096
