0 0.26081731 0.05408654 0.03485577 0.06850962
0 0.48557692 0.40264423 0.02524038 0.04086538
0 0.79326923 0.23918269 0.02644231 0.05408654
0 0.56971154 0.43269231 0.02043269 0.03125000
0 0.47956731 0.20552885 0.02403846 0.04326923
0 0.64903846 0.35697115 0.02524038 0.03966346
0 0.62620192 0.45552885 0.03004808 0.03966346
0 0.89783654 0.26923077 0.02884615 0.05048077
0 0.68870192 0.38341346 0.02043269 0.03485577
0 0.59375000 0.50000000 0.03365385 0.06490385
0 0.53966346 0.35817308 0.02524038 0.03485577
0 0.53365385 0.50000000 0.01562500 0.03125000
0 0.64543269 0.02163462 0.01682692 0.04326923
0 0.64903846 0.01923077 0.00961538 0.03846154
0 0.56610577 0.39543269 0.01562500 0.03485577
0 0.58052885 0.39182692 0.01562500 0.04086538
0 0.54687500 0.40504808 0.01562500 0.04326923
0 0.42427885 0.90264423 0.00721154 0.05048077
0 0.34615385 0.87019231 0.02524038 0.05528846
0 0.05408654 0.89903846 0.02524038 0.03125000
0 0.07812500 0.91105769 0.03605769 0.03846154
0 0.52884615 0.69350962 0.02524038 0.04086538
0 0.83533654 0.54687500 0.02644231 0.01682692
0 0.61298077 0.72355769 0.02043269 0.03125000
0 0.69230769 0.64783654 0.02524038 0.03966346
0 0.66947115 0.74639423 0.03004808 0.03966346
0 0.93990385 0.56129808 0.02884615 0.04567308
0 0.58293269 0.93149038 0.03605769 0.03846154
0 0.73197115 0.67427885 0.02043269 0.03485577
0 0.63701923 0.79086538 0.03365385 0.06490385
0 0.58293269 0.64903846 0.02524038 0.03485577
0 0.57692308 0.79086538 0.01562500 0.03125000
0 0.60937500 0.68629808 0.01562500 0.03485577
0 0.62379808 0.68269231 0.01562500 0.04086538
0 0.59014423 0.69591346 0.01562500 0.04326923
