0 0.55889423 0.29447115 0.02163462 0.03846154
0 0.63461538 0.23197115 0.02524038 0.04206731
0 0.66466346 0.16706731 0.02283654 0.03966346
0 0.54927885 0.30528846 0.02163462 0.03846154
0 0.59615385 0.20913462 0.02524038 0.04447115
0 0.66586538 0.30288462 0.02163462 0.03605769
0 0.69951923 0.32451923 0.03004808 0.04927885
0 0.57812500 0.22235577 0.02283654 0.03966346
0 0.08413462 0.59375000 0.02644231 0.05528846
0 0.66826923 0.49639423 0.02884615 0.02704327
0 0.53605769 0.44471154 0.02163462 0.02524038
