0 0.46033654 0.39903846 0.01682692 0.04326923
0 0.28605769 0.37980769 0.03425481 0.02944712
0 0.61778846 0.32932692 0.01382212 0.02524038
0 0.65264423 0.28725962 0.01923077 0.03245192
0 0.67187500 0.12259615 0.00961538 0.01682692
0 0.67427885 0.12980769 0.01322115 0.01442308
0 0.66706731 0.13942308 0.01322115 0.01802885
0 0.66105769 0.15264423 0.01322115 0.01442308
0 0.73677885 0.28245192 0.01322115 0.02884615
0 0.88461538 0.16947115 0.02403846 0.01802885
0 0.86418269 0.56250000 0.01081731 0.03365385
0 0.71995192 0.41947115 0.01442308 0.02283654
0 0.59615385 0.49158654 0.01682692 0.02884615
0 0.67427885 0.51923077 0.01442308 0.01923077
0 0.74038462 0.48437500 0.00961538 0.01442308
0 0.74759615 0.55288462 0.01682692 0.02764423
0 0.76201923 0.58413462 0.00961538 0.02163462
0 0.78485577 0.58052885 0.02283654 0.04206731
0 0.79447115 0.63461538 0.01322115 0.02764423
0 0.77163462 0.63461538 0.02283654 0.02163462
0 0.73437500 0.59735577 0.02644231 0.03605769
0 0.69951923 0.63822115 0.02163462 0.03125000
0 0.66105769 0.59735577 0.02403846 0.02764423
0 0.62379808 0.54687500 0.02283654 0.04086538
0 0.66225962 0.67067308 0.01802885 0.03125000
0 0.69110577 0.72475962 0.01081731 0.02764423
0 0.57932692 0.57211538 0.01682692 0.02163462
0 0.58173077 0.57812500 0.01442308 0.02163462
0 0.73197115 0.25240385 0.01081731 0.02163462
0 0.58894231 0.74519231 0.02884615 0.02884615
