0 0.10456731 0.24759615 0.02223558 0.03725962
0 0.32331731 0.74759615 0.03245192 0.04807692
0 0.47115385 0.38461538 0.03125000 0.06370192
0 0.21153846 0.35697115 0.02403846 0.01682692
0 0.23677885 0.40144231 0.02163462 0.05168269
0 0.42788462 0.66826923 0.02163462 0.04567308
0 0.22596154 0.52043269 0.02524038 0.04206731
0 0.45072115 0.48557692 0.02884615 0.05168269
0 0.31610577 0.90985577 0.02524038 0.04086538
0 0.32572115 0.48197115 0.02764423 0.05649038
0 0.38942308 0.99278846 0.02403846 0.01442308
0 0.48437500 0.57091346 0.02524038 0.04567308
0 0.26923077 0.57091346 0.02403846 0.03605769
0 0.29927885 0.43509615 0.02403846 0.05649038
0 0.45552885 0.45432692 0.02764423 0.05408654
0 0.21033654 0.81730769 0.03365385 0.05408654
0 0.29326923 0.62379808 0.03365385 0.07211538
0 0.97956731 0.97475962 0.02163462 0.05048077
0 0.93269231 0.97836538 0.01923077 0.04326923
0 0.99519231 0.47836538 0.00961538 0.03365385
