0 0.54687500 0.64903846 0.01682692 0.03846154
0 0.89543269 0.54206731 0.01562500 0.02644231
0 0.94471154 0.41826923 0.00841346 0.02524038
0 0.70552885 0.38221154 0.00841346 0.01201923
0 0.77403846 0.17548077 0.00841346 0.01802885
0 0.59495192 0.09375000 0.00841346 0.02403846
0 0.03365385 0.99278846 0.02884615 0.01442308
0 0.08052885 0.84855769 0.01802885 0.03605769
0 0.03605769 0.94951923 0.02644231 0.05048077
0 0.00961538 0.99038462 0.01923077 0.01923077
0 0.01682692 0.83894231 0.02884615 0.05048077
0 0.04807692 0.93028846 0.02403846 0.01802885
0 0.05288462 0.90745192 0.02644231 0.03605769
0 0.92668269 0.96995192 0.02403846 0.02644231
0 0.44350962 0.67427885 0.02644231 0.01201923
0 0.48557692 0.94230769 0.02283654 0.04567308
0 0.56250000 0.68870192 0.03846154 0.04086538
0 0.67427885 0.80408654 0.02764423 0.04567308
0 0.47475962 0.89302885 0.03245192 0.04567308
0 0.60937500 0.77403846 0.02403846 0.04206731
0 0.49038462 0.87980769 0.02163462 0.02884615
0 0.45793269 0.71033654 0.02403846 0.03725962
0 0.41105769 0.67668269 0.02884615 0.01682692
0 0.74399038 0.83774038 0.01682692 0.02884615
0 0.74158654 0.80528846 0.01682692 0.03605769
0 0.39543269 0.83774038 0.01923077 0.04206731
0 0.39062500 0.82091346 0.04567308 0.07451923
