0 0.24278846 0.16466346 0.02584135 0.05468750
0 0.58653846 0.59495192 0.00480769 0.03125000
0 0.51201923 0.63581731 0.02644231 0.03725962
0 0.44110577 0.56610577 0.01322115 0.03605769
0 0.42427885 0.69831731 0.01322115 0.03245192
0 0.39663462 0.68509615 0.01682692 0.03245192
0 0.37740385 0.76682692 0.01442308 0.03125000
0 0.39423077 0.72475962 0.02163462 0.04086538
0 0.42788462 0.70432692 0.01201923 0.02764423
0 0.47716346 0.72956731 0.02884615 0.04086538
0 0.52884615 0.71274038 0.02403846 0.03966346
0 0.54086538 0.59134615 0.02644231 0.04687500
0 0.51442308 0.83173077 0.01802885 0.03125000
0 0.53485577 0.77764423 0.01923077 0.03966346
0 0.51682692 0.90384615 0.02163462 0.03245192
0 0.41826923 0.93149038 0.02884615 0.03245192
0 0.42908654 0.60937500 0.02403846 0.03725962
0 0.34495192 0.73437500 0.01322115 0.02283654
0 0.70432692 0.53605769 0.01923077 0.03365385
