0 0.55649038 0.29927885 0.03846154 0.02884615
0 0.11778846 0.73197115 0.01081731 0.03245192
0 0.26802885 0.63221154 0.01322115 0.01923077
0 0.25120192 0.68870192 0.00961538 0.01322115
0 0.24399038 0.75480769 0.01322115 0.02043269
0 0.23076923 0.77043269 0.01081731 0.02403846
0 0.21274038 0.77764423 0.01562500 0.02884615
0 0.19951923 0.82211538 0.01442308 0.02884615
0 0.23197115 0.83774038 0.00961538 0.02403846
0 0.26322115 0.79567308 0.02403846 0.02884615
0 0.29206731 0.82932692 0.02043269 0.04447115
0 0.30168269 0.90745192 0.01081731 0.02764423
0 0.19951923 0.98798077 0.02403846 0.02403846
0 0.53485577 0.56730769 0.02884615 0.04687500
0 0.54807692 0.68389423 0.03004808 0.03485577
0 0.69591346 0.64423077 0.03485577 0.06730769
0 0.70072115 0.71274038 0.02764423 0.05769231
0 0.65384615 0.98437500 0.04807692 0.03125000
0 0.53485577 0.98197115 0.03605769 0.03605769
0 0.49399038 0.97836538 0.03125000 0.04326923
0 0.59495192 0.95432692 0.03725962 0.05168269
