0 0.90625000 0.26562500 0.01322115 0.02403846
0 0.86778846 0.22115385 0.01802885 0.03245192
0 0.84375000 0.06490385 0.00961538 0.01802885
0 0.84375000 0.06971154 0.01442308 0.01442308
0 0.85096154 0.08052885 0.01081731 0.01442308
0 0.85697115 0.08894231 0.01442308 0.01562500
0 0.78245192 0.21875000 0.01081731 0.02403846
0 0.65625000 0.10697115 0.02283654 0.01562500
0 0.64903846 0.48677885 0.01081731 0.03245192
0 0.79687500 0.36418269 0.01442308 0.02043269
0 0.92427885 0.42668269 0.01442308 0.02524038
0 0.84134615 0.45673077 0.01562500 0.02043269
0 0.77884615 0.42788462 0.01081731 0.01442308
0 0.77283654 0.49278846 0.01442308 0.02403846
0 0.75721154 0.51682692 0.01081731 0.02403846
0 0.73557692 0.51562500 0.02043269 0.03725962
0 0.72355769 0.55408654 0.01442308 0.00721154
0 0.78846154 0.53846154 0.02283654 0.03245192
0 0.85937500 0.53485577 0.01322115 0.01923077
0 0.89543269 0.49879808 0.01923077 0.03245192
0 0.94230769 0.48437500 0.01322115 0.02043269
0 0.93269231 0.51562500 0.01322115 0.02043269
0 0.78485577 0.19110577 0.01081731 0.02043269
0 0.71514423 0.78365385 0.02824519 0.03425481
0 0.72956731 0.90985577 0.01442308 0.03725962
0 0.80288462 0.87379808 0.03004808 0.04807692
0 0.74639423 0.97115385 0.01562500 0.04086538
0 0.50841346 0.63581731 0.03004808 0.04086538
0 0.64663462 0.66826923 0.03365385 0.03725962
0 0.89663462 0.79807692 0.02524038 0.05048077
0 0.87379808 0.86057692 0.02043269 0.03605769
0 0.83533654 0.99399038 0.02163462 0.01201923
0 0.86177885 0.78365385 0.01923077 0.03605769
0 0.72956731 0.75120192 0.03004808 0.04086538
0 0.77524038 0.66466346 0.01923077 0.03245192
0 0.78846154 0.63461538 0.01562500 0.03605769
