0 0.16105769 0.46875000 0.02524038 0.08233173
0 0.10937500 0.69831731 0.03605769 0.06730769
0 0.00600962 0.67187500 0.01201923 0.06009615
0 0.10697115 0.89543269 0.03966346 0.07572115
0 0.10096154 0.96274038 0.02764423 0.06009615
0 0.29326923 0.62980769 0.02403846 0.02403846
0 0.83533654 0.93149038 0.01201923 0.02043269
0 0.78605769 0.87620192 0.03125000 0.03485577
0 0.73317308 0.72836538 0.01081731 0.01923077
0 0.73557692 0.73918269 0.01322115 0.01562500
0 0.74158654 0.75600962 0.01201923 0.01562500
0 0.74519231 0.76802885 0.01562500 0.01682692
0 0.65625000 0.87740385 0.00841346 0.01682692
0 0.65745192 0.89302885 0.00841346 0.01682692
0 0.66826923 0.90865385 0.01201923 0.02764423
0 0.66706731 0.88581731 0.01201923 0.02043269
0 0.62620192 0.78846154 0.02524038 0.01923077
0 0.65384615 0.91346154 0.01201923 0.01682692
