0 0.60937500 0.14182692 0.01862981 0.03305288
0 0.93870192 0.27403846 0.03365385 0.05889423
0 0.98076923 0.40745192 0.03846154 0.02163462
0 0.70312500 0.16826923 0.03365385 0.05048077
0 0.51923077 0.31730769 0.01923077 0.04326923
0 0.56009615 0.39182692 0.01201923 0.02524038
0 0.61418269 0.04687500 0.02403846 0.04687500
0 0.52043269 0.40745192 0.02163462 0.02163462
0 0.73317308 0.19591346 0.02043269 0.04086538
0 0.91586538 0.07692308 0.01322115 0.03245192
0 0.91706731 0.04206731 0.01682692 0.02644231
0 0.57451923 0.02043269 0.02403846 0.04086538
0 0.69350962 0.14302885 0.03245192 0.04206731
0 0.65865385 0.32451923 0.04086538 0.05528846
0 0.61778846 0.02283654 0.02524038 0.03365385
0 0.72956731 0.01322115 0.02163462 0.02644231
0 0.82091346 0.18870192 0.01682692 0.03365385
0 0.83653846 0.13581731 0.03004808 0.04206731
0 0.86418269 0.12980769 0.02163462 0.03846154
