0 0.63221154 0.10096154 0.03485577 0.04206731
0 0.78605769 0.06250000 0.03846154 0.07331731
0 0.78725962 0.13221154 0.02884615 0.06009615
0 0.74158654 0.41706731 0.04447115 0.05048077
0 0.73197115 0.56250000 0.05168269 0.05288462
0 0.62019231 0.41105769 0.03725962 0.04326923
0 0.64302885 0.53365385 0.03125000 0.05288462
0 0.60336538 0.46033654 0.03365385 0.05528846
0 0.57572115 0.40625000 0.03125000 0.06370192
0 0.59735577 0.46875000 0.03365385 0.05288462
0 0.58173077 0.55408654 0.03485577 0.06370192
0 0.67908654 0.37620192 0.03846154 0.05288462
0 0.37740385 0.82812500 0.02824519 0.05709135
0 0.31370192 0.72836538 0.02043269 0.03365385
0 0.40625000 0.76442308 0.00480769 0.03365385
0 0.19951923 0.83894231 0.02283654 0.03846154
0 0.20552885 0.70673077 0.02043269 0.03004808
0 0.27043269 0.95673077 0.02163462 0.05288462
0 0.29687500 0.67187500 0.01682692 0.03004808
0 0.18990385 0.70072115 0.02163462 0.03004808
0 0.24879808 0.75000000 0.02163462 0.03365385
0 0.19350962 0.97235577 0.02163462 0.03725962
0 0.26201923 0.78004808 0.01802885 0.03365385
0 0.37740385 0.96754808 0.03004808 0.05048077
0 0.30048077 0.64663462 0.01802885 0.02884615
0 0.34495192 0.64302885 0.01682692 0.02644231
0 0.17788462 0.77163462 0.02163462 0.03725962
0 0.57331731 0.84735577 0.02403846 0.03725962
