0 0.76322115 0.20913462 0.01562500 0.04086538
0 0.90504808 0.01322115 0.01682692 0.02644231
0 0.94831731 0.12980769 0.01682692 0.03725962
0 0.87860577 0.09254808 0.01322115 0.03605769
0 0.83774038 0.24158654 0.02163462 0.03725962
0 0.83173077 0.19831731 0.02524038 0.04807692
0 0.81610577 0.26322115 0.01562500 0.03245192
0 0.85697115 0.21033654 0.01682692 0.03365385
0 0.87980769 0.22475962 0.03125000 0.04206731
0 0.91826923 0.23798077 0.02163462 0.03365385
0 0.96634615 0.22716346 0.01682692 0.02043269
0 0.99038462 0.13942308 0.01923077 0.05288462
0 0.94230769 0.33894231 0.01682692 0.03245192
0 0.96274038 0.28485577 0.02163462 0.04807692
0 0.94951923 0.40504808 0.01923077 0.02884615
0 0.84014423 0.42788462 0.03125000 0.02403846
0 0.86538462 0.15384615 0.02403846 0.03365385
0 0.06850962 0.58533654 0.02163462 0.02884615
0 0.76682692 0.48197115 0.03966346 0.04927885
0 0.77644231 0.58052885 0.03605769 0.04206731
0 0.89423077 0.58774038 0.04086538 0.07812500
0 0.88461538 0.63581731 0.03125000 0.06490385
0 0.88221154 0.86899038 0.03365385 0.04807692
0 0.76322115 0.93028846 0.04807692 0.05649038
0 0.76201923 0.98076923 0.03365385 0.03846154
0 0.75600962 0.87139423 0.03245192 0.05168269
0 0.68990385 0.82572115 0.03365385 0.06850962
0 0.70673077 0.90504808 0.03605769 0.05649038
0 0.69230769 0.98798077 0.03846154 0.02403846
0 0.78125000 0.88822115 0.02403846 0.03966346
