0 0.21153846 0.23918269 0.02463942 0.03665865
0 0.66346154 0.09615385 0.02103365 0.04206731
0 0.48317308 0.05288462 0.02884615 0.04326923
0 0.68149038 0.07812500 0.02163462 0.04447115
0 0.09134615 0.64302885 0.01442308 0.02644231
0 0.00721154 0.66826923 0.01442308 0.01923077
0 0.02043269 0.75120192 0.02163462 0.02524038
0 0.06250000 0.70793269 0.02043269 0.03365385
0 0.02163462 0.82091346 0.01682692 0.03004808
0 0.00721154 0.94711538 0.01442308 0.02884615
0 0.11177885 0.69711538 0.01322115 0.02163462
0 0.10336538 0.73317308 0.01322115 0.02163462
0 0.09855769 0.91346154 0.02524038 0.04447115
0 0.57211538 0.89302885 0.02524038 0.03185096
