0 0.12860577 0.30048077 0.02343750 0.02944712
0 0.98557692 0.04927885 0.01802885 0.03125000
0 0.98798077 0.12379808 0.02163462 0.03365385
0 0.88701923 0.15384615 0.03004808 0.03365385
0 0.06129808 0.92788462 0.03004808 0.05649038
0 0.02644231 0.52524038 0.02043269 0.03846154
0 0.05048077 0.57692308 0.01802885 0.03485577
0 0.24038462 0.67427885 0.01802885 0.06009615
0 0.12620192 0.76802885 0.02644231 0.04927885
0 0.03966346 0.67788462 0.02043269 0.03004808
0 0.06129808 0.80889423 0.02524038 0.05528846
0 0.96875000 0.51442308 0.03365385 0.06009615
0 0.83894231 0.41346154 0.03846154 0.00961538
0 0.86298077 0.50961538 0.03846154 0.06490385
0 0.80769231 0.63221154 0.03365385 0.05168269
0 0.82091346 0.76322115 0.03365385 0.03966346
0 0.97355769 0.71514423 0.03605769 0.06971154
0 0.97716346 0.78485577 0.02644231 0.05769231
