0 0.64903846 0.30168269 0.02644231 0.04447115
0 0.21995192 0.80528846 0.03305288 0.04507212
0 0.35576923 0.46995192 0.02884615 0.05769231
0 0.11778846 0.43028846 0.02403846 0.04326923
0 0.13942308 0.48557692 0.02043269 0.04687500
0 0.31610577 0.73197115 0.02043269 0.04206731
0 0.12980769 0.59615385 0.02403846 0.03966346
0 0.33653846 0.56370192 0.02644231 0.04687500
0 0.21274038 0.95432692 0.02403846 0.03725962
0 0.22115385 0.56009615 0.02524038 0.05168269
0 0.36778846 0.64182692 0.02403846 0.04206731
0 0.17067308 0.64182692 0.02163462 0.03245192
0 0.19831731 0.51682692 0.02163462 0.05168269
0 0.34134615 0.53485577 0.02524038 0.05048077
0 0.11538462 0.86899038 0.03125000 0.05048077
0 0.19230769 0.69110577 0.03125000 0.06610577
0 0.99158654 0.68269231 0.00961538 0.02403846
0 0.90504808 0.57331731 0.02403846 0.01682692
0 0.85456731 0.92187500 0.01081731 0.03125000
0 0.99759615 0.83173077 0.00480769 0.01923077
0 0.98798077 0.88461538 0.00961538 0.01201923
0 0.97956731 0.94711538 0.01201923 0.02043269
0 0.96754808 0.96634615 0.01081731 0.02403846
0 0.94951923 0.97115385 0.01442308 0.02884615
0 0.99399038 0.98918269 0.01201923 0.02163462
0 0.98918269 0.65625000 0.01081731 0.02043269
