0 0.45432692 0.57451923 0.04387019 0.02944712
0 0.81971154 0.01562500 0.01562500 0.03004808
0 0.90745192 0.09134615 0.01923077 0.03846154
0 0.78605769 0.16947115 0.01562500 0.02884615
0 0.86778846 0.20072115 0.01562500 0.03485577
0 0.93269231 0.15745192 0.01322115 0.02884615
0 0.95192308 0.26081731 0.01923077 0.03245192
0 0.97596154 0.26562500 0.02403846 0.04447115
0 0.98677885 0.32091346 0.01442308 0.03004808
0 0.97115385 0.30889423 0.01562500 0.03245192
0 0.92788462 0.28365385 0.02764423 0.03966346
0 0.89182692 0.30168269 0.02043269 0.03004808
0 0.85096154 0.28365385 0.02403846 0.02884615
0 0.81971154 0.21634615 0.02403846 0.04326923
0 0.85216346 0.34615385 0.01802885 0.02884615
0 0.87620192 0.39903846 0.02043269 0.04447115
0 0.87500000 0.48317308 0.01562500 0.02524038
0 0.77043269 0.24519231 0.01923077 0.02764423
0 0.77283654 0.21394231 0.01802885 0.02524038
0 0.96754808 0.47956731 0.02884615 0.03245192
0 0.77884615 0.43149038 0.03485577 0.04326923
0 0.94350962 0.22596154 0.02283654 0.03245192
0 0.60096154 0.80649038 0.02163462 0.03004808
0 0.66826923 0.90985577 0.02043269 0.03966346
