0 0.73918269 0.64302885 0.03125000 0.05528846
0 0.67908654 0.68269231 0.02884615 0.05168269
0 0.81850962 0.53846154 0.02644231 0.01923077
0 0.73437500 0.83653846 0.02403846 0.05649038
0 0.88701923 0.57572115 0.03125000 0.05168269
0 0.89663462 0.80528846 0.01442308 0.03125000
0 0.93269231 0.77403846 0.01442308 0.02644231
0 0.92668269 0.78966346 0.01081731 0.03125000
0 0.65264423 0.54927885 0.04567308 0.04086538
0 0.65384615 0.55288462 0.01682692 0.03245192
0 0.67307692 0.79206731 0.02644231 0.04326923
0 0.65024038 0.80288462 0.02283654 0.03725962
