0 0.64903846 0.27644231 0.02043269 0.03966346
0 0.77764423 0.29206731 0.02043269 0.04447115
0 0.82932692 0.42187500 0.03365385 0.05168269
0 0.66947115 0.00600962 0.02644231 0.01201923
0 0.74879808 0.42548077 0.02283654 0.04206731
0 0.60096154 0.21875000 0.01923077 0.04326923
0 0.72355769 0.19951923 0.02764423 0.02764423
0 0.77884615 0.16706731 0.04807692 0.04927885
0 0.71153846 0.43149038 0.01923077 0.03725962
0 0.71875000 0.01682692 0.02403846 0.03365385
0 0.94230769 0.09855769 0.03004808 0.04807692
0 0.95913462 0.14903846 0.03485577 0.03725962
0 0.75000000 0.04206731 0.02043269 0.03365385
0 0.68990385 0.24639423 0.01562500 0.02884615
0 0.89302885 0.47475962 0.02163462 0.00721154
0 0.57692308 0.37740385 0.01923077 0.04807692
0 0.82572115 0.53004808 0.02884615 0.03485577
0 0.68389423 0.52043269 0.03725962 0.06971154
0 0.68870192 0.60456731 0.03004808 0.06370192
0 0.76802885 0.91586538 0.03485577 0.04447115
0 0.85096154 0.92788462 0.03725962 0.05168269
0 0.89182692 0.96754808 0.03365385 0.06490385
0 0.85336538 0.98798077 0.02884615 0.02403846
0 0.81250000 0.89903846 0.03004808 0.04206731
