0 0.91826923 0.41586538 0.00961538 0.02944712
0 0.94471154 0.28004808 0.02283654 0.05889423
0 0.94711538 0.28004808 0.01081731 0.02644231
0 0.96033654 0.35096154 0.01442308 0.02764423
0 0.16105769 0.79807692 0.01322115 0.04086538
0 0.02764423 0.60216346 0.01682692 0.02644231
0 0.05408654 0.66346154 0.01322115 0.03966346
0 0.07211538 0.78485577 0.01322115 0.03966346
0 0.10216346 0.77403846 0.01923077 0.03846154
0 0.11418269 0.84375000 0.01322115 0.03004808
0 0.09254808 0.81971154 0.01802885 0.03245192
0 0.05769231 0.78004808 0.01322115 0.03605769
0 0.01682692 0.81730769 0.02644231 0.03605769
0 0.08533654 0.99399038 0.03125000 0.01201923
0 0.06610577 0.72475962 0.02163462 0.03125000
