0 0.53725962 0.34735577 0.04567308 0.14182692
0 0.82692308 0.24519231 0.02884615 0.04387019
0 0.83533654 0.11418269 0.03485577 0.03004808
0 0.69591346 0.38341346 0.02524038 0.04807692
0 0.74519231 0.29807692 0.04807692 0.05408654
0 0.78605769 0.25721154 0.01562500 0.02524038
0 0.21514423 0.74519231 0.03846154 0.03245192
0 0.72836538 0.66586538 0.01081731 0.01923077
0 0.68269231 0.61418269 0.02884615 0.03245192
0 0.63341346 0.47596154 0.00721154 0.01923077
0 0.63581731 0.48557692 0.01201923 0.01442308
0 0.64182692 0.50240385 0.01081731 0.01442308
0 0.64543269 0.51322115 0.01442308 0.01562500
0 0.73317308 0.84254808 0.01322115 0.02403846
0 0.63822115 0.87139423 0.01442308 0.01923077
0 0.67187500 0.93028846 0.01322115 0.01923077
0 0.70072115 0.96033654 0.01562500 0.02764423
0 0.74278846 0.89903846 0.01322115 0.01923077
0 0.73197115 0.92788462 0.01322115 0.02043269
