0 0.39423077 0.34375000 0.03365385 0.02884615
0 0.26442308 0.42548077 0.03725962 0.04687500
0 0.27283654 0.51802885 0.03365385 0.04086538
0 0.38461538 0.52524038 0.03846154 0.07451923
0 0.37620192 0.57091346 0.02884615 0.06129808
0 0.37379808 0.79206731 0.03245192 0.04567308
0 0.36177885 0.94591346 0.04206731 0.04326923
0 0.26081731 0.84975962 0.04567308 0.05288462
0 0.26081731 0.90745192 0.03245192 0.05288462
0 0.25360577 0.79447115 0.03004808 0.04807692
0 0.19230769 0.75000000 0.03245192 0.06490385
0 0.20673077 0.82572115 0.03365385 0.05288462
0 0.19471154 0.92548077 0.03725962 0.06490385
0 0.27764423 0.80889423 0.02283654 0.03725962
