0 0.00841346 0.23918269 0.01682692 0.07932692
0 0.79447115 0.19350962 0.01201923 0.03245192
0 0.93389423 0.03966346 0.01442308 0.02283654
0 0.97836538 0.13221154 0.01682692 0.03605769
0 0.91105769 0.09495192 0.01322115 0.03125000
0 0.90264423 0.15625000 0.01802885 0.03004808
0 0.86778846 0.20072115 0.02283654 0.04447115
0 0.85697115 0.25480769 0.01442308 0.03004808
0 0.87500000 0.24759615 0.01802885 0.03605769
0 0.91826923 0.21153846 0.02764423 0.04086538
0 0.95312500 0.23918269 0.01923077 0.02764423
0 0.98918269 0.21514423 0.02163462 0.03125000
0 0.99158654 0.28365385 0.01682692 0.02884615
0 0.96754808 0.33653846 0.01923077 0.03725962
0 0.97355769 0.41225962 0.01802885 0.02764423
0 0.87139423 0.41947115 0.03004808 0.03245192
0 0.89182692 0.19951923 0.01442308 0.02764423
