0 0.28125000 0.27403846 0.01442308 0.03846154
0 0.14423077 0.82932692 0.01382212 0.02463942
0 0.18389423 0.78365385 0.01802885 0.03365385
0 0.20913462 0.62019231 0.00961538 0.01802885
0 0.20913462 0.62500000 0.01562500 0.01562500
0 0.20192308 0.63701923 0.01201923 0.01562500
0 0.19471154 0.64663462 0.01562500 0.01682692
0 0.27283654 0.78125000 0.01201923 0.02524038
0 0.25841346 0.93269231 0.01562500 0.02163462
0 0.12379808 0.99158654 0.01682692 0.01682692
0 0.27524038 0.99399038 0.01201923 0.01201923
0 0.27043269 0.75240385 0.01201923 0.02163462
