0 0.18870192 0.18509615 0.02644231 0.03425481
0 0.69591346 0.37259615 0.02163462 0.01442308
0 0.53725962 0.39663462 0.01322115 0.03365385
0 0.53004808 0.55408654 0.01322115 0.03125000
0 0.48798077 0.55649038 0.01802885 0.03245192
0 0.47235577 0.60216346 0.01442308 0.03125000
0 0.49158654 0.52043269 0.02163462 0.04086538
0 0.51562500 0.53365385 0.01081731 0.02644231
0 0.51442308 0.77163462 0.02884615 0.03245192
0 0.52043269 0.43629808 0.02403846 0.03725962
0 0.06129808 0.99278846 0.01682692 0.01442308
0 0.43990385 0.56971154 0.01322115 0.02283654
0 0.55528846 0.83774038 0.01442308 0.03605769
