0 0.19711538 0.06850962 0.02103365 0.03245192
0 0.72836538 0.13701923 0.01682692 0.03125000
0 0.68870192 0.12019231 0.02043269 0.03485577
0 0.62620192 0.07331731 0.01322115 0.03004808
0 0.63822115 0.21875000 0.02163462 0.04206731
0 0.76442308 0.30048077 0.01682692 0.03125000
0 0.68149038 0.33052885 0.01682692 0.03725962
0 0.61177885 0.28725962 0.01322115 0.03966346
0 0.57331731 0.43629808 0.02043269 0.03365385
0 0.56850962 0.39783654 0.02524038 0.04687500
0 0.55408654 0.45793269 0.01442308 0.03125000
0 0.57451923 0.44230769 0.01682692 0.03365385
0 0.61538462 0.41706731 0.02884615 0.04206731
0 0.65384615 0.43870192 0.02283654 0.03365385
0 0.69831731 0.41586538 0.01682692 0.02043269
0 0.73076923 0.34495192 0.02524038 0.04447115
0 0.69831731 0.48437500 0.01802885 0.03365385
0 0.67187500 0.52043269 0.02163462 0.01682692
0 0.78245192 0.37620192 0.02043269 0.03004808
0 0.77884615 0.34254808 0.01802885 0.02884615
0 0.60096154 0.35697115 0.02283654 0.03485577
0 0.61538462 0.09254808 0.01322115 0.02043269
0 0.43870192 0.62139423 0.03485577 0.08533654
0 0.30889423 0.61298077 0.02163462 0.03966346
0 0.28004808 0.75120192 0.02163462 0.03365385
0 0.29927885 0.87740385 0.03125000 0.03725962
0 0.45072115 0.83173077 0.03725962 0.06971154
0 0.45552885 0.91586538 0.02644231 0.05889423
