0 0.34375000 0.35697115 0.02884615 0.04567308
0 0.46995192 0.01322115 0.03605769 0.02644231
0 0.46754808 0.18990385 0.03966346 0.07572115
0 0.46274038 0.25721154 0.02764423 0.06009615
0 0.36298077 0.50000000 0.00961538 0.03846154
0 0.01322115 0.70432692 0.02043269 0.03605769
0 0.87860577 0.53365385 0.03605769 0.02884615
0 0.60937500 0.70192308 0.03605769 0.08894231
0 0.45432692 0.58894231 0.04086538 0.05168269
0 0.47836538 0.75240385 0.02043269 0.08533654
0 0.45192308 0.85817308 0.02884615 0.04687500
0 0.46514423 0.93870192 0.03125000 0.03725962
0 0.61658654 0.92908654 0.03966346 0.07572115
0 0.61177885 0.99158654 0.03125000 0.01682692
0 0.84975962 0.79687500 0.02043269 0.03605769
