0 0.24038462 0.08774038 0.02403846 0.03185096
0 0.70793269 0.12379808 0.05288462 0.10216346
0 0.70913462 0.53846154 0.02163462 0.04447115
0 0.52764423 0.56250000 0.03846154 0.07211538
0 0.45072115 0.50360577 0.03125000 0.05048077
0 0.43509615 0.56610577 0.03605769 0.06971154
0 0.41947115 0.66706731 0.03365385 0.04206731
0 0.43870192 0.73677885 0.03605769 0.04206731
0 0.51682692 0.77884615 0.03846154 0.07451923
0 0.51081731 0.81971154 0.02163462 0.04687500
0 0.51201923 0.99399038 0.02884615 0.01201923
