0 0.17187500 0.53365385 0.04086538 0.02884615
0 0.50841346 0.21875000 0.03906250 0.04026442
0 0.10216346 0.60937500 0.01322115 0.01923077
0 0.06370192 0.60096154 0.02403846 0.04326923
0 0.05288462 0.65024038 0.00961538 0.02884615
0 0.16586538 0.76081731 0.02283654 0.03966346
0 0.08293269 0.80408654 0.02403846 0.04206731
0 0.02043269 0.71754808 0.01081731 0.02764423
0 0.01682692 0.88581731 0.02403846 0.03245192
0 0.00480769 0.85817308 0.00961538 0.03365385
0 0.04326923 0.89302885 0.02403846 0.03485577
0 0.11298077 0.87500000 0.01923077 0.03245192
0 0.10096154 0.69591346 0.01923077 0.03966346
0 0.09134615 0.97475962 0.01562500 0.02524038
0 0.11298077 0.93990385 0.02043269 0.03725962
0 0.18269231 0.79807692 0.01322115 0.02764423
0 0.00480769 0.71394231 0.00961538 0.02884615
0 0.19471154 0.79206731 0.01322115 0.01923077
0 0.03004808 0.55048077 0.01682692 0.00480769
0 0.70793269 0.96153846 0.01081731 0.02043269
0 0.70312500 0.93269231 0.00841346 0.01802885
0 0.71033654 0.93750000 0.00841346 0.02043269
0 0.71875000 0.89182692 0.01081731 0.02764423
0 0.77283654 0.76322115 0.01562500 0.03365385
0 0.83413462 0.76081731 0.01081731 0.01923077
0 0.83774038 0.78245192 0.01923077 0.02403846
0 0.86658654 0.65985577 0.01081731 0.02283654
0 0.91466346 0.88581731 0.01081731 0.02764423
0 0.95913462 0.81610577 0.01442308 0.03485577
0 0.99639423 0.57692308 0.00721154 0.02884615
0 0.56730769 0.88221154 0.01322115 0.01562500
0 0.57091346 0.84975962 0.01081731 0.01562500
0 0.60096154 0.81250000 0.01081731 0.01442308
0 0.59375000 0.77403846 0.00841346 0.01081731
0 0.59855769 0.73317308 0.01322115 0.02043269
0 0.55889423 0.81610577 0.01081731 0.02403846
0 0.54687500 0.85817308 0.01322115 0.01923077
0 0.51081731 0.74519231 0.01442308 0.02403846
0 0.48317308 0.68028846 0.01923077 0.02403846
0 0.46995192 0.73437500 0.01081731 0.02403846
0 0.40384615 0.90625000 0.01562500 0.02043269
0 0.39663462 0.88701923 0.01562500 0.02043269
0 0.38701923 0.55288462 0.01442308 0.00961538
