0 0.11538462 0.30288462 0.03786058 0.03906250
0 0.72716346 0.10456731 0.01622596 0.03064904
0 0.67668269 0.09254808 0.02043269 0.03725962
0 0.74278846 0.01562500 0.01562500 0.02524038
0 0.73557692 0.03245192 0.00961538 0.02283654
0 0.77163462 0.00961538 0.01442308 0.01923077
0 0.77283654 0.14783654 0.01802885 0.02764423
0 0.84014423 0.23317308 0.01442308 0.02764423
0 0.92187500 0.21153846 0.02043269 0.02283654
0 0.96274038 0.00721154 0.01201923 0.01442308
0 0.99759615 0.09375000 0.00480769 0.01923077
0 0.99158654 0.10096154 0.01081731 0.01802885
0 0.00240385 0.41225962 0.00480769 0.04086538
0 0.06610577 0.44591346 0.01322115 0.02403846
0 0.14182692 0.53125000 0.01442308 0.03004808
0 0.21995192 0.51682692 0.01322115 0.02764423
0 0.48677885 0.48437500 0.01442308 0.03245192
0 0.51081731 0.45432692 0.01442308 0.03004808
0 0.50000000 0.55168269 0.01322115 0.02764423
0 0.47596154 0.56370192 0.01802885 0.04086538
0 0.48677885 0.53245192 0.01923077 0.03004808
0 0.36298077 0.54807692 0.01562500 0.03605769
0 0.40384615 0.83533654 0.01923077 0.03365385
0 0.58533654 0.74399038 0.00721154 0.04567308
0 0.51802885 0.38341346 0.00841346 0.01562500
0 0.29206731 0.40144231 0.01322115 0.01562500
0 0.59855769 0.62379808 0.01322115 0.01923077
0 0.59735577 0.55048077 0.01562500 0.02884615
0 0.65865385 0.85216346 0.03004808 0.03846154
0 0.68750000 0.68389423 0.02403846 0.03004808
0 0.61778846 0.42668269 0.00841346 0.02043269
0 0.72115385 0.68870192 0.02283654 0.02524038
0 0.79086538 0.60697115 0.01923077 0.02283654
0 0.62860577 0.43750000 0.00841346 0.02283654
0 0.87019231 0.81490385 0.01322115 0.02764423
0 0.92067308 0.67067308 0.01081731 0.02764423
0 0.98557692 0.55288462 0.00961538 0.02043269
0 0.97115385 0.53125000 0.00961538 0.01923077
