0 0.03245192 0.67307692 0.02283654 0.04326923
0 0.11538462 0.70312500 0.02403846 0.04086538
0 0.15144231 0.66826923 0.03485577 0.03485577
0 0.21754808 0.62139423 0.02403846 0.05288462
0 0.14302885 0.64062500 0.02283654 0.04086538
0 0.23918269 0.57932692 0.02403846 0.03966346
0 0.70072115 0.51442308 0.01201923 0.02884615
0 0.75240385 0.51322115 0.01923077 0.02644231
0 0.76802885 0.55168269 0.01682692 0.03605769
0 0.66586538 0.51442308 0.02403846 0.02884615
0 0.59855769 0.51081731 0.02403846 0.02163462
0 0.61899038 0.60697115 0.01923077 0.03485577
0 0.59855769 0.56850962 0.02043269 0.04086538
0 0.61658654 0.70673077 0.02283654 0.03485577
0 0.72115385 0.73317308 0.03125000 0.03485577
0 0.53605769 0.68389423 0.02283654 0.03605769
0 0.79927885 0.52403846 0.01562500 0.02524038
