0 0.38581731 0.45192308 0.01201923 0.02403846
0 0.26442308 0.54687500 0.02043269 0.03365385
0 0.34735577 0.60336538 0.02644231 0.04206731
0 0.41586538 0.50600962 0.01201923 0.03004808
0 0.42187500 0.68750000 0.02043269 0.04326923
0 0.48557692 0.73317308 0.02043269 0.03846154
0 0.47115385 0.67668269 0.01682692 0.03485577
0 0.46514423 0.63221154 0.01682692 0.03846154
0 0.43750000 0.65264423 0.01201923 0.02884615
0 0.38701923 0.68509615 0.02884615 0.03485577
0 0.31971154 0.67187500 0.02524038 0.04086538
0 0.32091346 0.51201923 0.02524038 0.05168269
0 0.34134615 0.78365385 0.01562500 0.02644231
0 0.31971154 0.73557692 0.02163462 0.03846154
0 0.33293269 0.87259615 0.02163462 0.05649038
0 0.23557692 0.58413462 0.01562500 0.03245192
0 0.43990385 0.89903846 0.02524038 0.03365385
0 0.25841346 0.85336538 0.02403846 0.03846154
0 0.43389423 0.53365385 0.02403846 0.03485577
0 0.24519231 0.59495192 0.01322115 0.02043269
0 0.51682692 0.69350962 0.01562500 0.02524038
0 0.68269231 0.94711538 0.01802885 0.02524038
0 0.66947115 0.93870192 0.01322115 0.02043269
0 0.96995192 0.87019231 0.01201923 0.02163462
0 0.61177885 0.81730769 0.01562500 0.03846154
0 0.60216346 0.82572115 0.00721154 0.01682692
