0 0.34975962 0.22235577 0.03665865 0.07451923
0 0.03245192 0.19831731 0.02524038 0.03305288
0 0.77644231 0.23076923 0.03846154 0.05468750
0 0.90745192 0.03966346 0.03365385 0.03966346
0 0.66586538 0.40745192 0.02403846 0.02163462
0 0.73437500 0.29326923 0.03125000 0.05528846
0 0.71634615 0.37500000 0.03004808 0.04687500
0 0.86057692 0.28725962 0.03125000 0.05288462
0 0.83413462 0.23317308 0.01802885 0.02884615
0 0.85456731 0.18389423 0.02043269 0.03125000
0 0.86177885 0.15985577 0.02524038 0.05168269
0 0.84134615 0.15144231 0.02043269 0.03365385
0 0.81730769 0.19350962 0.02884615 0.04687500
0 0.78245192 0.27043269 0.02524038 0.03004808
0 0.79927885 0.21875000 0.01322115 0.03725962
0 0.28365385 0.81250000 0.01742788 0.03786058
0 0.27644231 0.81009615 0.01742788 0.03966346
0 0.09975962 0.59495192 0.02524038 0.05168269
0 0.15024038 0.84975962 0.02644231 0.04687500
0 0.17307692 0.90625000 0.02884615 0.04206731
0 0.12259615 0.56009615 0.02283654 0.04807692
0 0.23317308 0.85096154 0.02163462 0.05528846
0 0.35817308 0.59975962 0.02283654 0.04687500
0 0.31370192 0.83293269 0.02644231 0.05048077
0 0.28485577 0.85817308 0.01682692 0.03485577
0 0.27043269 0.73557692 0.01682692 0.04206731
0 0.27283654 0.74879808 0.01682692 0.04326923
0 0.18028846 0.77884615 0.01442308 0.03846154
0 0.23557692 0.70552885 0.01682692 0.04687500
0 0.64903846 0.87620192 0.02163462 0.03725962
0 0.57331731 0.94471154 0.00721154 0.04326923
0 0.58052885 0.87259615 0.01802885 0.03846154
0 0.66225962 0.62139423 0.01802885 0.03966346
