0 0.70552885 0.02524038 0.02163462 0.02644231
0 0.31850962 0.68269231 0.01201923 0.03245192
0 0.16826923 0.55528846 0.01442308 0.02283654
0 0.03846154 0.62139423 0.01442308 0.02764423
0 0.12259615 0.65024038 0.01682692 0.01923077
0 0.18750000 0.61899038 0.01201923 0.01442308
0 0.19230769 0.68509615 0.01442308 0.02524038
0 0.20913462 0.71033654 0.01201923 0.02163462
0 0.23076923 0.71153846 0.02163462 0.03966346
0 0.24158654 0.76081731 0.01442308 0.03004808
0 0.21514423 0.77163462 0.02524038 0.02283654
0 0.17668269 0.73076923 0.02283654 0.03245192
0 0.14663462 0.76923077 0.02163462 0.03125000
0 0.10456731 0.73076923 0.01322115 0.01923077
0 0.06730769 0.68990385 0.01923077 0.03245192
0 0.10817308 0.79687500 0.01682692 0.03004808
0 0.13581731 0.84735577 0.01201923 0.03004808
0 0.12139423 0.92067308 0.01802885 0.02764423
0 0.01923077 0.67788462 0.01442308 0.02163462
0 0.02884615 0.71033654 0.01322115 0.02163462
0 0.23557692 0.93269231 0.02764423 0.03846154
0 0.03245192 0.88822115 0.02524038 0.04326923
