0 0.06971154 0.38100962 0.03846154 0.05228365
0 0.58653846 0.16466346 0.03966346 0.05889423
0 0.52524038 0.34254808 0.04567308 0.05048077
0 0.75480769 0.24519231 0.01923077 0.03365385
0 0.70312500 0.14182692 0.01802885 0.03846154
0 0.76562500 0.13942308 0.01923077 0.03004808
0 0.82331731 0.19230769 0.02283654 0.04687500
0 0.99639423 0.25480769 0.00721154 0.03365385
0 0.99519231 0.00841346 0.00961538 0.01682692
0 0.14903846 0.70673077 0.02463942 0.02944712
0 0.11658654 0.68149038 0.03485577 0.04206731
0 0.09254808 0.74879808 0.02283654 0.04206731
0 0.22235577 0.84975962 0.01562500 0.03125000
0 0.13221154 0.90625000 0.02764423 0.04326923
0 0.06009615 0.81009615 0.01201923 0.03485577
0 0.05048077 0.98918269 0.01442308 0.02163462
0 0.00721154 0.98317308 0.01442308 0.03365385
0 0.00600962 0.94350962 0.01201923 0.04086538
0 0.03485577 0.96754808 0.01201923 0.03004808
0 0.08774038 0.98918269 0.02644231 0.02163462
0 0.15985577 0.98076923 0.02644231 0.03846154
0 0.15625000 0.81971154 0.02403846 0.04927885
0 0.23317308 0.89543269 0.01562500 0.03365385
0 0.04206731 0.84375000 0.02403846 0.03725962
0 0.08173077 0.61538462 0.02043269 0.02403846
0 0.25240385 0.89182692 0.01442308 0.02043269
0 0.06971154 0.63221154 0.01562500 0.02403846
