0 0.89783654 0.37740385 0.06610577 0.04987981
0 0.15985577 0.75000000 0.01682692 0.02524038
0 0.17788462 0.75721154 0.01442308 0.02163462
0 0.22475962 0.67788462 0.01682692 0.02644231
0 0.21634615 0.69110577 0.00961538 0.03485577
0 0.25600962 0.65504808 0.01201923 0.02764423
0 0.25600962 0.78966346 0.01201923 0.02403846
0 0.33653846 0.87500000 0.00961538 0.02283654
0 0.41346154 0.86418269 0.00961538 0.02283654
0 0.44471154 0.65625000 0.00961538 0.05288462
0 0.20072115 0.60937500 0.01201923 0.01923077
0 0.60697115 0.99158654 0.01682692 0.01682692
0 0.64903846 0.89903846 0.01201923 0.02884615
0 0.66466346 0.81971154 0.01682692 0.05048077
0 0.78245192 0.56370192 0.01322115 0.02764423
0 0.47596154 0.75600962 0.01923077 0.03605769
0 0.49038462 0.64663462 0.01442308 0.02644231
0 0.46274038 0.67788462 0.01442308 0.03966346
0 0.48798077 0.57692308 0.01682692 0.03485577
0 0.99519231 0.51322115 0.00961538 0.02644231
