0 0.88341346 0.04807692 0.01682692 0.03245192
0 0.61298077 0.61658654 0.01322115 0.02524038
0 0.34855769 0.64182692 0.01081731 0.01562500
0 0.32812500 0.54927885 0.02043269 0.02644231
0 0.35336538 0.67908654 0.00961538 0.01923077
0 0.34855769 0.66346154 0.00961538 0.01923077
0 0.33293269 0.63100962 0.01442308 0.03365385
0 0.46274038 0.63581731 0.01442308 0.04086538
0 0.42548077 0.94230769 0.01442308 0.02043269
0 0.26442308 0.84975962 0.02163462 0.03004808
0 0.24038462 0.68028846 0.01923077 0.04086538
0 0.30889423 0.45312500 0.00841346 0.02043269
0 0.19230769 0.69711538 0.01322115 0.02644231
0 0.54086538 0.51442308 0.00961538 0.01442308
0 0.14062500 0.60336538 0.01923077 0.01923077
0 0.31971154 0.44591346 0.00600962 0.02163462
0 0.43269231 0.92908654 0.01081731 0.02043269
0 0.54807692 0.51442308 0.01442308 0.02884615
0 0.06490385 0.81370192 0.00961538 0.02644231
0 0.01322115 0.66706731 0.00961538 0.02403846
0 0.37500000 0.49639423 0.01081731 0.01923077
