0 0.59735577 0.42187500 0.01562500 0.03365385
0 0.62259615 0.42908654 0.01322115 0.02884615
0 0.65144231 0.34375000 0.03004808 0.03245192
0 0.72956731 0.32812500 0.01322115 0.02764423
0 0.70192308 0.31490385 0.01562500 0.02283654
0 0.66947115 0.30889423 0.01562500 0.02403846
0 0.68149038 0.14062500 0.01322115 0.03245192
0 0.64903846 0.15384615 0.01562500 0.03004808
0 0.66466346 0.03605769 0.01562500 0.03245192
0 0.59134615 0.04086538 0.02043269 0.03365385
0 0.52283654 0.03846154 0.01923077 0.02764423
0 0.56490385 0.55889423 0.03125000 0.02343750
0 0.99158654 0.65264423 0.01682692 0.04567308
