0 0.89903846 0.04086538 0.02283654 0.04086538
0 0.81730769 0.08173077 0.02524038 0.04326923
0 0.74879808 0.00600962 0.01201923 0.01201923
0 0.75000000 0.16706731 0.02524038 0.03245192
0 0.68389423 0.20793269 0.01682692 0.03245192
0 0.69591346 0.16105769 0.01442308 0.03004808
0 0.69951923 0.11538462 0.01802885 0.03125000
0 0.73197115 0.13461538 0.02163462 0.03485577
0 0.77524038 0.16586538 0.02524038 0.03605769
0 0.84615385 0.15504808 0.01442308 0.03004808
0 0.82451923 0.25721154 0.01442308 0.02524038
0 0.85096154 0.21634615 0.01923077 0.03605769
0 0.83413462 0.35576923 0.02283654 0.05288462
0 0.91466346 0.07932692 0.01802885 0.03485577
0 0.73317308 0.38341346 0.02403846 0.03125000
0 0.89423077 0.33653846 0.02163462 0.03605769
0 0.73557692 0.00480769 0.01442308 0.00961538
0 0.92668269 0.07572115 0.01322115 0.02163462
0 0.65384615 0.17668269 0.01682692 0.02163462
0 0.08413462 0.48677885 0.04086538 0.04567308
0 0.10576923 0.73918269 0.02524038 0.03605769
0 0.03485577 0.88581731 0.01923077 0.04927885
0 0.10817308 0.91346154 0.02163462 0.03004808
0 0.30408654 0.41105769 0.01682692 0.02403846
