0 0.26682692 0.26923077 0.03425481 0.02223558
0 0.55889423 0.66346154 0.01682692 0.00961538
0 0.68028846 0.53966346 0.01802885 0.03365385
0 0.89543269 0.60456731 0.01322115 0.03605769
0 0.88100962 0.60216346 0.01442308 0.03365385
0 0.66105769 0.42307692 0.01201923 0.03004808
0 0.95793269 0.53725962 0.02163462 0.03365385
0 0.98918269 0.53004808 0.01682692 0.02764423
0 0.95432692 0.48677885 0.02283654 0.03365385
0 0.64543269 0.34855769 0.01802885 0.04206731
0 0.97596154 0.30889423 0.01322115 0.03004808
0 0.94831731 0.32451923 0.01682692 0.03365385
0 0.95913462 0.12740385 0.01682692 0.03605769
0 0.51442308 0.07331731 0.02163462 0.04326923
0 0.84615385 0.27283654 0.01682692 0.03846154
0 0.83653846 0.20312500 0.02043269 0.03846154
0 0.92307692 0.18149038 0.01442308 0.03485577
0 0.82331731 0.17908654 0.01442308 0.03004808
0 0.81370192 0.08653846 0.01442308 0.03004808
