0 0.73076923 0.66346154 0.00961538 0.01502404
0 0.72956731 0.66346154 0.00600962 0.01442308
0 0.74639423 0.65264423 0.00841346 0.01322115
0 0.66586538 0.67788462 0.00841346 0.02043269
0 0.61418269 0.66105769 0.01322115 0.01562500
0 0.60336538 0.66826923 0.00841346 0.01923077
0 0.60456731 0.69591346 0.01201923 0.02163462
0 0.62019231 0.54447115 0.01322115 0.02043269
0 0.62860577 0.67067308 0.00841346 0.01442308
0 0.64783654 0.69951923 0.00841346 0.02644231
0 0.65625000 0.70192308 0.00480769 0.02043269
