0 0.00600962 0.05649038 0.01201923 0.03125000
0 0.37740385 0.33173077 0.01442308 0.01442308
0 0.37139423 0.33173077 0.00721154 0.01442308
0 0.42908654 0.31250000 0.00961538 0.02403846
0 0.42548077 0.24399038 0.01322115 0.02043269
0 0.42908654 0.22475962 0.01562500 0.02403846
0 0.50961538 0.27163462 0.01081731 0.02283654
0 0.51201923 0.19350962 0.02283654 0.03245192
0 0.58894231 0.16826923 0.01081731 0.01442308
0 0.59014423 0.20552885 0.00841346 0.02043269
0 0.49158654 0.12019231 0.01322115 0.02043269
0 0.47475962 0.12620192 0.01322115 0.02524038
0 0.43028846 0.02163462 0.02043269 0.02764423
0 0.47235577 0.01923077 0.01322115 0.02884615
0 0.11538462 0.98197115 0.01502404 0.03545673
0 0.10216346 0.97836538 0.01562500 0.03365385
0 0.17187500 0.91947115 0.02283654 0.03365385
0 0.22235577 0.90625000 0.01322115 0.03004808
0 0.20552885 0.91346154 0.01562500 0.02764423
0 0.17187500 0.86899038 0.01923077 0.03365385
0 0.19591346 0.69591346 0.01322115 0.03245192
0 0.16466346 0.71634615 0.01562500 0.03245192
0 0.17067308 0.51081731 0.01562500 0.03485577
0 0.06009615 0.67067308 0.02043269 0.03004808
0 0.06250000 0.59735577 0.01562500 0.02764423
0 0.13581731 0.58293269 0.01442308 0.03245192
0 0.04447115 0.57211538 0.01442308 0.02884615
0 0.03846154 0.48918269 0.01442308 0.02884615
0 0.68509615 0.95913462 0.01622596 0.02524038
