0 0.49399038 0.17668269 0.03125000 0.04567308
0 0.03846154 0.07812500 0.03485577 0.01923077
0 0.90745192 0.37740385 0.01262019 0.01502404
0 0.90745192 0.37259615 0.00600962 0.01442308
0 0.91947115 0.36658654 0.00961538 0.01442308
0 0.77884615 0.39423077 0.01081731 0.01562500
0 0.77163462 0.37740385 0.00841346 0.01923077
0 0.77163462 0.42067308 0.01322115 0.02043269
0 0.79567308 0.25480769 0.01322115 0.02043269
0 0.75721154 0.30769231 0.01081731 0.02403846
0 0.67187500 0.27524038 0.01802885 0.02403846
0 0.63221154 0.23317308 0.01322115 0.02283654
0 0.62139423 0.23197115 0.01322115 0.01923077
0 0.68269231 0.20793269 0.01081731 0.02403846
0 0.67908654 0.14182692 0.01322115 0.02043269
0 0.68149038 0.11899038 0.01562500 0.02403846
0 0.76201923 0.16706731 0.01081731 0.02283654
0 0.76442308 0.08774038 0.02403846 0.03245192
0 0.84254808 0.06370192 0.01081731 0.01442308
0 0.84375000 0.10336538 0.00841346 0.02043269
0 0.74519231 0.01442308 0.01322115 0.02043269
0 0.72956731 0.01682692 0.01322115 0.02524038
0 0.61057692 0.01081731 0.01923077 0.02163462
0 0.79567308 0.39302885 0.00841346 0.01442308
0 0.63701923 0.30889423 0.01442308 0.01802885
0 0.81730769 0.41346154 0.00841346 0.02884615
0 0.83413462 0.41225962 0.00961538 0.02043269
0 0.84615385 0.39543269 0.00961538 0.02043269
0 0.47956731 0.93990385 0.01322115 0.02403846
0 0.43870192 0.72716346 0.01081731 0.04206731
0 0.39543269 0.72475962 0.01562500 0.02764423
0 0.33894231 0.72235577 0.00961538 0.02403846
0 0.22956731 0.67307692 0.01081731 0.02283654
0 0.22956731 0.70072115 0.01442308 0.02043269
0 0.18028846 0.55168269 0.00961538 0.00721154
0 0.21394231 0.96875000 0.01081731 0.01562500
0 0.19350962 0.88221154 0.02283654 0.02524038
0 0.21634615 0.99759615 0.00961538 0.00480769
0 0.21153846 0.98918269 0.00961538 0.02163462
0 0.20072115 0.95913462 0.01562500 0.04447115
0 0.33413462 0.96033654 0.01442308 0.03485577
0 0.17427885 0.78245192 0.00841346 0.02043269
0 0.40985577 0.83533654 0.00961538 0.01562500
0 0.00600962 0.92668269 0.01201923 0.01682692
0 0.18509615 0.77283654 0.00841346 0.01442308
0 0.41225962 0.83533654 0.01322115 0.02524038
0 0.26442308 0.55408654 0.00961538 0.01201923
0 0.24038462 0.81850962 0.00961538 0.01802885
0 0.88100962 0.98557692 0.06009615 0.02884615
