0 0.37019231 0.34855769 0.01442308 0.01923077
0 0.36899038 0.38221154 0.01562500 0.02163462
0 0.33774038 0.65144231 0.01682692 0.03846154
0 0.33293269 0.56850962 0.01322115 0.03365385
0 0.35216346 0.69350962 0.01322115 0.02524038
0 0.33653846 0.67668269 0.00841346 0.02043269
0 0.33774038 0.67427885 0.01322115 0.02163462
0 0.44471154 0.96875000 0.01201923 0.02163462
0 0.26081731 0.88461538 0.02884615 0.03725962
0 0.22956731 0.70913462 0.02163462 0.03365385
0 0.31129808 0.47115385 0.00841346 0.02043269
0 0.18509615 0.71754808 0.01322115 0.02644231
0 0.13581731 0.61899038 0.01802885 0.02644231
0 0.32692308 0.46394231 0.00841346 0.01682692
0 0.43389423 0.97836538 0.01562500 0.02163462
0 0.05168269 0.84615385 0.02043269 0.03004808
0 0.00120192 0.34975962 0.00240385 0.02163462
0 0.83774038 0.56971154 0.02043269 0.05408654
0 0.83173077 0.50120192 0.01322115 0.03365385
0 0.85817308 0.62139423 0.01322115 0.02524038
0 0.84855769 0.61538462 0.01201923 0.02043269
0 0.85456731 0.59855769 0.01322115 0.01802885
0 0.97836538 0.59735577 0.01802885 0.05048077
0 0.93389423 0.90264423 0.01802885 0.03004808
0 0.75120192 0.80408654 0.03004808 0.03846154
0 0.72716346 0.63822115 0.02163462 0.03485577
0 0.82211538 0.39302885 0.01201923 0.02163462
0 0.68149038 0.64423077 0.01322115 0.03004808
0 0.63221154 0.54086538 0.01802885 0.02644231
0 0.81009615 0.40024038 0.00841346 0.01802885
0 0.93990385 0.88822115 0.01201923 0.02163462
0 0.55048077 0.77043269 0.02163462 0.03725962
0 0.49519231 0.61538462 0.01562500 0.03004808
