0 0.56730769 0.54807692 0.01442308 0.01923077
0 0.91225962 0.47475962 0.01682692 0.04086538
0 0.47596154 0.82692308 0.02043269 0.03004808
0 0.05408654 0.83052885 0.01923077 0.03245192
0 0.00480769 0.78966346 0.00961538 0.03125000
0 0.23677885 0.74759615 0.01682692 0.02884615
0 0.25721154 0.74759615 0.01201923 0.03966346
0 0.46875000 0.65625000 0.01562500 0.03485577
0 0.20072115 0.65144231 0.01562500 0.03245192
0 0.17668269 0.66105769 0.01442308 0.03004808
0 0.41346154 0.58293269 0.01562500 0.03605769
0 0.15384615 0.57211538 0.03365385 0.02884615
0 0.01562500 0.85216346 0.01682692 0.03125000
0 0.78125000 0.79447115 0.00841346 0.01562500
0 0.77884615 0.79206731 0.00480769 0.01442308
0 0.76802885 0.78125000 0.00841346 0.01201923
0 0.84735577 0.81129808 0.00841346 0.02043269
0 0.90264423 0.79807692 0.01201923 0.01562500
0 0.91225962 0.79927885 0.00841346 0.01923077
0 0.91105769 0.83052885 0.01201923 0.02043269
0 0.89182692 0.67668269 0.01201923 0.02043269
0 0.92908654 0.72475962 0.01081731 0.02403846
0 0.99759615 0.62500000 0.00480769 0.02403846
0 0.92427885 0.58293269 0.01201923 0.02403846
0 0.88701923 0.80528846 0.00841346 0.01442308
0 0.86778846 0.83052885 0.00841346 0.02644231
0 0.85576923 0.82932692 0.00600962 0.02043269
