0 0.65024038 0.24759615 0.02163462 0.05769231
0 0.02524038 0.87740385 0.01442308 0.02884615
0 0.10817308 0.85336538 0.01442308 0.03004808
0 0.14663462 0.64302885 0.01081731 0.03725962
0 0.19471154 0.63341346 0.01562500 0.02764423
0 0.25000000 0.62500000 0.01081731 0.02524038
0 0.36057692 0.60456731 0.01322115 0.02524038
0 0.36298077 0.57932692 0.01322115 0.02403846
0 0.38341346 0.84134615 0.01923077 0.03485577
0 0.39903846 0.79326923 0.01442308 0.02403846
0 0.37019231 0.90745192 0.01442308 0.02043269
0 0.37620192 0.88581731 0.01081731 0.01802885
0 0.38341346 0.90384615 0.01081731 0.02764423
0 0.26081731 0.89423077 0.01322115 0.03846154
0 0.49639423 0.92187500 0.02043269 0.03846154
0 0.40264423 0.69591346 0.00841346 0.02043269
0 0.54447115 0.93870192 0.01802885 0.03966346
0 0.18629808 0.74158654 0.00961538 0.01442308
0 0.58894231 0.82812500 0.02043269 0.03846154
0 0.41346154 0.71153846 0.01081731 0.01923077
0 0.17788462 0.74399038 0.01081731 0.01923077
