0 0.17788462 0.25961538 0.02644231 0.04326923
0 0.87500000 0.24519231 0.01862981 0.04687500
0 0.89903846 0.22836538 0.01442308 0.03245192
0 0.83894231 0.16466346 0.01682692 0.02644231
0 0.83413462 0.14423077 0.01201923 0.02644231
0 0.79927885 0.13221154 0.01562500 0.03605769
0 0.79807692 0.27764423 0.01442308 0.03004808
0 0.71514423 0.37019231 0.01562500 0.03245192
0 0.63221154 0.35456731 0.01442308 0.03004808
0 0.59134615 0.13581731 0.02283654 0.06129808
0 0.53966346 0.11418269 0.01682692 0.02644231
0 0.47475962 0.09134615 0.01201923 0.02644231
0 0.48076923 0.39423077 0.01682692 0.03846154
0 0.86057692 0.07932692 0.01201923 0.02043269
0 0.55408654 0.23076923 0.01442308 0.01562500
