0 0.64302885 0.39182692 0.01802885 0.03846154
0 0.60817308 0.40024038 0.01802885 0.05048077
0 0.35697115 0.26562500 0.01682692 0.04086538
0 0.62019231 0.33293269 0.01562500 0.02644231
0 0.36658654 0.32331731 0.01923077 0.03365385
0 0.35456731 0.31610577 0.01201923 0.03605769
0 0.57211538 0.17908654 0.01442308 0.04206731
0 0.90745192 0.20432692 0.02283654 0.03485577
0 0.87620192 0.20913462 0.01562500 0.03125000
0 0.46754808 0.04326923 0.01802885 0.05649038
0 0.24879808 0.96274038 0.02223558 0.03125000
0 0.00360577 0.94831731 0.00721154 0.02644231
0 0.19471154 0.79326923 0.02043269 0.04567308
0 0.15865385 0.70913462 0.01802885 0.04206731
0 0.17788462 0.62620192 0.03004808 0.04567308
0 0.35456731 0.78125000 0.01201923 0.02884615
0 0.39903846 0.55528846 0.00961538 0.03365385
0 0.44471154 0.54687500 0.01923077 0.01682692
0 0.50120192 0.56850962 0.01923077 0.03125000
0 0.64663462 0.80649038 0.01201923 0.01802885
0 0.66466346 0.71274038 0.01562500 0.02764423
0 0.64663462 0.85336538 0.01081731 0.02043269
0 0.64783654 0.83533654 0.01081731 0.02043269
0 0.66466346 0.79927885 0.01442308 0.02644231
0 0.51322115 0.79687500 0.01442308 0.04326923
0 0.76682692 0.85697115 0.02283654 0.03004808
0 0.69230769 0.59855769 0.00841346 0.02283654
0 0.81009615 0.86298077 0.01562500 0.02764423
0 0.43149038 0.66586538 0.01081731 0.01562500
0 0.87500000 0.77043269 0.02043269 0.02043269
0 0.67908654 0.59014423 0.00721154 0.02403846
0 0.42548077 0.67427885 0.01442308 0.02644231
0 0.96033654 0.99038462 0.01201923 0.01923077
0 0.61778846 0.65144231 0.01201923 0.02043269
