0 0.23317308 0.41706731 0.06129808 0.04807692
0 0.69591346 0.09254808 0.04026442 0.04326923
0 0.42548077 0.56971154 0.02223558 0.04326923
0 0.46634615 0.55769231 0.01802885 0.03365385
0 0.40865385 0.49759615 0.00961538 0.01923077
0 0.37019231 0.61418269 0.01442308 0.02884615
0 0.29567308 0.69350962 0.01442308 0.02884615
0 0.21634615 0.67548077 0.01442308 0.02884615
0 0.07091346 0.70552885 0.01322115 0.03125000
0 0.02764423 0.99158654 0.01682692 0.01682692
0 0.13822115 0.56730769 0.00841346 0.01322115
0 0.03125000 0.98918269 0.00961538 0.02163462
0 0.14543269 0.56009615 0.00600962 0.01923077
0 0.98557692 0.59735577 0.01682692 0.03245192
0 0.96995192 0.50721154 0.01442308 0.02403846
0 0.97475962 0.52283654 0.00961538 0.02283654
0 0.93750000 0.49879808 0.01442308 0.02163462
0 0.93870192 0.64182692 0.01802885 0.02764423
0 0.86778846 0.72716346 0.01442308 0.02884615
0 0.78846154 0.70552885 0.02163462 0.02283654
0 0.74399038 0.49759615 0.01201923 0.01923077
0 0.63942308 0.73918269 0.01682692 0.04326923
0 0.70793269 0.59254808 0.00961538 0.01442308
0 0.71634615 0.59375000 0.01081731 0.01923077
