0 0.33653846 0.23798077 0.01923077 0.02463942
0 0.57091346 0.49879808 0.03004808 0.04687500
0 0.87259615 0.23076923 0.02283654 0.03485577
0 0.57091346 0.37740385 0.02884615 0.04687500
0 0.62259615 0.42548077 0.02524038 0.05048077
0 0.77163462 0.35096154 0.01802885 0.07331731
0 0.60817308 0.05649038 0.04447115 0.06370192
0 0.63341346 0.18870192 0.03004808 0.05528846
0 0.96153846 0.31490385 0.03725962 0.06490385
0 0.69110577 0.26802885 0.03485577 0.06370192
0 0.65144231 0.52884615 0.03365385 0.05528846
0 0.82692308 0.39062500 0.02644231 0.02884615
0 0.96754808 0.26802885 0.02043269 0.03125000
0 0.69471154 0.30528846 0.02524038 0.04447115
0 0.35096154 0.67548077 0.03365385 0.03365385
0 0.14302885 0.71274038 0.03125000 0.04687500
0 0.21995192 0.58774038 0.02524038 0.03365385
0 0.30408654 0.60697115 0.03004808 0.04206731
0 0.21995192 0.89663462 0.01802885 0.03365385
0 0.19831731 0.94471154 0.02644231 0.04326923
0 0.16706731 0.81129808 0.02884615 0.05048077
0 0.08894231 0.66105769 0.03004808 0.05048077
0 0.09735577 0.77884615 0.03004808 0.05048077
