0 0.27403846 0.42427885 0.02884615 0.02644231
0 0.50120192 0.56850962 0.02704327 0.03245192
0 0.45072115 0.42548077 0.02283654 0.03125000
0 0.52884615 0.32451923 0.03004808 0.04687500
0 0.52884615 0.24759615 0.03125000 0.04927885
0 0.32932692 0.36418269 0.03004808 0.05288462
0 0.38942308 0.51923077 0.02524038 0.04447115
0 0.50000000 0.37259615 0.02764423 0.04687500
0 0.43629808 0.40384615 0.02524038 0.04447115
0 0.42668269 0.35216346 0.02043269 0.04206731
0 0.48076923 0.36418269 0.02764423 0.04206731
0 0.49399038 0.19831731 0.02644231 0.05528846
0 0.34134615 0.46274038 0.02163462 0.03846154
0 0.39423077 0.58894231 0.02524038 0.07091346
0 0.41947115 0.49399038 0.02043269 0.02764423
0 0.75721154 0.81971154 0.02043269 0.03846154
0 0.70673077 0.77283654 0.02764423 0.04927885
0 0.84735577 0.88221154 0.02283654 0.03365385
0 0.84975962 0.72716346 0.02283654 0.04687500
0 0.81610577 0.74519231 0.03004808 0.04687500
0 0.91947115 0.78966346 0.03004808 0.04687500
0 0.87139423 0.73798077 0.02644231 0.05528846
0 0.74879808 0.77644231 0.02524038 0.03605769
0 0.76562500 0.97475962 0.03605769 0.05048077
0 0.76442308 0.89423077 0.02524038 0.04447115
