0 0.63100962 0.40504808 0.02644231 0.03125000
0 0.38942308 0.42788462 0.02644231 0.03485577
0 0.91225962 0.51322115 0.02163462 0.03605769
0 0.74278846 0.80889423 0.04086538 0.04807692
0 0.88822115 0.52043269 0.02764423 0.04086538
0 0.83774038 0.75841346 0.02403846 0.03365385
0 0.74879808 0.51802885 0.03365385 0.06490385
0 0.78846154 0.43870192 0.01923077 0.03725962
0 0.66947115 0.75600962 0.02043269 0.03725962
0 0.66466346 0.49038462 0.01201923 0.04807692
0 0.72235577 0.51802885 0.02524038 0.03966346
0 0.96153846 0.72716346 0.02163462 0.03966346
0 0.95432692 0.77043269 0.02403846 0.03966346
0 0.89543269 0.88581731 0.02163462 0.03966346
