0 0.05168269 0.12860577 0.05408654 0.04266827
0 0.66826923 0.07451923 0.02163462 0.03365385
0 0.76802885 0.10216346 0.01802885 0.03485577
0 0.72716346 0.05769231 0.02163462 0.04687500
0 0.77884615 0.05048077 0.02403846 0.04206731
0 0.78725962 0.10817308 0.02524038 0.07572115
0 0.81370192 0.09495192 0.03846154 0.04326923
0 0.82572115 0.04326923 0.03365385 0.05889423
0 0.83293269 0.17187500 0.02884615 0.06490385
0 0.91225962 0.10576923 0.03004808 0.04086538
0 0.66706731 0.16346154 0.02524038 0.04206731
0 0.75961538 0.21995192 0.02524038 0.03365385
0 0.09735577 0.87620192 0.04266827 0.05829327
0 0.34254808 0.89062500 0.03004808 0.05408654
0 0.32091346 0.98317308 0.03125000 0.03365385
0 0.08774038 0.91826923 0.02644231 0.05528846
0 0.13701923 0.92427885 0.02524038 0.04326923
0 0.00841346 0.69711538 0.01682692 0.03365385
0 0.00480769 0.90144231 0.00961538 0.03846154
0 0.00600962 0.56850962 0.01201923 0.04086538
0 0.00240385 0.83653846 0.00480769 0.03846154
0 0.04447115 0.62860577 0.02163462 0.04206731
0 0.13581731 0.62259615 0.01802885 0.04206731
0 0.18509615 0.56610577 0.03245192 0.03846154
0 0.44230769 0.52403846 0.01442308 0.02884615
0 0.06730769 0.42668269 0.02163462 0.04086538
0 0.00480769 0.43509615 0.00961538 0.03846154
0 0.19350962 0.40384615 0.01802885 0.05168269
0 0.36057692 0.37259615 0.03245192 0.06009615
0 0.15504808 0.59375000 0.02043269 0.04206731
0 0.43750000 0.36298077 0.02403846 0.04807692
0 0.14182692 0.35096154 0.02403846 0.02403846
0 0.16105769 0.37379808 0.02403846 0.04086538
0 0.12500000 0.52524038 0.02524038 0.03365385
0 0.05528846 0.81850962 0.03725962 0.05048077
