0 0.64543269 0.34855769 0.02884615 0.02884615
0 0.96634615 0.20913462 0.02884615 0.04086538
0 0.92908654 0.34975962 0.02764423 0.04206731
0 0.99519231 0.46995192 0.00961538 0.06009615
0 0.96754808 0.33894231 0.02764423 0.04807692
0 0.99278846 0.39543269 0.01442308 0.04567308
0 0.98918269 0.25600962 0.01923077 0.03365385
0 0.43629808 0.97716346 0.03125000 0.04567308
0 0.54687500 0.60576923 0.03125000 0.03966346
0 0.38461538 0.72836538 0.03245192 0.04927885
0 0.46394231 0.59735577 0.02043269 0.03966346
0 0.41826923 0.81610577 0.03125000 0.05649038
0 0.34134615 0.81370192 0.02884615 0.04807692
0 0.72596154 0.60456731 0.02403846 0.04086538
0 0.46754808 0.54567308 0.03245192 0.05769231
0 0.33052885 0.66346154 0.02884615 0.06129808
0 0.45793269 0.91586538 0.01682692 0.03245192
0 0.59975962 0.69350962 0.02764423 0.02884615
0 0.95793269 0.99278846 0.02644231 0.01442308
0 0.93389423 0.89663462 0.02163462 0.03605769
0 0.90865385 0.92548077 0.02403846 0.04927885
