0 0.36899038 0.99278846 0.02644231 0.01442308
0 0.31971154 0.81370192 0.03485577 0.05528846
0 0.40745192 0.99399038 0.03125000 0.01201923
0 0.18990385 0.76201923 0.02764423 0.05168269
0 0.98557692 0.55528846 0.02884615 0.01442308
0 0.81971154 0.65745192 0.03245192 0.05048077
0 0.80168269 0.70552885 0.03966346 0.05528846
0 0.77884615 0.56971154 0.04326923 0.04326923
0 0.71634615 0.67427885 0.04807692 0.05889423
0 0.88461538 0.69471154 0.04206731 0.05769231
0 0.93629808 0.55649038 0.03605769 0.01682692
