0 0.71394231 0.28725962 0.02644231 0.05408654
0 0.65384615 0.59495192 0.00961538 0.03605769
0 0.65865385 0.62500000 0.01923077 0.00961538
0 0.70552885 0.61778846 0.01682692 0.02403846
0 0.68870192 0.47475962 0.02163462 0.02884615
0 0.67307692 0.43870192 0.01923077 0.03245192
0 0.86177885 0.35096154 0.02884615 0.06490385
0 0.37620192 0.84735577 0.01923077 0.03966346
0 0.32331731 0.87500000 0.01442308 0.03966346
0 0.10096154 0.94831731 0.02403846 0.05288462
0 0.57451923 0.85456731 0.02403846 0.04567308
0 0.98798077 0.93990385 0.02403846 0.05769231
