0 0.53485577 0.19110577 0.01802885 0.04146635
0 0.52524038 0.30649038 0.02403846 0.03365385
0 0.54086538 0.40985577 0.01682692 0.04206731
0 0.53245192 0.17427885 0.02403846 0.04206731
0 0.58173077 0.19471154 0.03966346 0.05649038
0 0.54567308 0.24399038 0.01562500 0.03365385
0 0.51442308 0.18269231 0.01322115 0.03365385
0 0.55528846 0.24639423 0.02403846 0.03725962
0 0.52163462 0.45432692 0.02403846 0.02884615
0 0.70793269 0.08774038 0.03245192 0.06850962
0 0.47836538 0.24158654 0.01923077 0.03966346
0 0.64423077 0.04086538 0.02163462 0.03725962
0 0.38461538 0.24038462 0.00961538 0.04326923
0 0.43269231 0.02764423 0.02163462 0.04206731
0 0.56971154 0.05528846 0.01682692 0.04206731
0 0.53125000 0.05649038 0.02403846 0.04086538
0 0.39062500 0.10937500 0.02163462 0.03605769
0 0.46274038 0.43149038 0.03125000 0.05649038
0 0.76562500 0.56250000 0.01742788 0.03365385
0 0.59975962 0.89062500 0.04927885 0.06370192
0 0.43149038 0.69711538 0.03125000 0.05769231
0 0.39182692 0.84975962 0.02403846 0.06971154
0 0.66706731 0.58293269 0.03365385 0.05168269
0 0.85336538 0.89903846 0.03365385 0.05769231
0 0.77764423 0.90745192 0.01682692 0.03125000
0 0.85697115 0.73557692 0.03245192 0.04807692
0 0.87740385 0.74759615 0.02884615 0.05649038
0 0.81129808 0.81009615 0.01201923 0.02524038
0 0.75721154 0.47956731 0.02403846 0.02163462
0 0.85336538 0.82932692 0.03365385 0.04206731
0 0.64783654 0.62740385 0.02163462 0.04206731
0 0.44230769 0.49759615 0.01322115 0.03245192
0 0.44350962 0.47235577 0.01682692 0.00721154
0 0.88822115 0.48798077 0.01562500 0.03725962
0 0.68028846 0.55528846 0.03125000 0.04086538
0 0.71153846 0.74399038 0.04086538 0.05649038
0 0.74158654 0.87019231 0.03245192 0.03725962
0 0.81490385 0.97115385 0.02403846 0.04807692
0 0.55048077 0.60576923 0.01923077 0.03365385
0 0.53365385 0.55168269 0.02884615 0.04206731
0 0.50360577 0.54807692 0.02163462 0.03966346
