0 0.21033654 0.43509615 0.02163462 0.03425481
0 0.24399038 0.50480769 0.02764423 0.03966346
0 0.52283654 0.49879808 0.00721154 0.06009615
0 0.52403846 0.32572115 0.00961538 0.04086538
0 0.54086538 0.23437500 0.02163462 0.04326923
0 0.54326923 0.20432692 0.02163462 0.03245192
0 0.52283654 0.09495192 0.00721154 0.04086538
0 0.61057692 0.00360577 0.01923077 0.00721154
0 0.60937500 0.02644231 0.02163462 0.03725962
0 0.59134615 0.04206731 0.02283654 0.04927885
0 0.57812500 0.09975962 0.01682692 0.03245192
0 0.59975962 0.12740385 0.01923077 0.04086538
0 0.68750000 0.13581731 0.02403846 0.03846154
0 0.67187500 0.12620192 0.02764423 0.03605769
0 0.75120192 0.23677885 0.01802885 0.03605769
0 0.71153846 0.03605769 0.01923077 0.02764423
0 0.70312500 0.00721154 0.02163462 0.01442308
0 0.76322115 0.12259615 0.02283654 0.03605769
0 0.78245192 0.19471154 0.01923077 0.03125000
0 0.73557692 0.13942308 0.02764423 0.02644231
0 0.95192308 0.07812500 0.02403846 0.04206731
0 0.77163462 0.00600962 0.01923077 0.01201923
0 0.98798077 0.09014423 0.01923077 0.03245192
0 0.97475962 0.10096154 0.01682692 0.04206731
0 0.94471154 0.11177885 0.01682692 0.03365385
0 0.72596154 0.27043269 0.02283654 0.03846154
0 0.72235577 0.31730769 0.02283654 0.03245192
