0 0.12139423 0.18990385 0.01442308 0.03004808
0 0.12980769 0.22235577 0.01983173 0.05588942
0 0.22115385 0.29687500 0.02043269 0.02884615
0 0.93750000 0.10817308 0.03185096 0.05829327
0 0.90024038 0.18028846 0.01923077 0.03846154
0 0.98677885 0.20312500 0.01802885 0.03725962
0 0.07932692 0.55288462 0.02463942 0.03906250
0 0.67908654 0.96995192 0.03125000 0.06009615
0 0.67908654 0.92427885 0.01862981 0.03305288
0 0.79927885 0.87379808 0.02524038 0.03545673
0 0.73798077 0.87019231 0.02103365 0.04266827
0 0.78725962 0.83293269 0.02403846 0.03064904
0 0.76081731 0.80168269 0.02223558 0.04026442
0 0.59615385 0.81129808 0.02463942 0.04326923
0 0.62980769 0.83653846 0.02043269 0.03365385
0 0.65985577 0.88942308 0.02163462 0.05288462
0 0.63581731 0.86177885 0.01262019 0.02584135
0 0.61298077 0.87980769 0.02824519 0.04927885
0 0.63581731 0.97475962 0.03605769 0.05048077
0 0.57572115 0.97235577 0.03605769 0.05528846
0 0.55649038 0.79567308 0.01742788 0.02463942
0 0.55408654 0.78846154 0.01923077 0.02884615
0 0.54807692 0.98918269 0.02403846 0.02163462
0 0.49158654 0.79326923 0.02764423 0.05949519
0 0.58653846 0.73076923 0.03365385 0.04326923
0 0.49519231 0.76442308 0.03365385 0.03966346
0 0.56490385 0.67427885 0.02043269 0.04687500
0 0.53605769 0.54206731 0.02403846 0.02644231
0 0.69711538 0.96634615 0.02043269 0.05168269
0 0.41105769 0.78966346 0.00480769 0.03605769
0 0.41586538 0.96394231 0.01442308 0.03846154
0 0.42908654 0.97355769 0.01802885 0.03365385
