0 0.36177885 0.15384615 0.02223558 0.02944712
0 0.57451923 0.19831731 0.00961538 0.04567308
0 0.57331731 0.23918269 0.00721154 0.03605769
0 0.65144231 0.09375000 0.03245192 0.04927885
0 0.57331731 0.08173077 0.00721154 0.02884615
0 0.59375000 0.15384615 0.01923077 0.04206731
0 0.39182692 0.61057692 0.02163462 0.03004808
0 0.24278846 0.68990385 0.02764423 0.04927885
0 0.15144231 0.76802885 0.02163462 0.03725962
0 0.20793269 0.79206731 0.03605769 0.04927885
0 0.32211538 0.89663462 0.02163462 0.04206731
0 0.36778846 0.95552885 0.01802885 0.03966346
0 0.33653846 0.78966346 0.03125000 0.05528846
0 0.36057692 0.68990385 0.04086538 0.06610577
0 0.38341346 0.59254808 0.03605769 0.02644231
0 0.46995192 0.76682692 0.03485577 0.05048077
0 0.48437500 0.81370192 0.04807692 0.07091346
0 0.45432692 0.74759615 0.03125000 0.05288462
0 0.47836538 0.59975962 0.02403846 0.04086538
0 0.53004808 0.61057692 0.02163462 0.03245192
0 0.48197115 0.64783654 0.03245192 0.04567308
0 0.56250000 0.63701923 0.01442308 0.03846154
0 0.59495192 0.68389423 0.01322115 0.03485577
0 0.57572115 0.80528846 0.01201923 0.07211538
0 0.57812500 0.74759615 0.01682692 0.06250000
