0 0.67427885 0.60456731 0.03605769 0.05048077
0 0.67067308 0.40985577 0.02163462 0.03245192
0 0.65264423 0.40384615 0.01562500 0.03245192
0 0.72355769 0.35576923 0.02524038 0.05288462
0 0.69110577 0.31009615 0.02163462 0.03365385
0 0.57812500 0.21274038 0.02524038 0.04086538
0 0.65384615 0.24158654 0.02884615 0.05408654
0 0.60216346 0.20192308 0.02884615 0.03966346
0 0.63461538 0.17668269 0.01923077 0.03605769
0 0.77524038 0.13461538 0.02163462 0.04086538
0 0.78725962 0.18149038 0.02163462 0.03966346
0 0.74038462 0.18870192 0.02884615 0.04807692
0 0.72355769 0.25360577 0.02043269 0.03966346
0 0.74639423 0.27524038 0.02043269 0.04206731
0 0.83293269 0.28846154 0.02764423 0.04206731
0 0.79687500 0.30408654 0.03966346 0.07331731
0 0.84975962 0.35697115 0.02163462 0.04567308
0 0.85817308 0.14302885 0.02043269 0.02884615
0 0.85817308 0.14783654 0.02163462 0.03365385
0 0.87620192 0.23798077 0.02403846 0.03725962
0 0.88221154 0.34735577 0.02524038 0.03966346
0 0.85216346 0.26802885 0.02163462 0.02163462
0 0.92307692 0.15745192 0.02163462 0.03725962
0 0.81971154 0.08653846 0.02163462 0.04086538
0 0.84254808 0.01923077 0.02644231 0.03846154
0 0.86658654 0.53605769 0.02403846 0.03966346
0 0.85216346 0.57932692 0.02043269 0.04086538
