0 0.26802885 0.68870192 0.01442308 0.02043269
0 0.32812500 0.73677885 0.01322115 0.02644231
0 0.34134615 0.73798077 0.01562500 0.03004808
0 0.35096154 0.70673077 0.01682692 0.02884615
0 0.33173077 0.77043269 0.01442308 0.02524038
0 0.43509615 0.70673077 0.01442308 0.02764423
0 0.44471154 0.54086538 0.01802885 0.02283654
0 0.41105769 0.48557692 0.01682692 0.02644231
0 0.44350962 0.38701923 0.01322115 0.03125000
0 0.44350962 0.34735577 0.01322115 0.03004808
0 0.58653846 0.41346154 0.01201923 0.03004808
0 0.59375000 0.44591346 0.01923077 0.05528846
0 0.68389423 0.51802885 0.02163462 0.02764423
0 0.44230769 0.26682692 0.01562500 0.02524038
0 0.52283654 0.09014423 0.01322115 0.05288462
