0 0.39302885 0.10456731 0.01923077 0.03846154
0 0.55048077 0.07812500 0.02043269 0.03125000
0 0.52043269 0.09134615 0.03004808 0.03966346
0 0.59375000 0.16105769 0.01682692 0.03846154
0 0.60456731 0.05649038 0.02163462 0.03485577
0 0.62379808 0.13822115 0.02043269 0.03125000
0 0.58052885 0.07091346 0.02644231 0.02644231
0 0.82812500 0.04326923 0.01442308 0.03485577
0 0.81490385 0.04927885 0.01442308 0.03846154
0 0.79927885 0.05048077 0.01322115 0.03846154
0 0.78485577 0.06009615 0.01562500 0.03125000
0 0.58653846 0.24399038 0.02403846 0.03605769
0 0.58052885 0.28605769 0.02524038 0.03485577
