0 0.43990385 0.84615385 0.05168269 0.06490385
0 0.45552885 0.98197115 0.02644231 0.03605769
0 0.25120192 0.97235577 0.03605769 0.05528846
0 0.17668269 0.84855769 0.03725962 0.06009615
0 0.26682692 0.86057692 0.01802885 0.03245192
0 0.17788462 0.71754808 0.02644231 0.04206731
0 0.16586538 0.64543269 0.02644231 0.04807692
0 0.22475962 0.76322115 0.02043269 0.04086538
0 0.17788462 0.80408654 0.02524038 0.03004808
0 0.31971154 0.69831731 0.04206731 0.05649038
0 0.28846154 0.82572115 0.03365385 0.03846154
0 0.20192308 0.92668269 0.02043269 0.03846154
0 0.61899038 0.76322115 0.03004808 0.03966346
0 0.73798077 0.85697115 0.05528846 0.06670673
0 0.87740385 0.90384615 0.02403846 0.04206731
0 0.81610577 0.94831731 0.03725962 0.05048077
0 0.69471154 0.94110577 0.02524038 0.04206731
0 0.60336538 0.72836538 0.02884615 0.06250000
0 0.64543269 0.81730769 0.04687500 0.07091346
