0 0.41105769 0.26201923 0.02584135 0.03605769
0 0.38221154 0.34014423 0.02463942 0.04326923
0 0.05168269 0.41346154 0.01862981 0.03425481
0 0.07331731 0.44110577 0.01742788 0.03064904
0 0.58533654 0.49519231 0.02644231 0.04687500
0 0.73677885 0.89302885 0.03305288 0.06069712
0 0.73798077 0.68509615 0.02343750 0.03365385
0 0.74399038 0.66466346 0.01322115 0.03004808
0 0.67427885 0.60216346 0.02163462 0.04687500
0 0.70312500 0.57331731 0.02163462 0.03125000
0 0.59375000 0.56610577 0.03846154 0.01682692
0 0.52764423 0.60216346 0.02043269 0.04206731
0 0.49519231 0.58894231 0.02283654 0.03365385
0 0.52524038 0.73197115 0.02163462 0.03365385
0 0.53605769 0.77644231 0.02163462 0.03725962
