0 0.64302885 0.17908654 0.02283654 0.02884615
0 0.80889423 0.26682692 0.02884615 0.05168269
0 0.89302885 0.35096154 0.02283654 0.04326923
0 0.84134615 0.36658654 0.03846154 0.04567308
0 0.70072115 0.36778846 0.03125000 0.04326923
0 0.67908654 0.27163462 0.04326923 0.06850962
0 0.65144231 0.14663462 0.03966346 0.05528846
0 0.55649038 0.34495192 0.02524038 0.03605769
0 0.54687500 0.37620192 0.04086538 0.02644231
0 0.57331731 0.33052885 0.02524038 0.03725962
0 0.54687500 0.17427885 0.02764423 0.04807692
0 0.49278846 0.18028846 0.02403846 0.03485577
0 0.43389423 0.16706731 0.04326923 0.05288462
0 0.53846154 0.23677885 0.03605769 0.08052885
0 0.45192308 0.21634615 0.02764423 0.03725962
0 0.29206731 0.40024038 0.02644231 0.02163462
0 0.64423077 0.71634615 0.04747596 0.06310096
0 0.83653846 0.55168269 0.03786058 0.06490385
0 0.88461538 0.67668269 0.03906250 0.06610577
0 0.62980769 0.78485577 0.02704327 0.05228365
0 0.54447115 0.80769231 0.03725962 0.05348558
0 0.61538462 0.44110577 0.03245192 0.07031250
0 0.44350962 0.66466346 0.01923077 0.04326923
0 0.48317308 0.70072115 0.01682692 0.03125000
0 0.44230769 0.44831731 0.03605769 0.06009615
0 0.38221154 0.55168269 0.02884615 0.06971154
0 0.46394231 0.55889423 0.01201923 0.02764423
0 0.42788462 0.62139423 0.03485577 0.07331731
0 0.56971154 0.41105769 0.02043269 0.04086538
0 0.55288462 0.57331731 0.02884615 0.05528846
0 0.52764423 0.68629808 0.03725962 0.04326923
0 0.48798077 0.73798077 0.02884615 0.05528846
0 0.73918269 0.39783654 0.02163462 0.01682692
0 0.71394231 0.42668269 0.02764423 0.02884615
0 0.70432692 0.40384615 0.02884615 0.02884615
