0 0.04927885 0.11899038 0.01262019 0.03365385
0 0.03485577 0.20673077 0.01742788 0.03725962
0 0.64423077 0.30889423 0.03545673 0.05468750
0 0.90985577 0.28605769 0.03725962 0.05889423
0 0.93629808 0.37139423 0.03425481 0.04927885
0 0.61538462 0.33293269 0.03004808 0.05588942
0 0.59975962 0.49399038 0.03125000 0.03545673
0 0.68149038 0.27043269 0.03786058 0.06009615
0 0.54447115 0.12860577 0.02704327 0.04026442
0 0.53125000 0.23677885 0.01562500 0.03605769
0 0.46754808 0.06730769 0.03365385 0.05468750
0 0.53485577 0.06129808 0.01622596 0.03185096
0 0.57451923 0.00360577 0.01442308 0.00721154
0 0.51322115 0.09014423 0.02644231 0.04807692
0 0.60817308 0.07091346 0.02343750 0.04326923
0 0.70552885 0.04567308 0.01923077 0.04326923
0 0.74879808 0.02403846 0.03245192 0.02884615
0 0.73076923 0.02524038 0.02403846 0.05048077
0 0.69350962 0.00841346 0.02644231 0.01682692
0 0.62259615 0.22836538 0.02764423 0.04807692
0 0.56850962 0.30048077 0.03125000 0.06610577
0 0.58894231 0.36177885 0.03485577 0.05769231
0 0.22475962 0.57091346 0.01923077 0.04326923
0 0.25600962 0.98677885 0.02163462 0.02644231
0 0.22836538 0.64302885 0.02524038 0.03846154
0 0.21153846 0.82572115 0.03004808 0.04146635
0 0.19471154 0.73798077 0.02944712 0.04387019
0 0.19471154 0.57932692 0.02764423 0.04447115
0 0.17548077 0.59014423 0.01923077 0.03846154
0 0.21514423 0.56250000 0.02163462 0.02884615
0 0.16706731 0.56610577 0.02644231 0.03605769
0 0.27884615 0.73918269 0.03846154 0.07932692
0 0.21514423 0.75000000 0.02283654 0.03846154
0 0.26682692 0.55649038 0.02403846 0.01682692
0 0.53245192 0.84014423 0.01923077 0.04026442
0 0.88100962 0.99158654 0.04567308 0.01682692
0 0.64663462 0.88461538 0.03906250 0.05408654
0 0.46514423 0.96274038 0.04567308 0.07451923
0 0.55408654 0.78485577 0.03125000 0.03605769
0 0.61298077 0.90865385 0.03365385 0.05408654
0 0.91105769 0.80649038 0.01682692 0.03605769
0 0.91225962 0.78004808 0.01682692 0.02764423
0 0.91947115 0.59975962 0.02764423 0.05408654
0 0.43509615 0.77524038 0.01562500 0.03846154
0 0.50600962 0.72956731 0.02644231 0.04326923
0 0.63942308 0.60817308 0.03966346 0.06730769
0 0.53365385 0.64663462 0.03125000 0.05048077
0 0.63942308 0.83413462 0.02884615 0.03966346
0 0.67307692 0.66346154 0.02644231 0.05528846
0 0.52163462 0.81129808 0.03125000 0.04326923
0 0.67427885 0.71754808 0.02283654 0.03245192
0 0.76562500 0.90144231 0.03125000 0.03485577
0 0.79447115 0.85817308 0.02283654 0.03966346
0 0.76682692 0.86298077 0.03125000 0.04447115
