0 0.93389423 0.02283654 0.04567308 0.04567308
0 0.98317308 0.11177885 0.03365385 0.04567308
0 0.87259615 0.20673077 0.02163462 0.04447115
0 0.82211538 0.26322115 0.01802885 0.04206731
0 0.86658654 0.10336538 0.03004808 0.05528846
0 0.82932692 0.01322115 0.03846154 0.02644231
0 0.74158654 0.08653846 0.04206731 0.04927885
0 0.71875000 0.12620192 0.04807692 0.06129808
0 0.74519231 0.06971154 0.03605769 0.05649038
0 0.26201923 0.76562500 0.03665865 0.04807692
0 0.28966346 0.75000000 0.01742788 0.03245192
