0 0.15985577 0.45432692 0.02163462 0.00961538
0 0.20552885 0.27764423 0.02463942 0.04206731
0 0.73437500 0.20072115 0.01923077 0.04086538
0 0.71394231 0.34615385 0.02644231 0.03605769
0 0.72115385 0.44711538 0.01442308 0.02403846
0 0.71394231 0.19951923 0.02283654 0.03846154
0 0.78365385 0.28365385 0.02764423 0.04927885
0 0.72235577 0.28485577 0.01442308 0.03245192
0 0.68629808 0.22355769 0.01322115 0.03125000
0 0.73798077 0.29687500 0.01923077 0.04086538
0 0.82692308 0.05889423 0.03605769 0.04086538
0 0.65625000 0.29086538 0.01923077 0.03846154
0 0.56129808 0.27403846 0.01802885 0.04086538
0 0.52043269 0.25120192 0.03125000 0.02764423
0 0.56730769 0.08653846 0.02283654 0.04206731
0 0.75240385 0.12379808 0.01682692 0.04086538
0 0.72956731 0.12139423 0.02764423 0.04927885
0 0.53725962 0.24879808 0.02163462 0.05048077
0 0.59014423 0.02524038 0.03125000 0.05048077
0 0.54086538 0.01442308 0.02403846 0.02884615
0 0.72716346 0.02764423 0.01802885 0.02884615
0 0.56610577 0.23437500 0.02403846 0.03245192
0 0.63942308 0.43990385 0.02403846 0.03846154
0 0.56129808 0.04927885 0.01923077 0.04086538
0 0.80408654 0.09375000 0.01802885 0.02644231
0 0.20673077 0.71033654 0.02403846 0.03725962
0 0.22355769 0.66346154 0.04567308 0.06850962
0 0.22235577 0.92187500 0.03245192 0.04687500
0 0.12620192 0.48918269 0.02764423 0.04086538
0 0.26923077 0.77884615 0.02283654 0.03605769
0 0.15985577 0.62139423 0.04687500 0.04206731
0 0.33653846 0.78485577 0.02644231 0.05048077
0 0.31610577 0.90865385 0.02764423 0.04927885
0 0.22115385 0.80408654 0.05408654 0.05649038
0 0.24399038 0.69110577 0.02403846 0.03605769
0 0.34134615 0.84735577 0.01802885 0.04567308
0 0.26682692 0.96394231 0.02884615 0.04086538
0 0.21394231 0.96634615 0.02403846 0.05048077
0 0.48317308 0.56250000 0.00961538 0.03365385
0 0.47596154 0.76682692 0.01682692 0.04567308
0 0.46995192 0.81009615 0.02764423 0.03725962
0 0.14062500 0.83173077 0.02163462 0.02764423
0 0.13942308 0.80649038 0.01923077 0.03245192
0 0.05168269 0.54326923 0.02163462 0.03125000
0 0.03365385 0.52884615 0.02403846 0.02764423
0 0.02163462 0.48317308 0.01682692 0.04086538
0 0.08052885 0.46634615 0.01682692 0.01442308
0 0.81250000 0.87620192 0.03725962 0.06670673
