0 0.90024038 0.33413462 0.04627404 0.06670673
0 0.88461538 0.39783654 0.02403846 0.04807692
0 0.80649038 0.42067308 0.03485577 0.05048077
0 0.87139423 0.05649038 0.03125000 0.06971154
0 0.69711538 0.27884615 0.01923077 0.04326923
0 0.73798077 0.31370192 0.01923077 0.03245192
0 0.69951923 0.06129808 0.03605769 0.06009615
0 0.63341346 0.16706731 0.03846154 0.07091346
0 0.71995192 0.16706731 0.01201923 0.02644231
0 0.68509615 0.23437500 0.03485577 0.07451923
0 0.82091346 0.02884615 0.02043269 0.04206731
0 0.80889423 0.18629808 0.02884615 0.05528846
0 0.78365385 0.30168269 0.03846154 0.04326923
0 0.74038462 0.35336538 0.02764423 0.05168269
0 0.99278846 0.00961538 0.01442308 0.01923077
0 0.96875000 0.03966346 0.02884615 0.03125000
0 0.95913462 0.01562500 0.02884615 0.03125000
