0 0.32331731 0.38341346 0.01742788 0.02704327
0 0.36177885 0.45072115 0.00841346 0.01622596
0 0.41105769 0.62379808 0.01382212 0.02884615
0 0.41826923 0.60456731 0.01141827 0.01622596
0 0.23557692 0.57692308 0.01081731 0.01802885
0 0.87019231 0.39903846 0.02163462 0.03004808
0 0.51442308 0.62379808 0.00961538 0.05048077
0 0.94110577 0.32451923 0.02884615 0.04206731
0 0.81610577 0.56009615 0.03185096 0.05048077
0 0.92307692 0.59615385 0.03425481 0.05769231
0 0.91586538 0.24879808 0.02163462 0.03725962
0 0.46514423 0.89783654 0.02043269 0.03605769
0 0.48798077 0.91586538 0.02043269 0.03365385
0 0.48437500 0.86538462 0.01923077 0.03906250
0 0.50000000 0.79927885 0.01923077 0.04086538
0 0.41225962 0.66706731 0.02644231 0.03605769
0 0.76442308 0.66706731 0.03846154 0.03605769
