0 0.78605769 0.00961538 0.03365385 0.01923077
0 0.76322115 0.00721154 0.02644231 0.01442308
0 0.69831731 0.06730769 0.02644231 0.04447115
0 0.73197115 0.12259615 0.03125000 0.03365385
0 0.66706731 0.08173077 0.03185096 0.04687500
0 0.81730769 0.05288462 0.02103365 0.03064904
0 0.82932692 0.06971154 0.01983173 0.02824519
0 0.22836538 0.78125000 0.03425481 0.05288462
0 0.17668269 0.81250000 0.04086538 0.05889423
0 0.48557692 0.57091346 0.02584135 0.03605769
0 0.02524038 0.63341346 0.03185096 0.05288462
0 0.30649038 0.84134615 0.03305288 0.04447115
0 0.41947115 0.80288462 0.03425481 0.05408654
0 0.40024038 0.59495192 0.03425481 0.04747596
0 0.26923077 0.89903846 0.03665865 0.04927885
0 0.23918269 0.90024038 0.04086538 0.04086538
0 0.21033654 0.47115385 0.02103365 0.04086538
0 0.19711538 0.46995192 0.02223558 0.04687500
0 0.32331731 0.83293269 0.02223558 0.04927885
0 0.32812500 0.79927885 0.02043269 0.04507212
0 0.34615385 0.79927885 0.01802885 0.03846154
0 0.35216346 0.95673077 0.01682692 0.04086538
0 0.90625000 0.83653846 0.03846154 0.04086538
0 0.68990385 0.94471154 0.02764423 0.05228365
0 0.72716346 0.65985577 0.02043269 0.03605769
0 0.65384615 0.97596154 0.02764423 0.04807692
0 0.92668269 0.46754808 0.02944712 0.04927885
0 0.85216346 0.64423077 0.03125000 0.04627404
0 0.98677885 0.87740385 0.02644231 0.04326923
0 0.95673077 0.87019231 0.02463942 0.03305288
0 0.77403846 0.49158654 0.03004808 0.07091346
0 0.75360577 0.51682692 0.02163462 0.04086538
0 0.95072115 0.92548077 0.02764423 0.04567308
0 0.79206731 0.82451923 0.01923077 0.03245192
0 0.74158654 0.81490385 0.01923077 0.03605769
0 0.79567308 0.60216346 0.03245192 0.04447115
0 0.92548077 0.52043269 0.02524038 0.04927885
0 0.62740385 0.97475962 0.01802885 0.03245192
0 0.87620192 0.63221154 0.03485577 0.04567308
