0 0.54326923 0.36778846 0.02163462 0.04086538
0 0.67187500 0.06009615 0.01983173 0.04447115
0 0.57331731 0.31370192 0.03125000 0.06009615
0 0.57091346 0.36177885 0.02644231 0.05528846
0 0.66706731 0.14423077 0.02403846 0.03365385
0 0.68389423 0.30889423 0.02884615 0.03846154
0 0.68990385 0.22956731 0.02644231 0.04567308
0 0.69350962 0.04086538 0.02524038 0.04447115
0 0.69951923 0.01201923 0.03846154 0.02403846
0 0.71033654 0.08052885 0.01802885 0.03725962
0 0.67548077 0.05889423 0.01802885 0.04206731
0 0.71274038 0.06971154 0.02403846 0.03725962
0 0.60817308 0.24759615 0.04567308 0.07812500
0 0.67548077 0.24879808 0.02403846 0.03846154
0 0.88822115 0.02163462 0.02644231 0.04326923
0 0.62740385 0.05889423 0.02163462 0.04206731
0 0.56610577 0.00721154 0.01682692 0.01442308
0 0.03245192 0.64423077 0.02884615 0.04747596
0 0.07091346 0.43149038 0.03004808 0.05649038
0 0.03004808 0.46875000 0.05048077 0.06610577
0 0.29927885 0.40264423 0.05048077 0.02644231
0 0.34855769 0.40745192 0.04326923 0.03605769
0 0.52283654 0.48798077 0.02043269 0.03245192
0 0.42307692 0.51802885 0.01802885 0.03605769
0 0.46394231 0.47355769 0.02163462 0.04687500
0 0.41225962 0.46514423 0.02403846 0.04206731
0 0.40264423 0.52644231 0.02524038 0.07572115
0 0.37980769 0.51201923 0.03846154 0.04447115
0 0.36418269 0.45913462 0.03365385 0.05889423
0 0.35697115 0.58894231 0.02884615 0.06610577
0 0.27524038 0.51923077 0.03004808 0.04086538
0 0.52403846 0.57812500 0.02524038 0.04206731
0 0.43149038 0.63461538 0.02524038 0.03365385
0 0.44350962 0.83533654 0.02163462 0.02884615
0 0.28725962 0.92067308 0.02884615 0.05048077
0 0.02043269 0.95192308 0.02884615 0.03365385
0 0.01081731 0.96995192 0.02163462 0.05048077
0 0.19831731 0.99038462 0.02163462 0.01923077
0 0.41105769 0.92067308 0.04206731 0.06730769
0 0.43750000 0.80408654 0.03846154 0.05408654
0 0.52403846 0.99038462 0.02403846 0.01923077
0 0.50721154 0.97716346 0.02884615 0.04567308
0 0.53605769 0.82692308 0.02644231 0.04687500
0 0.54206731 0.88822115 0.03125000 0.07451923
0 0.66466346 0.49639423 0.02163462 0.03365385
0 0.56490385 0.52524038 0.01442308 0.03605769
0 0.60576923 0.47956731 0.02163462 0.04687500
0 0.56129808 0.47115385 0.00721154 0.04326923
0 0.66586538 0.58533654 0.02524038 0.04206731
0 0.57331731 0.64302885 0.02524038 0.03365385
0 0.58533654 0.83894231 0.02163462 0.02884615
0 0.56490385 0.92788462 0.01442308 0.06730769
0 0.57932692 0.80889423 0.03846154 0.05408654
0 0.66947115 0.99158654 0.03125000 0.01682692
0 0.64903846 0.98197115 0.02403846 0.03605769
0 0.67908654 0.83293269 0.02644231 0.04687500
0 0.73317308 0.83653846 0.02403846 0.03605769
0 0.78846154 0.82451923 0.04206731 0.05288462
0 0.68750000 0.89423077 0.03365385 0.07451923
0 0.77524038 0.87620192 0.02884615 0.03725962
0 0.96634615 0.66706731 0.04086538 0.05048077
