0 0.61418269 0.37980769 0.02704327 0.02824519
0 0.22836538 0.85817308 0.01562500 0.03846154
0 0.34014423 0.86057692 0.03125000 0.04807692
0 0.15985577 0.97836538 0.03605769 0.04326923
0 0.25120192 0.76923077 0.03125000 0.03846154
0 0.32331731 0.91346154 0.02043269 0.03906250
0 0.13221154 0.78004808 0.01442308 0.03605769
0 0.20673077 0.72475962 0.02524038 0.04086538
0 0.32572115 0.60817308 0.03846154 0.06490385
0 0.23076923 0.64903846 0.03245192 0.05288462
0 0.32812500 0.83293269 0.03125000 0.04086538
0 0.35336538 0.66105769 0.00961538 0.05769231
0 0.22596154 0.78245192 0.02764423 0.03966346
0 0.06971154 0.52524038 0.02163462 0.03966346
