0 0.10817308 0.51923077 0.01923077 0.01923077
0 0.90985577 0.16947115 0.04927885 0.04086538
0 0.85456731 0.15865385 0.04086538 0.09375000
0 0.78245192 0.12379808 0.03245192 0.04927885
0 0.68028846 0.26802885 0.01923077 0.03125000
0 0.77524038 0.28966346 0.01802885 0.03485577
0 0.73317308 0.24278846 0.02163462 0.04567308
0 0.78846154 0.24038462 0.02283654 0.04086538
0 0.78365385 0.27524038 0.02524038 0.04927885
0 0.83173077 0.27403846 0.03485577 0.03966346
0 0.83413462 0.23437500 0.03485577 0.05889423
0 0.83293269 0.35937500 0.03004808 0.06730769
0 0.91466346 0.31610577 0.02764423 0.03846154
0 0.66947115 0.35817308 0.02524038 0.04086538
0 0.75841346 0.42908654 0.02524038 0.03245192
0 0.37620192 0.41947115 0.04447115 0.08894231
0 0.97235577 0.96754808 0.02043269 0.04807692
