0 0.99399038 0.48918269 0.01201923 0.05528846
0 0.85456731 0.53125000 0.03064904 0.05949519
0 0.99278846 0.82211538 0.01442308 0.02884615
0 0.98918269 0.37980769 0.02163462 0.04326923
0 0.79447115 0.73557692 0.02584135 0.04927885
0 0.72355769 0.89903846 0.03365385 0.05048077
0 0.81129808 0.56610577 0.04086538 0.07271635
0 0.98557692 0.71995192 0.02884615 0.04567308
0 0.70793269 0.86899038 0.03004808 0.05408654
0 0.85817308 0.71754808 0.02043269 0.02764423
0 0.99639423 0.83653846 0.00721154 0.04326923
0 0.93028846 0.55408654 0.02403846 0.04206731
0 0.82331731 0.46514423 0.02403846 0.03725962
0 0.83052885 0.43509615 0.02283654 0.03725962
0 0.90985577 0.55168269 0.02043269 0.04447115
