0 0.19711538 0.41706731 0.02403846 0.02163462
0 0.95552885 0.14423077 0.03725962 0.04326923
0 0.95793269 0.13461538 0.03365385 0.05168269
0 0.94951923 0.01923077 0.03846154 0.03846154
0 0.84495192 0.00961538 0.03125000 0.01923077
0 0.92908654 0.18269231 0.04807692 0.08173077
0 0.29206731 0.76081731 0.03485577 0.05228365
0 0.32091346 0.74399038 0.03004808 0.04687500
0 0.92788462 0.59735577 0.01983173 0.04567308
0 0.98076923 0.81370192 0.03245192 0.06129808
0 0.96875000 0.86057692 0.01923077 0.03605769
0 0.95552885 0.61418269 0.02403846 0.04086538
0 0.89663462 0.72355769 0.03245192 0.04807692
0 0.96514423 0.70673077 0.01442308 0.03004808
0 0.94951923 0.78004808 0.02884615 0.05528846
0 0.90865385 0.51682692 0.01562500 0.04206731
0 0.94591346 0.52764423 0.02524038 0.04326923
0 0.95913462 0.43870192 0.02403846 0.02163462
0 0.98557692 0.95793269 0.02884615 0.07451923
0 0.89302885 0.54326923 0.02043269 0.02884615
