0 0.77163462 0.01201923 0.01923077 0.02403846
0 0.87620192 0.10697115 0.01622596 0.02403846
0 0.74399038 0.18149038 0.01923077 0.03305288
0 0.83173077 0.21033654 0.01742788 0.03605769
0 0.90024038 0.16706731 0.01442308 0.03245192
0 0.90985577 0.23677885 0.01682692 0.03004808
0 0.94711538 0.27884615 0.02403846 0.04687500
0 0.95793269 0.33894231 0.01562500 0.03125000
0 0.93750000 0.33533654 0.01923077 0.03846154
0 0.89182692 0.29086538 0.03004808 0.04326923
0 0.85697115 0.32211538 0.02043269 0.03004808
0 0.81250000 0.29807692 0.03004808 0.03485577
0 0.77644231 0.23197115 0.02764423 0.04687500
0 0.81370192 0.36658654 0.01682692 0.03125000
0 0.72596154 0.26322115 0.01923077 0.02764423
0 0.72596154 0.22836538 0.01682692 0.02644231
0 0.92067308 0.27764423 0.01442308 0.03004808
0 0.37259615 0.49278846 0.02463942 0.02463942
0 0.10216346 0.54086538 0.04687500 0.04146635
0 0.83774038 0.58533654 0.01442308 0.03545673
0 0.68990385 0.42307692 0.01502404 0.02403846
0 0.56129808 0.49399038 0.00721154 0.03125000
0 0.64182692 0.52163462 0.02163462 0.03966346
0 0.71394231 0.48197115 0.01442308 0.03245192
0 0.72355769 0.54567308 0.01923077 0.03125000
0 0.75961538 0.59375000 0.02403846 0.04687500
0 0.77163462 0.65144231 0.01562500 0.03125000
0 0.75240385 0.64302885 0.01923077 0.03846154
0 0.70673077 0.60456731 0.03004808 0.04326923
0 0.67067308 0.63341346 0.02043269 0.03004808
0 0.62740385 0.61057692 0.03004808 0.03485577
0 0.58894231 0.54326923 0.02764423 0.04687500
0 0.62620192 0.68269231 0.01923077 0.03125000
0 0.65504808 0.73677885 0.02043269 0.03966346
0 0.64783654 0.81850962 0.01923077 0.03004808
0 0.75600962 0.82451923 0.03125000 0.03485577
0 0.73437500 0.59254808 0.01562500 0.03004808
