0 0.06009615 0.65504808 0.03064904 0.03305288
0 0.29567308 0.47355769 0.03004808 0.04026442
0 0.24759615 0.61418269 0.02283654 0.03004808
0 0.20793269 0.50721154 0.02403846 0.04567308
0 0.11658654 0.50721154 0.03485577 0.04567308
0 0.07932692 0.68509615 0.02283654 0.03485577
0 0.48076923 0.59975962 0.01622596 0.02704327
0 0.51682692 0.56730769 0.02043269 0.03846154
0 0.59855769 0.53846154 0.01442308 0.03245192
0 0.78245192 0.43269231 0.02644231 0.00961538
0 0.72956731 0.86298077 0.01201923 0.03485577
0 0.58173077 0.70312500 0.01562500 0.02403846
0 0.44831731 0.76923077 0.01682692 0.03365385
0 0.53485577 0.79927885 0.01682692 0.03846154
0 0.60456731 0.76322115 0.01442308 0.03245192
0 0.61538462 0.82451923 0.01682692 0.03125000
0 0.65144231 0.87019231 0.02403846 0.04687500
0 0.66346154 0.92788462 0.01562500 0.03125000
0 0.64302885 0.91947115 0.01923077 0.03846154
0 0.59855769 0.88822115 0.03004808 0.04326923
0 0.56129808 0.91105769 0.02043269 0.03004808
0 0.51802885 0.88822115 0.02764423 0.03245192
0 0.48197115 0.81971154 0.02644231 0.04687500
0 0.51682692 0.95673077 0.01682692 0.03125000
0 0.62620192 0.86899038 0.01562500 0.03004808
