0 0.54326923 0.29807692 0.01923077 0.03906250
0 0.36057692 0.60096154 0.05889423 0.05829327
0 0.76322115 0.56129808 0.00961538 0.01923077
0 0.87500000 0.62980769 0.01201923 0.02283654
0 0.90264423 0.69471154 0.01322115 0.02283654
0 0.74879808 0.77764423 0.01081731 0.01682692
0 0.75841346 0.80408654 0.01442308 0.02283654
0 0.77283654 0.81250000 0.01081731 0.02524038
0 0.76682692 0.84615385 0.00841346 0.02163462
0 0.78004808 0.85216346 0.01081731 0.01682692
0 0.81490385 0.90144231 0.01201923 0.01201923
0 0.82812500 0.87860577 0.00841346 0.01802885
