0 0.02283654 0.95072115 0.02403846 0.04206731
0 0.12740385 0.79927885 0.03004808 0.04687500
0 0.02163462 0.90865385 0.02403846 0.03485577
0 0.12980769 0.87860577 0.03004808 0.04687500
0 0.05168269 0.98197115 0.02163462 0.03605769
0 0.07932692 0.90985577 0.03004808 0.04206731
0 0.09615385 0.92668269 0.02884615 0.04206731
0 0.09855769 0.73557692 0.02884615 0.05168269
0 0.65625000 0.94350962 0.02524038 0.04687500
0 0.56730769 0.79086538 0.03004808 0.03846154
0 0.51442308 0.86899038 0.03485577 0.05408654
0 0.58653846 0.74158654 0.02644231 0.04687500
0 0.53365385 0.95793269 0.03485577 0.04687500
0 0.61658654 0.75240385 0.02524038 0.04687500
0 0.65504808 0.63221154 0.03125000 0.02884615
0 0.64783654 0.87740385 0.03004808 0.05528846
0 0.59495192 0.69711538 0.03245192 0.05048077
0 0.94230769 0.63341346 0.02884615 0.03125000
0 0.70312500 0.80288462 0.02163462 0.03846154
0 0.70432692 0.83533654 0.01562500 0.03004808
0 0.59495192 0.77403846 0.02884615 0.02884615
