0 0.02043269 0.24519231 0.01322115 0.01862981
0 0.03605769 0.12259615 0.00961538 0.02043269
0 0.28125000 0.23677885 0.01562500 0.02103365
0 0.85937500 0.34014423 0.02463942 0.03305288
0 0.92908654 0.39062500 0.02584135 0.04026442
0 0.99639423 0.33653846 0.00721154 0.04326923
0 0.85576923 0.48677885 0.02524038 0.04326923
0 0.73197115 0.85697115 0.03906250 0.05228365
0 0.76562500 0.91706731 0.03004808 0.04146635
0 0.62860577 0.80769231 0.03425481 0.03665865
0 0.58653846 0.81250000 0.02524038 0.05288462
0 0.81250000 0.54807692 0.02884615 0.03846154
0 0.71754808 0.88822115 0.03545673 0.04747596
0 0.98918269 0.65985577 0.02163462 0.06009615
0 0.66826923 0.85576923 0.03425481 0.05228365
0 0.83774038 0.86418269 0.02944712 0.04146635
0 0.77524038 0.54206731 0.03125000 0.02644231
0 0.76442308 0.78725962 0.02824519 0.04447115
0 0.50841346 0.61177885 0.03125000 0.06069712
0 0.63942308 0.83413462 0.02584135 0.03786058
0 0.59254808 0.58413462 0.02524038 0.04747596
0 0.64903846 0.97956731 0.01802885 0.03365385
