0 0.32812500 0.57692308 0.01081731 0.03245192
0 0.44831731 0.49038462 0.00961538 0.01442308
0 0.43990385 0.55649038 0.01802885 0.02884615
0 0.42908654 0.59134615 0.00961538 0.02043269
0 0.40504808 0.58653846 0.02403846 0.04447115
0 0.39543269 0.64423077 0.01322115 0.02764423
0 0.41225962 0.63942308 0.01802885 0.03245192
0 0.45432692 0.60456731 0.02524038 0.03725962
0 0.40625000 0.80408654 0.02884615 0.03245192
0 0.57812500 0.82091346 0.01322115 0.02283654
0 0.59014423 0.81730769 0.02283654 0.02764423
0 0.61298077 0.82091346 0.01442308 0.02764423
0 0.61778846 0.89182692 0.01322115 0.02524038
0 0.63581731 0.89663462 0.01322115 0.02403846
0 0.65024038 0.89182692 0.01802885 0.02764423
0 0.63822115 0.92548077 0.01802885 0.03725962
