0 0.10336538 0.63221154 0.01923077 0.01442308
0 0.45312500 0.11538462 0.01201923 0.02884615
0 0.73197115 0.34254808 0.02884615 0.03966346
0 0.71754808 0.39302885 0.01682692 0.05048077
0 0.72475962 0.59735577 0.03125000 0.07451923
0 0.78846154 0.62740385 0.02884615 0.02403846
0 0.75961538 0.61538462 0.02403846 0.04807692
0 0.76442308 0.33653846 0.03485577 0.07331731
0 0.80288462 0.48197115 0.02524038 0.06730769
0 0.75120192 0.55889423 0.03245192 0.07572115
0 0.93149038 0.04567308 0.03004808 0.03725962
0 0.78004808 0.50600962 0.02403846 0.08533654
0 0.51081731 0.82572115 0.02403846 0.04146635
0 0.41947115 0.95793269 0.02043269 0.03605769
0 0.46634615 0.96995192 0.02403846 0.04086538
0 0.60697115 0.83653846 0.02163462 0.03605769
0 0.30168269 0.85336538 0.02524038 0.04447115
0 0.25480769 0.67427885 0.03125000 0.05048077
0 0.38221154 0.97956731 0.02403846 0.04086538
0 0.44230769 0.91105769 0.02644231 0.04447115
0 0.33533654 0.85216346 0.02644231 0.03966346
0 0.40625000 0.94230769 0.02403846 0.04927885
0 0.34014423 0.97596154 0.02043269 0.03245192
0 0.97115385 0.89423077 0.01802885 0.03425481
0 0.96754808 0.99038462 0.01682692 0.01923077
0 0.92307692 0.93870192 0.02043269 0.03125000
0 0.90384615 0.74759615 0.02043269 0.03485577
0 0.93629808 0.93629808 0.02524038 0.06009615
0 0.93149038 0.77283654 0.02043269 0.02884615
0 0.97956731 0.93509615 0.01682692 0.03605769
0 0.91105769 0.89783654 0.02043269 0.03605769
