0 0.86298077 0.50600962 0.01141827 0.01742788
0 0.86177885 0.50360577 0.00661058 0.01442308
0 0.84975962 0.49519231 0.00961538 0.01442308
0 0.93028846 0.51802885 0.00901442 0.02223558
0 0.99158654 0.51802885 0.01081731 0.01562500
0 0.99639423 0.50721154 0.00721154 0.01923077
0 0.97716346 0.38221154 0.01322115 0.02043269
0 0.99759615 0.21153846 0.00480769 0.03365385
0 0.92788462 0.18629808 0.01081731 0.01442308
0 0.92788462 0.22596154 0.00841346 0.02043269
0 0.97475962 0.52043269 0.00841346 0.01442308
0 0.95312500 0.53365385 0.00721154 0.00961538
0 0.93509615 0.53485577 0.00961538 0.00721154
0 0.24639423 0.76562500 0.05048077 0.02704327
0 0.80168269 0.66826923 0.01742788 0.03305288
0 0.85817308 0.67548077 0.01802885 0.03365385
0 0.86298077 0.88341346 0.04206731 0.06490385
0 0.96514423 0.84975962 0.01562500 0.03605769
0 0.84615385 0.90625000 0.01562500 0.03245192
