0 0.34855769 0.81971154 0.02584135 0.04747596
0 0.37620192 0.98677885 0.02644231 0.02644231
0 0.44230769 0.96033654 0.02944712 0.04927885
0 0.17307692 0.74038462 0.04206731 0.05889423
0 0.51322115 0.92427885 0.03004808 0.06370192
0 0.46274038 0.71514423 0.03125000 0.01201923
0 0.41586538 0.75120192 0.01802885 0.03365385
0 0.41586538 0.86298077 0.02524038 0.05649038
0 0.17427885 0.71394231 0.02644231 0.00961538
0 0.74278846 0.92908654 0.03004808 0.04146635
0 0.55048077 0.77524038 0.02223558 0.03665865
0 0.76562500 0.76322115 0.02283654 0.04326923
0 0.57812500 0.86177885 0.02884615 0.04206731
0 0.61658654 0.72235577 0.02163462 0.02644231
0 0.77403846 0.72115385 0.03365385 0.02403846
0 0.63461538 0.76802885 0.02884615 0.05168269
0 0.79807692 0.83774038 0.03485577 0.05649038
0 0.61778846 0.86658654 0.01682692 0.03725962
