0 0.18870192 0.17307692 0.01141827 0.01983173
0 0.18629808 0.18870192 0.00961538 0.01742788
0 0.48437500 0.06009615 0.00721154 0.03365385
0 0.93870192 0.07692308 0.04867788 0.04086538
0 0.02524038 0.67788462 0.01862981 0.03305288
0 0.06850962 0.53485577 0.00961538 0.01622596
0 0.06610577 0.54447115 0.01262019 0.01442308
0 0.06009615 0.56009615 0.01081731 0.01442308
0 0.05528846 0.57091346 0.01562500 0.01562500
0 0.13461538 0.67187500 0.00841346 0.01802885
0 0.13701923 0.69471154 0.00961538 0.01923077
0 0.12620192 0.69951923 0.01081731 0.02524038
0 0.18990385 0.58774038 0.02283654 0.01562500
0 0.27043269 0.92187500 0.01081731 0.03365385
0 0.12019231 0.85697115 0.01442308 0.02043269
0 0.06490385 0.93509615 0.01562500 0.01923077
0 0.12980769 0.90384615 0.00961538 0.01322115
0 0.14302885 0.96153846 0.01322115 0.02043269
0 0.15024038 0.98798077 0.00961538 0.02043269
0 0.16586538 0.98798077 0.01442308 0.02403846
0 0.11538462 0.99399038 0.01923077 0.01201923
0 0.03365385 0.99519231 0.01442308 0.00961538
0 0.54326923 0.72355769 0.01983173 0.02884615
