0 0.35697115 0.18629808 0.01442308 0.02103365
0 0.36778846 0.18629808 0.01081731 0.02223558
0 0.97235577 0.25841346 0.02644231 0.04807692
0 0.93509615 0.30288462 0.03605769 0.03245192
0 0.99278846 0.16466346 0.01442308 0.04086538
0 0.21153846 0.46875000 0.03545673 0.05949519
0 0.08413462 0.36057692 0.03846154 0.04326923
0 0.10096154 0.45432692 0.03605769 0.05468750
0 0.05769231 0.58533654 0.02944712 0.04447115
0 0.07451923 0.71153846 0.03305288 0.03846154
0 0.21995192 0.66706731 0.03906250 0.06850962
0 0.22475962 0.73557692 0.03305288 0.06009615
0 0.05889423 0.99399038 0.03605769 0.01201923
0 0.01682692 0.99278846 0.02884615 0.01442308
0 0.11778846 0.97596154 0.03846154 0.04807692
0 0.40384615 0.44591346 0.01923077 0.03365385
