0 0.21153846 0.14783654 0.01502404 0.03125000
0 0.22235577 0.17548077 0.02163462 0.03245192
0 0.76802885 0.30649038 0.04567308 0.02644231
0 0.13822115 0.59975962 0.03605769 0.06009615
0 0.15144231 0.85216346 0.04447115 0.05048077
0 0.17187500 0.99399038 0.04567308 0.01201923
0 0.28725962 0.84975962 0.03966346 0.04807692
0 0.26802885 0.97115385 0.03605769 0.05769231
0 0.28846154 0.90745192 0.03485577 0.05769231
0 0.34615385 0.81610577 0.03485577 0.06971154
0 0.32692308 0.89423077 0.03485577 0.05528846
0 0.33533654 0.97716346 0.04086538 0.04567308
0 0.24759615 0.84014423 0.02403846 0.03966346
0 0.78846154 0.63701923 0.02764423 0.04807692
0 0.75961538 0.81971154 0.02764423 0.04447115
0 0.66466346 0.94831731 0.02584135 0.04447115
0 0.71875000 0.87500000 0.02704327 0.03966346
0 0.69110577 0.78365385 0.02644231 0.05048077
0 0.96875000 0.57692308 0.04326923 0.01442308
0 0.61778846 0.74639423 0.03125000 0.06610577
0 0.57812500 0.76682692 0.03245192 0.05769231
0 0.77043269 0.92908654 0.02283654 0.05048077
0 0.71875000 0.57572115 0.01923077 0.01201923
0 0.71875000 0.68269231 0.02644231 0.05889423
0 0.90985577 0.98437500 0.01682692 0.03125000
0 0.60216346 0.88341346 0.02403846 0.03846154
