0 0.21754808 0.03966346 0.01442308 0.02704327
0 0.20793269 0.06490385 0.02163462 0.02944712
0 0.50721154 0.11057692 0.01081731 0.01923077
0 0.50600962 0.12620192 0.01262019 0.01742788
0 0.59495192 0.07091346 0.00901442 0.01622596
0 0.59254808 0.08052885 0.01322115 0.01442308
0 0.59855769 0.08894231 0.01322115 0.01802885
0 0.19831731 0.51923077 0.01502404 0.02403846
0 0.15865385 0.46754808 0.01862981 0.03064904
0 0.12980769 0.32091346 0.01081731 0.01742788
0 0.12860577 0.32932692 0.01442308 0.01442308
0 0.13461538 0.34014423 0.01081731 0.01442308
0 0.14182692 0.34975962 0.01442308 0.01562500
0 0.06850962 0.47716346 0.00961538 0.02403846
0 0.08173077 0.62379808 0.01322115 0.01923077
0 0.21394231 0.68028846 0.01322115 0.02403846
0 0.12860577 0.70673077 0.01562500 0.02043269
0 0.06610577 0.68028846 0.00961538 0.01322115
0 0.05769231 0.74519231 0.01322115 0.02043269
0 0.04447115 0.76201923 0.01081731 0.02403846
0 0.02644231 0.76802885 0.01562500 0.03125000
0 0.01322115 0.81250000 0.01442308 0.02884615
0 0.04447115 0.82692308 0.00961538 0.02403846
0 0.07692308 0.78605769 0.02524038 0.03125000
0 0.10576923 0.81850962 0.02043269 0.04326923
0 0.14663462 0.78365385 0.01322115 0.01923077
0 0.18509615 0.76322115 0.01923077 0.03125000
0 0.13942308 0.85576923 0.01442308 0.02524038
0 0.11538462 0.89783654 0.01081731 0.02644231
0 0.13221154 0.96394231 0.01802885 0.02644231
0 0.22956731 0.73918269 0.01322115 0.01923077
0 0.21754808 0.76802885 0.01322115 0.02043269
0 0.06971154 0.44831731 0.01081731 0.02043269
0 0.01201923 0.97956731 0.02403846 0.03605769
0 0.21394231 0.93269231 0.02163462 0.03846154
0 0.85096154 0.33052885 0.04387019 0.08713942
0 0.70552885 0.22716346 0.03605769 0.01682692
0 0.73197115 0.33293269 0.02043269 0.03605769
0 0.70552885 0.45913462 0.02403846 0.03966346
0 0.72235577 0.55769231 0.03125000 0.03846154
0 0.86057692 0.53365385 0.03485577 0.06610577
0 0.85817308 0.61298077 0.03004808 0.06370192
0 0.79086538 0.91706731 0.03485577 0.04447115
0 0.69711538 0.92187500 0.03605769 0.05048077
0 0.65985577 0.94591346 0.03365385 0.06610577
0 0.69230769 0.98437500 0.03365385 0.03125000
0 0.74639423 0.89423077 0.03485577 0.04807692
