0 0.38942308 0.10817308 0.03125000 0.05048077
0 0.38341346 0.01562500 0.03125000 0.03125000
0 0.84375000 0.05528846 0.01682692 0.03365385
0 0.79086538 0.07932692 0.01682692 0.03365385
0 0.78966346 0.27283654 0.03485577 0.05649038
0 0.63461538 0.33894231 0.01562500 0.02403846
0 0.68990385 0.24158654 0.01562500 0.03365385
0 0.63581731 0.21514423 0.01682692 0.02644231
0 0.57572115 0.28605769 0.01201923 0.04326923
0 0.80288462 0.30168269 0.01442308 0.03125000
0 0.28725962 0.58653846 0.01682692 0.03966346
0 0.31250000 0.57211538 0.01862981 0.03906250
0 0.25480769 0.51322115 0.01562500 0.02644231
0 0.25600962 0.50000000 0.00961538 0.02403846
0 0.22115385 0.48197115 0.01442308 0.03365385
0 0.22115385 0.61778846 0.01322115 0.02403846
0 0.14663462 0.70072115 0.01442308 0.03004808
0 0.06971154 0.68750000 0.01322115 0.02644231
0 0.03125000 0.48798077 0.02043269 0.05528846
0 0.27524038 0.43750000 0.01322115 0.02043269
0 0.00240385 0.57211538 0.00480769 0.01442308
0 0.97596154 0.45673077 0.01322115 0.01682692
0 0.97716346 0.50240385 0.00961538 0.01923077
0 0.97475962 0.48317308 0.00841346 0.01923077
0 0.95793269 0.45432692 0.01322115 0.02403846
0 0.89302885 0.66706731 0.02644231 0.03485577
0 0.86658654 0.50360577 0.02043269 0.02644231
0 0.82692308 0.51322115 0.01923077 0.02043269
0 0.76802885 0.42668269 0.02043269 0.02043269
0 0.68990385 0.63221154 0.01322115 0.02524038
0 0.62740385 0.50120192 0.00961538 0.02403846
0 0.57451923 0.39182692 0.00961538 0.00480769
