0 0.42307692 0.01081731 0.00961538 0.02163462
0 0.46875000 0.06009615 0.02163462 0.04807692
0 0.61057692 0.26081731 0.01322115 0.02043269
0 0.62980769 0.16947115 0.01682692 0.02884615
0 0.61177885 0.30769231 0.00841346 0.02163462
0 0.61298077 0.29206731 0.00841346 0.02043269
0 0.63100962 0.25480769 0.01322115 0.02524038
0 0.48076923 0.24759615 0.01322115 0.04086538
0 0.53365385 0.58653846 0.01081731 0.02403846
0 0.69350962 0.49278846 0.02524038 0.03365385
0 0.72716346 0.31250000 0.02524038 0.03245192
0 0.64783654 0.03966346 0.00841346 0.02163462
0 0.76562500 0.31490385 0.02163462 0.02524038
0 0.83173077 0.22836538 0.02043269 0.02403846
0 0.66105769 0.05168269 0.00841346 0.02403846
0 0.52163462 0.58052885 0.01201923 0.02163462
0 0.91826923 0.45192308 0.01322115 0.02884615
0 0.97115385 0.29567308 0.01201923 0.02764423
0 0.57812500 0.10576923 0.01081731 0.01682692
0 0.85937500 0.97596154 0.02043269 0.03365385
0 0.85096154 0.96274038 0.01201923 0.02163462
