0 0.74519231 0.12740385 0.03485577 0.03605769
0 0.65384615 0.04807692 0.03846154 0.04687500
0 0.62860577 0.06971154 0.02764423 0.04687500
0 0.54807692 0.08894231 0.04206731 0.07331731
0 0.64663462 0.38822115 0.02524038 0.03966346
0 0.66225962 0.49278846 0.03365385 0.03966346
0 0.81129808 0.46875000 0.03605769 0.06971154
0 0.80649038 0.54807692 0.03125000 0.06610577
0 0.73798077 0.86538462 0.03966346 0.04687500
0 0.63822115 0.86899038 0.03846154 0.05288462
0 0.65144231 0.98918269 0.03365385 0.02163462
0 0.62740385 0.97836538 0.03846154 0.04326923
0 0.59855769 0.89543269 0.03485577 0.06971154
0 0.63221154 0.94831731 0.03485577 0.05528846
0 0.57812500 0.98677885 0.03125000 0.02644231
0 0.68990385 0.83894231 0.03605769 0.04927885
