0 0.50000000 0.06850962 0.01201923 0.01682692
0 0.47716346 0.04326923 0.01502404 0.03846154
0 0.18028846 0.14663462 0.01322115 0.01802885
0 0.17908654 0.16105769 0.01141827 0.01862981
0 0.95552885 0.02043269 0.01382212 0.01923077
0 0.98677885 0.00961538 0.02644231 0.01923077
0 0.89543269 0.15745192 0.01923077 0.03245192
0 0.98076923 0.21153846 0.02644231 0.04086538
0 0.95312500 0.28125000 0.02403846 0.03846154
0 0.95432692 0.12860577 0.02403846 0.04927885
0 0.97115385 0.38461538 0.01682692 0.02764423
0 0.95072115 0.34134615 0.01923077 0.03605769
0 0.96394231 0.47475962 0.02163462 0.05408654
0 0.87019231 0.18750000 0.01442308 0.03125000
0 0.89302885 0.45552885 0.02283654 0.03725962
0 0.88701923 0.19711538 0.01322115 0.01923077
0 0.53004808 0.62139423 0.01081731 0.03365385
0 0.37740385 0.57692308 0.01322115 0.01923077
0 0.21514423 0.62620192 0.01322115 0.02403846
0 0.31490385 0.65625000 0.01682692 0.01923077
0 0.38100962 0.62620192 0.00961538 0.01322115
0 0.39543269 0.68629808 0.01322115 0.02163462
0 0.40264423 0.70793269 0.00961538 0.02163462
0 0.41826923 0.71153846 0.01442308 0.02884615
0 0.43509615 0.75600962 0.01322115 0.02764423
0 0.39663462 0.77644231 0.00961538 0.02644231
0 0.36899038 0.72596154 0.00961538 0.01923077
0 0.34495192 0.76322115 0.01442308 0.02403846
0 0.27884615 0.71634615 0.01322115 0.01923077
0 0.25000000 0.74879808 0.01682692 0.02764423
0 0.30649038 0.80649038 0.01322115 0.02283654
0 0.33293269 0.85216346 0.00961538 0.02403846
0 0.44591346 0.94591346 0.02163462 0.03605769
0 0.30769231 0.91586538 0.01682692 0.02764423
0 0.22956731 0.88221154 0.01682692 0.03725962
0 0.20673077 0.68389423 0.01322115 0.01923077
0 0.21875000 0.71394231 0.01322115 0.01923077
