0 0.49519231 0.99639423 0.01442308 0.00721154
0 0.46754808 0.98918269 0.01201923 0.02163462
0 0.26322115 0.88461538 0.01802885 0.03846154
0 0.53125000 0.89182692 0.01442308 0.03245192
0 0.55528846 0.90504808 0.01442308 0.03004808
0 0.31730769 0.81009615 0.01562500 0.03725962
0 0.58293269 0.82211538 0.03365385 0.03245192
0 0.62620192 0.78365385 0.00721154 0.02403846
0 0.60576923 0.78245192 0.01562500 0.02403846
0 0.29687500 0.73918269 0.02403846 0.03846154
0 0.61177885 0.61538462 0.01322115 0.03004808
0 0.57932692 0.62740385 0.01562500 0.03245192
0 0.97836538 0.57812500 0.01802885 0.03485577
0 0.97115385 0.77403846 0.04206731 0.06490385
0 0.99639423 0.93028846 0.00721154 0.04326923
0 0.81850962 0.83533654 0.01562500 0.02764423
0 0.87259615 0.73437500 0.01562500 0.03485577
0 0.81610577 0.71514423 0.01802885 0.02764423
0 0.75360577 0.78365385 0.02283654 0.04447115
0 0.99278846 0.80048077 0.01442308 0.03245192
