0 0.98798077 0.05649038 0.02403846 0.06971154
0 0.89783654 0.02163462 0.02644231 0.04326923
0 0.84615385 0.14423077 0.03365385 0.05528846
0 0.85817308 0.25360577 0.03485577 0.04206731
0 0.98197115 0.25240385 0.03605769 0.08173077
0 0.97836538 0.30649038 0.03245192 0.06730769
0 0.97355769 0.54927885 0.04326923 0.04687500
0 0.95673077 0.70432692 0.04567308 0.04687500
0 0.84014423 0.55048077 0.04206731 0.05048077
0 0.85937500 0.66586538 0.03485577 0.05889423
0 0.84375000 0.60456731 0.03365385 0.05168269
0 0.78365385 0.50841346 0.03245192 0.06370192
0 0.80168269 0.58533654 0.03365385 0.05408654
0 0.78966346 0.68509615 0.04086538 0.07091346
0 0.87620192 0.54807692 0.02403846 0.04206731
0 0.31370192 0.99519231 0.02163462 0.00961538
0 0.21153846 0.98557692 0.02403846 0.02884615
0 0.18389423 0.99038462 0.02644231 0.01923077
0 0.63822115 0.84134615 0.01201923 0.03365385
0 0.92307692 0.78004808 0.01442308 0.02163462
0 0.83774038 0.81009615 0.01682692 0.02163462
0 0.77283654 0.77884615 0.01201923 0.01562500
0 0.76682692 0.84735577 0.01562500 0.02524038
0 0.75000000 0.87259615 0.01201923 0.02524038
0 0.72836538 0.87139423 0.02163462 0.03846154
0 0.71634615 0.92187500 0.01562500 0.03004808
0 0.74519231 0.93389423 0.02524038 0.02403846
0 0.78245192 0.89423077 0.02403846 0.03365385
0 0.81370192 0.93028846 0.02163462 0.03004808
0 0.85697115 0.89062500 0.01322115 0.02043269
0 0.89423077 0.85336538 0.02043269 0.03365385
0 0.85216346 0.96153846 0.01682692 0.03004808
0 0.82331731 0.99639423 0.01201923 0.00721154
0 0.94350962 0.83894231 0.01322115 0.02163462
0 0.93269231 0.87139423 0.01322115 0.02163462
