0 0.17187500 0.53365385 0.01382212 0.02884615
0 0.94230769 0.09855769 0.01442308 0.03125000
0 0.80408654 0.39543269 0.01201923 0.03725962
0 0.96153846 0.24639423 0.01562500 0.02403846
0 0.93750000 0.31730769 0.01081731 0.01442308
0 0.93269231 0.38942308 0.01802885 0.03004808
0 0.91586538 0.41826923 0.01081731 0.02283654
0 0.89182692 0.41706731 0.02403846 0.04567308
0 0.87980769 0.47596154 0.01442308 0.03004808
0 0.90504808 0.47716346 0.02403846 0.02283654
0 0.94711538 0.43509615 0.02644231 0.03725962
0 0.98197115 0.47716346 0.02283654 0.03125000
0 0.99278846 0.56971154 0.01201923 0.03125000
0 0.94831731 0.06370192 0.01201923 0.02283654
0 0.20072115 0.62259615 0.01442308 0.02644231
0 0.09254808 0.65264423 0.01802885 0.02043269
0 0.02043269 0.62259615 0.01081731 0.01442308
0 0.00600962 0.68389423 0.01201923 0.02163462
0 0.00120192 0.70793269 0.00240385 0.02163462
0 0.00480769 0.78365385 0.00961538 0.02884615
0 0.03485577 0.72956731 0.01081731 0.02043269
0 0.05649038 0.76802885 0.01562500 0.02644231
0 0.13341346 0.71995192 0.01442308 0.02043269
0 0.16225962 0.75600962 0.01802885 0.03004808
0 0.10216346 0.81730769 0.01442308 0.02403846
0 0.07211538 0.86658654 0.01081731 0.02644231
0 0.10096154 0.93389423 0.01923077 0.03004808
0 0.18509615 0.89663462 0.01802885 0.03966346
0 0.20913462 0.68389423 0.01442308 0.02043269
0 0.19711538 0.71514423 0.01442308 0.02043269
0 0.84134615 0.82331731 0.01622596 0.02704327
0 0.80408654 0.78004808 0.02223558 0.03545673
0 0.77403846 0.61057692 0.00961538 0.00480769
0 0.78605769 0.61057692 0.01442308 0.00480769
0 0.79206731 0.61658654 0.01682692 0.01682692
0 0.72475962 0.75000000 0.01442308 0.03125000
0 0.54447115 0.65024038 0.02644231 0.01923077
0 0.73677885 0.91586538 0.01562500 0.02403846
0 0.86778846 0.98918269 0.01923077 0.02163462
0 0.71274038 0.98437500 0.01081731 0.01562500
0 0.71274038 0.77403846 0.01562500 0.02283654
