0 0.36899038 0.15144231 0.01682692 0.02944712
0 0.41225962 0.08293269 0.02223558 0.02644231
0 0.43629808 0.06490385 0.00721154 0.02884615
0 0.11778846 0.57812500 0.00600962 0.01262019
0 0.10576923 0.56971154 0.00961538 0.01442308
0 0.25721154 0.62139423 0.01382212 0.01682692
0 0.25961538 0.58413462 0.00901442 0.01802885
0 0.26201923 0.63701923 0.01442308 0.02343750
0 0.23798077 0.61538462 0.00841346 0.01442308
0 0.19471154 0.62379808 0.00961538 0.02163462
0 0.18149038 0.60216346 0.00961538 0.01322115
0 0.79326923 0.98437500 0.03966346 0.02524038
