0 0.65625000 0.66105769 0.02343750 0.03305288
0 0.67187500 0.68149038 0.01201923 0.02644231
0 0.61778846 0.90264423 0.02103365 0.03846154
0 0.62139423 0.93149038 0.02103365 0.02884615
0 0.26081731 0.35697115 0.01742788 0.03365385
0 0.20552885 0.35817308 0.01742788 0.03305288
0 0.19350962 0.55288462 0.04206731 0.06009615
0 0.24399038 0.71754808 0.04447115 0.04807692
0 0.23798077 0.96634615 0.02524038 0.03966346
0 0.03725962 0.60456731 0.01802885 0.03004808
0 0.08774038 0.52884615 0.01562500 0.03485577
0 0.03245192 0.52403846 0.01923077 0.02884615
0 0.92788462 0.83052885 0.06790865 0.04927885
