0 0.26562500 0.45793269 0.01742788 0.03064904
0 0.22475962 0.39182692 0.02343750 0.02884615
0 0.19591346 0.37500000 0.01262019 0.02824519
0 0.18389423 0.23076923 0.02163462 0.04447115
0 0.31610577 0.23076923 0.01622596 0.02944712
0 0.28966346 0.21274038 0.01742788 0.03846154
0 0.32451923 0.17067308 0.01562500 0.02764423
0 0.60456731 0.05528846 0.03125000 0.03245192
0 0.77163462 0.23557692 0.02163462 0.03786058
0 0.75240385 0.25240385 0.01682692 0.02884615
0 0.77283654 0.18750000 0.02163462 0.04086538
0 0.66105769 0.00841346 0.01923077 0.01682692
0 0.53365385 0.99278846 0.03365385 0.01442308
