0 0.26802885 0.45793269 0.02043269 0.03786058
0 0.79447115 0.08533654 0.01322115 0.01923077
0 0.75841346 0.07091346 0.02524038 0.04086538
0 0.74399038 0.12379808 0.01081731 0.03125000
0 0.85456731 0.22596154 0.01923077 0.03485577
0 0.77764423 0.26923077 0.02524038 0.03966346
0 0.71394231 0.19110577 0.01081731 0.02644231
0 0.70913462 0.35096154 0.01923077 0.04086538
0 0.64783654 0.39423077 0.01923077 0.03605769
0 0.65745192 0.34615385 0.01562500 0.03125000
0 0.66346154 0.29927885 0.01562500 0.03485577
0 0.69350962 0.32451923 0.01442308 0.02644231
0 0.73918269 0.35216346 0.02403846 0.03485577
0 0.80528846 0.34495192 0.01562500 0.03125000
0 0.79807692 0.17427885 0.01923077 0.03966346
0 0.78245192 0.44230769 0.01562500 0.02644231
0 0.80528846 0.40144231 0.02043269 0.03605769
0 0.79206731 0.52644231 0.02043269 0.05168269
0 0.86418269 0.26201923 0.01562500 0.03125000
0 0.69471154 0.55168269 0.02403846 0.03125000
0 0.85937500 0.50120192 0.02163462 0.03605769
0 0.69350962 0.20312500 0.02043269 0.03125000
0 0.74038462 0.00240385 0.01923077 0.00480769
0 0.88221154 0.26201923 0.01201923 0.01923077
0 0.61899038 0.36177885 0.01201923 0.02043269
0 0.72716346 0.01081731 0.01442308 0.02163462
0 0.32692308 0.81971154 0.02043269 0.03605769
0 0.38822115 0.96394231 0.02163462 0.03966346
0 0.39062500 0.93269231 0.02163462 0.04687500
0 0.76802885 0.76562500 0.03605769 0.03125000
