0 0.40985577 0.12019231 0.04627404 0.07932692
0 0.49399038 0.19230769 0.02463942 0.04867788
0 0.48918269 0.29086538 0.02764423 0.05769231
0 0.47956731 0.36177885 0.02584135 0.07512019
0 0.70192308 0.94471154 0.01622596 0.02343750
0 0.71033654 0.91947115 0.01262019 0.02644231
0 0.72475962 0.94471154 0.01442308 0.02524038
0 0.77884615 0.83653846 0.01442308 0.03004808
0 0.72235577 0.80168269 0.02223558 0.02824519
0 0.72115385 0.75961538 0.01562500 0.02644231
0 0.68149038 0.85697115 0.01442308 0.01923077
0 0.81129808 0.98437500 0.02764423 0.03125000
0 0.82091346 0.95312500 0.01081731 0.03846154
